timestamp,task_id,task_name,task_size,cycles_per_bit,deadline,src_node,dst_node,trust_score,execution_success,execution_time,energy_consumed,deadline_met,is_dst_malicious
0.0,0,t0,220,900.0,37,7,6,0.7315324321127091,False,229.9368108136082,2.1755872784276273,False,False
0.2,2,t2,220,900.0,25,6,7,0.7128409631743341,True,188.62552789392552,2.304735930923258,True,True
0.22,3,t3,220,150.0,24,10,7,0.7828674820569067,True,34.970370951958124,2.056432497182694,True,True
0.56,6,t6,270,200.0,40,0,6,0.7899965527055403,False,62.1665361441357,2.8412561612709415,False,False
0.6,7,t7,270,900.0,20,8,10,0.7740407428988906,False,252.16516206590563,2.87271927730475,False,False
0.68,8,t8,270,900.0,57,6,7,0.7141663257290293,True,232.99684099478776,2.574992790593534,True,True
0.95,10,t10,300,250.0,50,0,6,0.7834532883180961,False,79.21364471737064,2.92208996491271,False,False
1.02,11,t11,120,75.0,31,4,6,0.8080626079969974,True,8.590569593437584,1.2115457693150053,True,False
1.15,12,t12,300,250.0,40,0,1,0.7704691730896163,False,69.90840914829127,2.956477401190656,False,False
1.3,14,t14,170,100.0,79,2,6,0.7689763103099827,True,19.20570093134962,1.6683810258383194,True,False
1.32,15,t15,300,250.0,55,10,4,0.7901011366066535,False,69.54750011221392,3.2533271034819062,False,False
1.48,16,t16,80,50.0,96,9,8,0.7280782309428748,True,3.811137764819612,0.7999424685101797,True,False
1.71,17,t17,80,50.0,88,7,6,0.7263099652886368,True,4.25812172220837,0.8153684936243035,True,False
1.73,18,t18,170,100.0,47,10,4,0.7835557805411871,True,19.290195799819784,1.6130601209147934,True,False
1.76,19,t19,220,150.0,57,0,1,0.7644679714460058,False,26.904850238700515,2.250798623132253,True,False
1.8,20,t20,120,75.0,27,1,9,0.728731191637203,True,9.698087973675902,1.11935784600334,True,True
2.0,22,t22,270,900.0,41,3,1,0.7758280379271586,False,286.25465214942443,2.6532789286951872,False,False
2.17,23,t23,220,900.0,59,10,7,0.7827923142339505,True,192.3457018621012,2.1308943611096893,True,True
2.28,24,t24,170,100.0,33,7,6,0.7273659478010459,True,14.982183969862815,1.6992054149596714,True,False
2.29,25,t25,220,150.0,21,4,5,0.7840523191562326,False,38.030592359608434,2.110627308776911,False,False
2.64,26,t26,220,150.0,80,3,6,0.740745579461578,True,37.67559951864413,2.194978885509573,True,False
2.68,27,t27,170,700.0,24,7,6,0.7284008106632068,False,103.58741984134703,1.6086995458848101,False,False
2.72,28,t28,120,75.0,21,0,6,0.777040889218401,True,7.887571032226718,1.2181848479133233,True,False
2.79,29,t29,300,1000.0,81,10,2,0.8279149583973267,False,333.34917395515646,3.280442449651031,False,False
2.87,30,t30,300,1200.0,65,4,6,0.8074835376552393,False,327.0964547150342,2.7169538455277946,False,False
3.0,31,t31,80,50.0,33,1,7,0.7346847738227452,True,4.0164283279288,0.8576914795627002,True,True
3.05,32,t32,80,50.0,25,10,7,0.7827186497674533,True,3.8338263304963083,0.8633656985112854,True,True
3.22,33,t33,80,50.0,21,2,5,0.7450593461985718,True,4.198763309164695,0.7779965953545709,True,False
3.3,34,t34,220,150.0,40,2,6,0.7690274507704496,True,36.56991143944505,2.0008834647052236,True,False
3.32,35,t35,220,150.0,68,3,1,0.7697196589867973,False,27.03505190882548,2.4080021434628684,True,False
3.37,36,t36,270,900.0,36,6,1,0.7732009883517087,False,228.55738983949487,2.7629381416616576,False,False
3.38,37,t37,80,50.0,47,4,1,0.7623465761496596,True,3.5666919490304156,0.7372442667168936,True,False
3.76,39,t39,300,250.0,77,4,1,0.7626818264448484,True,69.98615666096573,2.8641477620239053,True,False
3.76,41,t41,300,250.0,96,2,6,0.7690775684217074,True,68.9767165163699,2.785773890106075,True,False
3.76,40,t40,170,100.0,30,9,10,0.7281601886765926,True,18.4324011999023,1.5628048576029194,True,False
3.77,42,t42,220,150.0,91,9,8,0.7290988481421992,True,36.042751311008935,2.342405011656624,True,False
4.02,43,t43,220,150.0,25,5,8,0.8054361025786557,False,34.0904074623903,2.176651901247261,False,False
4.18,44,t44,120,75.0,59,2,4,0.7648971682332292,True,10.60953737562952,1.166040426709062,True,False
4.23,45,t45,300,1000.0,71,9,8,0.730099052997537,False,307.2131521741754,3.23076944153876,False,False
4.41,46,t46,170,700.0,89,7,6,0.7232409762681246,False,100.83626915387316,1.726708758077289,False,False
4.62,47,t47,300,250.0,80,6,10,0.743961403567235,False,86.77231774072688,3.1676233153677256,False,False
4.68,48,t48,220,900.0,61,9,10,0.7291791667212425,False,193.88245101692212,2.3057147180511883,False,False
4.73,49,t49,170,100.0,28,9,5,0.7534732550887348,True,17.784113757612708,1.6937625161528922,True,False
4.74,50,t50,220,700.0,79,7,4,0.744102213197671,False,163.6114354443528,1.9953137214714802,False,False
4.77,51,t51,300,250.0,61,5,8,0.7987355623452644,False,81.72995382590996,3.0580789784428584,False,False
5.01,52,t52,120,75.0,72,1,7,0.7354217450129569,True,9.772968666389884,1.1852087740676314,True,True
5.05,53,t53,220,150.0,96,4,6,0.8007420487203163,True,32.14469934447301,2.043785096403734,True,False
5.53,56,t56,170,100.0,43,9,5,0.7538344566536267,False,17.888688786445588,1.8625085377428499,True,False
5.79,57,t57,270,200.0,73,4,5,0.7777794545912898,True,64.2115206118273,2.614117529346071,True,False
5.84,58,t58,270,200.0,53,7,6,0.7181843385609439,False,56.88799992432582,2.8527487995902954,False,False
5.97,59,t59,170,700.0,63,3,1,0.7637334476252432,False,120.24168704080988,1.6461254554320754,False,False
6.33,61,t61,270,200.0,72,10,4,0.78331533159703,True,47.4860342194965,2.481324699455461,True,False
6.33,62,t62,270,900.0,94,5,8,0.7921690329165411,False,278.0237012074441,2.6837221271932217,False,False
6.62,63,t63,300,250.0,97,10,2,0.8204851207678419,True,68.59969730105334,3.071520793522085,True,False
7.3,65,t65,270,200.0,61,5,8,0.785733834076392,True,44.851838640613586,2.8971347403815573,True,False
7.36,67,t67,220,150.0,65,1,9,0.7294590293429206,True,29.72951324735658,2.2048328655736835,True,True
7.36,66,t66,80,50.0,37,9,10,0.7240037652049995,True,4.406990039275499,0.7636077169108281,True,False
7.37,68,t68,300,250.0,52,0,5,0.8200523837569273,False,88.88092855034532,3.2966177781005515,False,False
7.39,69,t69,80,50.0,84,5,4,0.6986199092344999,True,3.461678489139222,0.8304386263945697,True,False
7.86,70,t70,170,500.0,68,3,6,0.7415128496905283,False,80.82404777392856,1.732867286989765,False,False
7.94,71,t71,270,200.0,99,8,5,0.7091296366197076,True,49.44817686020028,2.594812453101981,True,False
7.96,72,t72,170,100.0,29,5,4,0.7002296928679917,True,15.47918890889037,1.5848218740649185,True,False
8.05,73,t73,120,75.0,20,5,9,0.7083809197285905,True,8.847975573923753,1.296040487393002,True,True
8.16,75,t75,220,900.0,85,7,4,0.7386283507518994,False,221.30576096252875,2.39294890776861,False,False
8.26,76,t76,300,250.0,25,7,5,0.7284230055919779,False,70.36765708119131,3.126508080623948,False,False
8.73,78,t78,270,1000.0,20,7,6,0.7132288336079069,False,230.27653304028232,2.7884659818064375,False,False
8.81,79,t79,220,900.0,45,5,4,0.7018072808288137,False,178.53515325789243,2.124913725709446,False,False
8.83,80,t80,170,700.0,27,9,5,0.7480144341872209,False,119.13221758689656,1.5660327316922826,False,False
8.98,81,t81,300,1200.0,81,9,8,0.7249052537557682,False,323.0551169519114,2.9634501309877166,False,False
9.35,82,t82,80,50.0,61,2,6,0.7691266837199399,True,4.499755164396136,0.8758485385080785,True,False
9.47,83,t83,170,100.0,53,1,8,0.7291583444923975,True,19.946831655511033,1.8170564712116821,True,False
9.48,84,t84,220,900.0,79,10,2,0.8193778798909466,False,158.51245107145792,2.1931049433209973,False,False
9.72,85,t85,170,700.0,50,10,2,0.8121187838315891,False,113.27873005723693,1.736450989205515,False,False
9.74,86,t86,170,100.0,27,0,8,0.7589575284410539,True,18.11314837153413,1.7980766979668585,True,False
9.75,87,t87,170,700.0,68,8,5,0.7105292257054953,False,126.02584639818694,1.8507940887524457,False,False
9.78,88,t88,170,500.0,97,7,2,0.7128961196228526,True,78.12718099281977,1.729901816072528,True,False
9.96,90,t90,170,700.0,92,1,8,0.7298776391410111,False,103.12013043110647,1.782915063214726,False,False
10.02,91,t91,270,900.0,24,1,9,0.7301723102945237,True,248.69501149627595,2.581138216893581,True,True
10.03,92,t92,120,75.0,46,10,4,0.7830796916317561,True,9.57758140218574,1.2147016586085517,True,False
10.1,93,t93,120,75.0,63,2,6,0.7691748167122078,True,8.72601111671752,1.1048585783634985,True,False
10.5,95,t95,170,100.0,40,2,4,0.7651814066867465,True,18.840865386396626,1.6379244092445795,True,False
10.58,96,t96,220,150.0,61,3,1,0.7578669604909202,True,34.347987015877955,2.3940808635387274,True,False
10.63,97,t97,300,1200.0,55,10,4,0.7828487644657877,False,417.18251354754165,3.1877786945673874,False,False
10.93,99,t99,300,1000.0,26,5,8,0.785601339213046,False,354.11474390539985,3.141105014075528,False,False
11.0,100,t100,300,1200.0,79,10,4,0.7764484558431386,False,314.5935155692818,3.2422236537196842,False,False
11.01,101,t101,270,200.0,47,4,1,0.7630103717341332,True,46.06770313004789,2.472824477628593,True,False
11.38,102,t102,270,200.0,28,6,1,0.7669936352513412,False,55.35525731375665,2.5633147895779134,False,False
11.68,103,t103,220,700.0,61,8,5,0.7057268230095672,False,183.6599948037299,2.2193823167723012,False,False
11.76,104,t104,220,150.0,99,6,1,0.7609104292129811,True,37.01796218301794,2.099259601780423,True,False
11.97,106,t106,300,250.0,35,7,2,0.7140688638970623,False,64.65717846356888,2.8411125401271917,False,False
12.18,107,t107,170,100.0,99,1,7,0.7361439767793644,True,17.23761352520297,1.8120221263568577,True,True
12.18,108,t108,80,50.0,20,5,4,0.6971793170304194,True,3.2456469887878034,0.8727564788466762,True,False
12.33,109,t109,270,200.0,83,3,6,0.7360907745148996,True,62.97156219061051,2.4818019828528497,True,False
12.4,110,t110,170,100.0,99,10,2,0.8050048696934189,True,15.970512433067142,1.6555498231245223,True,False
12.5,111,t111,170,500.0,45,6,10,0.7383388421625569,False,76.57284670010233,1.7630759016518316,False,False
12.62,112,t112,300,1200.0,87,3,4,0.81395441262493,False,379.5715305651861,3.1301688031536568,False,False
12.74,113,t113,170,700.0,34,1,8,0.7244085478966524,False,95.69598571651093,1.8612785011292245,False,False
12.75,114,t114,170,500.0,64,5,4,0.6988179125079927,False,75.73922807680623,1.8406186629793462,False,False
12.78,115,t115,220,150.0,76,9,10,0.7251058717190814,True,31.53619957934553,2.106878156648006,True,False
12.93,118,t118,220,150.0,27,10,4,0.7701761533929425,False,28.50886813709329,2.228148080807828,False,False
12.95,119,t119,170,500.0,54,5,9,0.7096439680006855,True,82.83610050659344,1.6866147519404853,True,True
13.38,120,t120,170,100.0,94,3,1,0.7582918030992836,False,18.945193831713826,1.5671853888068872,True,False
13.6,121,t121,270,200.0,94,0,5,0.8129080027484555,True,61.24425693810653,2.4377226778983294,True,False
13.68,122,t122,220,900.0,65,5,9,0.7108817553073384,True,197.65336334216613,2.1239229018618286,True,True
13.71,123,t123,300,1000.0,79,4,5,0.7778060473176459,False,348.4145591193228,3.0935179061179383,False,False
13.74,124,t124,220,150.0,28,3,4,0.8070835061906132,False,39.50947693006549,1.990380481245358,False,False
13.94,127,t127,80,50.0,32,2,4,0.7654599603711935,True,4.756782135607974,0.8339938629220873,True,False
14.14,129,t129,170,500.0,69,10,7,0.782646458590286,True,91.58652878927927,1.7826775972131685,True,True
14.14,128,t128,120,75.0,76,7,2,0.7090441532857877,True,8.731618610388555,1.1569293584943763,True,False
14.21,131,t131,80,50.0,40,2,4,0.7657329429819514,False,3.8710809169412945,0.8024575092857328,True,False
14.39,132,t132,300,250.0,29,4,1,0.7633323461176323,False,70.5437256434396,2.8448149011047663,False,False
14.85,134,t134,300,1000.0,76,4,6,0.8003093895640918,False,247.48119843509812,3.2059769227237047,False,False
14.91,135,t135,270,1000.0,58,7,4,0.7332639655550433,False,232.90698463652117,2.5078683761052623,False,False
14.92,136,t136,170,100.0,48,0,8,0.7590808394106943,True,18.649311986724495,1.8684031781818726,True,False
14.98,138,t138,300,1200.0,36,8,2,0.8385002432640636,False,320.3119557566595,3.260016862185479,False,False
15.26,139,t139,120,75.0,61,9,10,0.7261859361028816,True,7.90756272672031,1.2663269032867062,True,False
15.29,140,t140,220,900.0,99,8,2,0.830986905065449,False,171.3850742539626,2.3403843492335117,False,False
15.35,141,t141,220,150.0,76,6,1,0.7611228872953882,True,34.02580453600136,2.3728617866260304,True,False
15.58,142,t142,80,50.0,68,9,5,0.7423108121701433,True,4.671118276842817,0.7984683834880784,True,False
16.02,143,t143,80,50.0,40,5,9,0.7120947868678583,True,3.871280896676437,0.8281410333689234,True,True
16.09,144,t144,300,1000.0,22,8,2,0.8236238336308067,False,240.63104729306687,2.837959701249911,False,False
16.15,146,t146,220,900.0,51,1,5,0.7230174948494004,False,160.91578538458293,2.2943984883147968,False,False
16.2,147,t147,80,50.0,56,10,7,0.7825757112366621,True,4.157634493970246,0.8043539142342082,True,True
16.3,148,t148,300,250.0,79,5,9,0.7132835577971678,True,77.55274827160588,2.7169479197205386,True,True
16.36,149,t149,120,75.0,45,9,8,0.7198153304988346,True,10.184426143724012,1.3043723431939922,True,False
16.44,150,t150,270,1000.0,84,8,2,0.8164080236248573,False,265.67978581137913,2.914949545972797,False,False
16.65,151,t151,170,500.0,47,6,10,0.7328287319859724,False,84.20320495883043,1.7208526550548737,False,False
16.77,152,t152,220,150.0,26,2,5,0.7457403410927822,False,27.674458521854344,2.156582412359922,False,False
17.1,155,t155,300,1200.0,83,2,5,0.7402337160891085,False,313.83237546042,3.2449299584343763,False,False
17.15,156,t156,270,200.0,89,10,4,0.7640292969917505,True,58.74655210993156,2.4459705183296707,True,False
17.32,157,t157,120,75.0,97,3,1,0.7525341488554798,True,9.16615653496067,1.1753766339565386,True,False
17.53,159,t159,170,100.0,40,10,4,0.764179377718582,True,16.114282941533006,1.827956234602049,True,False
17.64,160,t160,120,75.0,89,2,4,0.7598264659404942,True,7.625246127013115,1.2596146338984107,True,False
17.82,162,t162,80,50.0,78,5,4,0.6942497360760148,True,3.3054057782655444,0.823459644918658,True,False
17.85,163,t163,270,200.0,26,1,7,0.7368517639104438,True,57.56254342930638,2.7608173653197614,True,True
17.97,164,t164,120,75.0,81,8,2,0.8093365298190268,True,10.677428514549844,1.1659504571738726,True,False
18.01,165,t165,300,250.0,95,9,10,0.7272443991990057,False,76.2815968694595,3.134981644300694,True,False
18.19,166,t166,220,900.0,46,3,1,0.7530656476965519,False,185.32252349412465,2.2240131838709023,False,False
18.21,168,t168,170,100.0,77,1,9,0.7308713256270947,True,15.811763764967482,1.7168311658114335,True,True
18.21,167,t167,270,900.0,52,8,10,0.7679681098590946,False,278.5602450545809,2.6383670068571425,False,False
18.22,169,t169,170,500.0,20,5,8,0.7792974942469669,False,75.4795175062043,1.6175408671911613,False,False
18.27,170,t170,300,250.0,40,10,2,0.804207233838012,False,61.40853097723731,3.2598296369504256,False,False
18.39,171,t171,270,200.0,67,3,1,0.7474125165608028,False,58.20118135994813,2.576044530926553,True,False
18.6,172,t172,170,100.0,65,8,10,0.7620169294800946,True,18.42197276100196,1.7785826778387053,True,False
18.64,173,t173,270,900.0,62,3,1,0.7418724480477685,False,263.5090356838145,2.80328617871357,False,False
19.09,174,t174,270,200.0,42,5,9,0.7144485533078911,True,59.19464562069805,2.687585132630072,True,True
19.21,175,t175,270,200.0,61,1,9,0.7315563606530144,True,57.96960546363309,2.691465215680702,True,True
19.23,176,t176,80,50.0,38,6,1,0.7613310962161471,True,4.107456457351485,0.8443441823970226,True,False
19.35,177,t177,300,250.0,57,6,7,0.7154651810326305,False,273.19832702812914,7.395036931994433,False,True
19.42,178,t178,300,250.0,63,0,5,0.8120805093601531,False,63.31142574316636,2.7460075948978595,False,False
19.53,179,t179,170,100.0,63,5,4,0.6959469231726764,True,16.190743433416692,1.5638937614708872,True,False
19.6,180,t180,270,900.0,37,4,5,0.7716581081894748,False,206.8198029997773,2.7803637462433293,False,False
19.9,181,t181,80,50.0,85,5,9,0.7155902489084,False,10.581636450571274,1.363521524781271,False,True
19.93,182,t182,220,700.0,39,10,2,0.7972515506997133,False,148.4560837116518,2.054921230408749,False,False
20.0,183,t183,220,900.0,45,2,6,0.7692219870446303,False,214.54120565737156,2.2497532914379725,False,False
20.16,184,t184,80,50.0,37,10,2,0.7904349812241807,True,3.79608749755119,0.7749078639642841,True,False
20.34,185,t185,270,900.0,93,9,8,0.7210012057070397,False,284.53286869193283,2.458319891416613,False,False
20.61,186,t186,170,100.0,67,2,6,0.7630942139704043,True,18.60652602587433,1.7621136177996228,True,False
20.68,187,t187,220,700.0,48,1,7,0.7320511540595903,False,390.7369110598424,5.934419099506718,False,True
20.7,188,t188,170,700.0,59,10,4,0.7643264568308771,False,121.89780381366879,1.6794298350835977,False,False
20.81,191,t191,220,150.0,62,5,8,0.7731197261802093,True,38.59191728233076,1.9996972379521898,True,False
20.93,192,t192,300,1200.0,79,6,10,0.7274288240129198,False,357.1035645590366,3.143273605923924,False,False
20.95,193,t193,220,150.0,92,0,8,0.7592016841609419,True,38.974886467993,2.1747623787297217,True,False
21.08,194,t194,300,1000.0,41,5,8,0.773239513474787,False,281.6565398257893,3.078939365792877,False,False
21.14,195,t195,220,150.0,66,7,5,0.7232627272983202,True,38.95932791074592,2.0384805250769626,True,False
21.19,196,t196,120,75.0,37,4,1,0.7574738810134615,True,10.063408569737177,1.2324384777041766,True,False
21.36,198,t198,270,200.0,25,3,4,0.8003500178849828,False,56.154242696959095,2.597424713134273,False,False
21.66,199,t199,220,150.0,50,8,5,0.7010204683675577,True,36.773538652747256,2.378758840429774,True,False
21.68,200,t200,220,150.0,93,3,1,0.736443180904995,False,36.63046181126488,2.2135201036213887,True,False
21.91,201,t201,270,900.0,87,1,5,0.7178138116190791,False,229.91855380228733,2.6219024855955246,False,False
22.17,203,t203,120,75.0,85,5,8,0.7671829050234731,True,8.334757480419011,1.1624815402192465,True,False
22.2,204,t204,120,75.0,47,7,4,0.7280068680621242,True,8.40196038613997,1.0845967372594147,True,False
22.21,205,t205,300,250.0,49,0,6,0.7769307381006997,False,67.97720057768052,3.0512305838652667,False,False
22.78,208,t208,220,150.0,68,6,10,0.722136914199328,True,32.86359952455411,2.173222518526856,True,False
22.86,209,t209,220,150.0,93,9,5,0.742895262593407,True,38.56513552937959,2.292178169648797,True,False
22.96,210,t210,170,100.0,71,3,4,0.793751199345465,True,13.681974259978453,1.8596606861122404,True,False
22.98,211,t211,80,50.0,80,2,6,0.763262996357663,True,4.768707341974142,0.7626242312258341,True,False
23.26,212,t212,220,150.0,83,10,4,0.7582965943609262,True,34.85152388652068,2.4013924545693537,True,False
23.51,214,t214,300,1000.0,29,6,3,0.7084495190767103,True,272.11656433462207,2.823193434152958,True,True
23.57,215,t215,300,250.0,31,5,4,0.6976101665274046,False,83.01558813395411,2.8432639728618616,False,False
23.59,216,t216,270,200.0,41,2,5,0.7348372235855082,False,53.36298496944357,2.493923535154626,False,False
23.64,217,t217,170,700.0,92,3,6,0.7369511408427833,False,116.97660544659273,1.6198712411217184,False,False
23.87,220,t220,220,900.0,27,9,10,0.7221076930332074,False,191.5989802761462,2.1755840029141917,False,False
23.87,219,t219,80,50.0,60,9,5,0.7434680240082056,True,4.755523081066498,0.7734415524621978,True,False
23.87,218,t218,80,50.0,41,7,4,0.7290289125190637,True,4.425394005934867,0.7410491715595872,True,False
23.93,221,t221,80,50.0,86,0,6,0.7706487900053524,True,3.20241428049039,0.7604225145536756,True,False
24.28,222,t222,170,100.0,21,4,6,0.7937113835909918,True,16.45067723447766,1.604771185663993,True,False
24.41,223,t223,170,500.0,56,7,2,0.7102939368867386,False,99.69569492528093,1.6266958505640352,False,False
24.52,226,t226,300,1200.0,66,3,1,0.731122499105077,False,398.8230402566264,3.076230487595674,False,False
24.7,227,t227,300,250.0,84,5,8,0.7674214287411855,False,86.37768107544274,3.128019248628052,False,False
24.72,228,t228,300,250.0,40,2,6,0.7634284030971764,False,64.16494567838036,3.181834691687155,False,False
24.88,229,t229,220,700.0,39,10,7,0.7701473262284385,False,589.6774149609126,5.925030273241495,False,True
24.89,230,t230,220,700.0,76,1,9,0.7273731026173089,False,326.04881909607434,4.301078237075049,False,True
25.29,231,t231,270,200.0,76,0,6,0.770666480871912,True,55.511377436487,2.591781163090112,True,False
25.36,233,t233,220,150.0,80,1,5,0.7127142020533642,True,34.87646907184884,2.4176409816030313,True,False
25.45,234,t234,220,700.0,89,10,7,0.7509225615220515,False,386.6924430119078,4.28489664870534,False,True
25.46,236,t236,220,150.0,30,1,5,0.7138905846789636,False,39.29666980080987,2.2535354357899373,False,False
25.64,238,t238,120,75.0,67,0,8,0.7593201120161845,True,7.521158768486612,1.1308954703586214,True,False
25.64,237,t237,300,250.0,59,8,10,0.7623587727086745,False,77.93358268392527,3.2787329932682914,False,False
25.69,239,t239,220,700.0,38,3,1,0.7259082309411572,False,172.43667674456378,2.2156344692084255,False,False
25.74,240,t240,220,900.0,75,10,8,0.7447368025768065,False,231.84010986921038,2.08635913931056,False,False
25.87,241,t241,120,75.0,33,1,5,0.7088694396520511,True,8.312853574537106,1.2503838048161022,True,False
25.95,242,t242,300,250.0,67,8,10,0.7565197790726829,False,75.47365106737172,2.7442243839278415,False,False
26.02,243,t243,120,75.0,29,10,4,0.7585613291403744,True,7.5279438512444194,1.1003532850059827,True,False
26.14,244,t244,120,75.0,55,1,9,0.7131341021034243,False,18.2912995799767,1.941813246905187,False,True
26.16,245,t245,220,150.0,96,10,8,0.7392502483434523,True,36.21000494854315,2.331783757339647,True,False
26.36,246,t246,80,50.0,68,2,5,0.7295486609319798,True,4.214362826513854,0.8708307939826062,True,False
26.39,247,t247,80,50.0,74,7,10,0.709038589041311,True,3.2650010686587407,0.7337261050013475,True,False
26.42,248,t248,270,200.0,39,8,5,0.7025822408183885,False,44.468660202186356,2.7891451941033654,False,False
26.62,250,t250,270,900.0,88,6,3,0.7098627105133578,True,231.06273695508688,2.9673930449363115,True,True
26.66,251,t251,270,200.0,33,0,6,0.7706838179211404,False,57.08162535150121,2.6129104194805715,False,False
26.71,252,t252,170,100.0,91,3,1,0.720798248140516,False,17.54531834894912,1.5900563468415707,True,False
26.81,253,t253,80,50.0,90,3,6,0.7316202998441096,True,4.756686683041714,0.8252305680239762,True,False
26.82,254,t254,300,1000.0,63,10,4,0.7588207692242336,False,333.94144137118445,2.9265751640055817,False,False
26.91,256,t256,270,900.0,45,3,6,0.7325700756654091,False,223.89313447334817,2.625477623435819,False,False
26.96,257,t257,80,50.0,25,5,8,0.7614811819845436,True,4.62935037302581,0.8146131886635136,True,False
27.04,258,t258,80,50.0,58,1,7,0.7041744004583206,False,15.436237197970058,2.3377289369794956,False,True
27.1,259,t259,270,1000.0,31,7,10,0.7104399990786666,False,238.3098462822079,2.7516858822000936,False,False
27.15,261,t261,220,150.0,85,4,6,0.7934193377373538,True,29.73973165150526,2.2266997740884653,True,False
27.29,263,t263,80,50.0,92,5,8,0.7618337401630345,True,3.319840155913001,0.7696447106463052,True,False
27.47,264,t264,300,250.0,72,8,5,0.6979387778202025,False,84.0927618757014,2.7841986759433994,False,False
27.71,265,t265,220,150.0,92,10,2,0.7899287431381585,True,26.62702138396364,2.0994523594003547,True,False
27.81,266,t266,80,50.0,90,9,10,0.7170737209907252,True,4.4751786827571705,0.757079017251082,True,False
27.97,267,t267,300,250.0,33,7,6,0.7083724387539306,False,75.20105044044398,3.236015759227626,False,False
28.02,268,t268,220,900.0,78,5,8,0.7621792471779557,False,161.09665540609046,2.1182980882941465,False,False
28.07,270,t270,170,700.0,57,7,4,0.7300305160868642,False,126.27062880484503,1.7803966398819981,False,False
28.28,273,t273,220,900.0,88,3,1,0.7157904649958875,False,214.44568061842867,2.3644027088693482,False,False
28.28,272,t272,80,50.0,33,8,5,0.6933881840819803,True,3.9456395279473613,0.8083089612437855,True,False
28.35,274,t274,270,1000.0,88,8,2,0.808580465889313,False,252.04079326749473,2.644223146150006,False,False
28.44,275,t275,300,250.0,57,4,5,0.7656331278438672,False,60.3688622005,2.7530620909476236,False,False
28.56,276,t276,170,100.0,73,6,3,0.7112476381212726,True,17.001479047061462,1.5633185471230058,True,True
29.06,278,t278,120,75.0,34,4,1,0.7579065852113741,True,8.970478203475738,1.2777709999346278,True,False
29.15,279,t279,120,75.0,37,7,10,0.7056393809152751,True,7.839053998754306,1.2099803653228225,True,False
29.4,280,t280,270,1000.0,89,5,4,0.6930661450150384,False,274.99563176062685,2.469990059388626,False,False
29.66,282,t282,170,500.0,58,3,4,0.7934583571767374,False,69.16733104281083,1.550645382874741,False,False
29.95,283,t283,120,75.0,29,10,2,0.789432629813857,True,7.811126995280601,1.2043060062785416,True,False
29.98,284,t284,300,250.0,51,8,5,0.6951026022185226,False,63.09355579011703,3.1188703334845735,False,False
30.13,285,t285,220,700.0,35,3,1,0.7108828375141517,False,166.31152760197966,2.2608356389995934,False,False
30.18,286,t286,80,50.0,24,7,4,0.7248380875833088,True,4.205624228114547,0.8625276256219263,True,False
30.22,287,t287,270,200.0,34,4,1,0.7583306353253285,False,51.80517695060993,2.5161990036034516,False,False
30.28,288,t288,120,75.0,72,0,6,0.7645268082293842,True,7.347138013090239,1.1249656255780651,True,False
30.35,289,t289,300,250.0,26,2,4,0.7602121184398661,False,67.31744526097886,2.83378979727234,False,False
30.39,290,t290,170,100.0,95,0,8,0.7594361713143225,True,15.95969969697532,1.767081482880683,True,False
30.42,292,t292,170,700.0,27,3,6,0.7273268559702828,False,129.03252979801022,1.76039560937281,False,False
30.42,291,t291,80,50.0,52,2,5,0.7305398695315221,True,3.74586982542082,0.7522566862162435,True,False
30.45,293,t293,80,50.0,28,10,8,0.740047425194765,True,4.683907799759211,0.7380696485539864,True,False
30.69,295,t295,220,700.0,86,6,1,0.7615351409584908,False,132.18818615618008,2.168863355518637,False,False
30.76,296,t296,270,200.0,56,2,6,0.7574165017018996,True,43.45030192524615,2.879862277123612,True,False
30.78,297,t297,220,150.0,21,7,4,0.7259235076498244,False,37.15376891164973,2.3088720028799066,False,False
30.95,298,t298,170,700.0,55,3,6,0.722188500669059,False,138.57429124160512,1.5586246784763504,False,False
31.08,299,t299,220,150.0,41,1,9,0.6991798815998174,False,127.01078239352779,6.282405147945442,False,True
31.16,300,t300,270,200.0,72,6,1,0.7555611048059877,True,52.84749614213095,2.946496886091661,True,False
31.61,303,t303,170,700.0,52,4,1,0.7525722044370038,False,128.24093789582147,1.5510592809799955,False,False
31.67,304,t304,80,50.0,39,4,1,0.7469289421664457,True,3.7559338702630063,0.7513237316373549,True,False
31.71,305,t305,80,50.0,89,8,3,0.6912249868801941,True,3.6537160146683623,0.8333023141600955,True,True
31.96,307,t307,270,200.0,79,4,1,0.7475725451412986,True,49.3376639960564,2.658615454376251,True,False
32.08,308,t308,300,1000.0,84,9,10,0.7183144283890925,False,339.813686289709,2.713350884886557,False,False
32.18,309,t309,300,250.0,84,5,8,0.7563438440525784,True,71.07345448362159,2.8485270739539517,True,False
32.28,310,t310,220,900.0,62,8,2,0.8016655232381934,False,182.66159044899405,2.210453361104736,False,False
32.32,311,t311,170,100.0,58,1,5,0.7101227175256767,True,16.315946481997923,1.866063042435397,True,False
32.56,312,t312,270,900.0,33,1,7,0.6861175791158208,False,908.4962154100544,5.667079968943227,False,True
32.61,313,t313,80,50.0,88,4,1,0.7482032760566544,True,4.339878088932075,0.8045185566172406,True,False
32.75,314,t314,170,100.0,90,6,1,0.7558805493765347,True,20.108018597791894,1.6650694742849133,True,False
32.95,315,t315,300,250.0,38,10,2,0.7889464387560414,False,80.178058492137,2.9884786207745204,False,False
32.96,316,t316,80,50.0,87,8,2,0.7948888794400962,True,3.213632001127766,0.8520446353342426,True,False
33.06,318,t318,300,250.0,90,2,4,0.7544160578892506,True,73.52527206017743,3.0051450670575868,True,False
33.09,319,t319,120,75.0,99,5,6,0.690614455771463,True,8.55355461947419,1.091652685468666,True,False
33.1,320,t320,170,100.0,79,3,4,0.7869973718513845,True,14.625127104603028,1.6194514069734778,True,False
33.15,321,t321,120,75.0,97,9,10,0.7133563216394926,True,8.499654169745746,1.2896896830461826,True,False
33.24,322,t322,170,100.0,38,1,8,0.7190488384771809,True,15.744867101853664,1.8334088438386231,True,False
33.36,323,t323,300,1200.0,43,7,4,0.7208132193150097,False,388.5995002976736,3.137813437269045,False,False
33.47,324,t324,270,200.0,81,0,5,0.8050955658396167,True,61.1331384409169,2.6131017991243994,True,False
33.51,325,t325,220,150.0,40,7,10,0.7071087751151514,True,35.4427893504843,2.096655959095037,True,False
33.53,326,t326,80,50.0,98,6,10,0.7231248425820082,True,3.3543850891161413,0.7736960065687293,True,False
33.57,327,t327,270,1000.0,69,6,10,0.7240930123970347,False,230.96712718898334,2.9100094167208064,False,False
33.75,328,t328,120,75.0,84,1,8,0.7199703232460988,True,9.397829443899107,1.2736693817885265,True,False
33.95,330,t330,170,100.0,34,1,5,0.7113509298418298,True,16.236792091995728,1.841654836541366,True,False
34.01,331,t331,170,100.0,46,10,2,0.782295971519382,True,18.940678753358867,1.6102895326594333,True,False
34.04,332,t332,300,1200.0,60,9,8,0.7159893634110808,False,305.795210809827,3.182539662201612,False,False
34.1,333,t333,170,100.0,33,10,8,0.7408286585090516,True,20.04975139469296,1.7047019563977173,True,False
34.28,334,t334,300,250.0,51,6,1,0.7561936050556707,False,63.90401254633208,3.137603336460675,False,False
34.39,335,t335,270,1000.0,98,2,5,0.7315112539590733,False,255.77554672870687,2.9110770522787974,False,False
34.56,336,t336,300,1200.0,50,1,5,0.7125545779116599,False,404.0930178565917,3.062984749291161,False,False
34.63,337,t337,270,200.0,20,7,10,0.7085487814310302,False,43.51110885031622,2.8839824127022147,False,False
34.75,339,t339,220,150.0,45,1,5,0.7075601530200933,True,31.17099991494552,2.0207969162364057,True,False
34.97,340,t340,300,1200.0,41,6,1,0.7503263996212238,False,415.3156257812371,2.755141344165368,False,False
34.99,342,t342,300,250.0,45,9,10,0.7146713770248845,False,73.61286066470376,3.1798540617993867,False,False
35.0,343,t343,170,100.0,57,0,5,0.804424321189491,True,15.68733608325995,1.7472476270687956,True,False
35.03,344,t344,300,1200.0,62,1,5,0.7088396166263582,False,323.8836521998573,3.2668160593366657,False,False
35.21,346,t346,270,200.0,71,7,5,0.7243796545705355,True,47.37042308120754,2.4869120347234386,True,False
35.42,347,t347,220,900.0,79,6,1,0.7445765382954661,False,192.93390369645985,2.0774713017101343,False,False
35.44,348,t348,170,100.0,63,0,8,0.7595499094264975,True,18.36252698432001,1.5580878995100205,True,False
35.45,349,t349,220,150.0,80,1,8,0.7208733783196384,True,32.90604533008394,2.113633532346868,True,False
35.54,350,t350,300,1000.0,22,7,5,0.7254742432973067,False,242.09351538912088,2.967419219175444,False,False
35.6,351,t351,170,100.0,41,1,8,0.7217583722917071,False,17.853749973967208,1.869140536146895,True,False
35.77,353,t353,270,200.0,56,1,6,0.6834369743035288,False,56.482651877091925,2.513152764873495,False,False
35.9,354,t354,300,250.0,33,6,3,0.712604867177029,True,79.42963770567277,3.1162568636187924,True,True
35.98,355,t355,270,200.0,39,5,8,0.7567991489897087,False,46.41533860277966,2.793664069465119,False,False
36.05,356,t356,170,500.0,71,4,6,0.7931331328007886,False,73.82701114049617,1.5716784560483124,False,False
36.15,357,t357,80,50.0,21,4,1,0.7488213923537032,True,4.3533900998066635,0.7458750619647638,True,False
36.19,358,t358,270,900.0,85,3,5,0.7065688322574929,False,286.64643075827064,2.467680301046362,False,False
36.32,359,t359,170,100.0,23,4,1,0.7494271463248109,True,20.331717922696853,1.5469771284765415,True,False
36.48,360,t360,270,200.0,55,7,5,0.7203729402495425,True,54.68171583949842,2.643346087792127,True,False
36.7,361,t361,170,100.0,34,6,3,0.7139349516516702,True,17.94695707288978,1.5486802220555524,True,True
36.8,363,t363,300,250.0,78,3,6,0.7171529124738597,False,78.43040278943285,2.8144756862744282,False,False
36.82,365,t365,120,75.0,35,0,6,0.7646669387314633,False,9.134842741807548,1.2488273697757541,True,False
37.1,366,t366,300,250.0,39,5,6,0.6923843484742155,False,89.27639579585596,2.8919644984044623,False,False
37.4,367,t367,170,100.0,76,7,4,0.7158051367468914,True,14.337566778999348,1.7903394754829278,True,False
37.46,368,t368,170,100.0,54,4,5,0.7597286471051716,True,16.189015044107805,1.6563549362731893,True,False
37.53,369,t369,270,1000.0,85,7,4,0.7170712158301353,False,237.59559295495322,2.87768740710215,False,False
37.61,370,t370,270,200.0,92,10,8,0.7415942671570525,True,44.35788909534259,2.8626283554426455,True,False
37.76,371,t371,270,1000.0,32,4,5,0.76011625598125,False,309.5934697026905,2.824474375053043,False,False
37.81,372,t372,300,250.0,66,10,4,0.7529010205064156,False,67.60123550202852,2.9038831675137864,False,False
38.34,373,t373,270,200.0,60,1,8,0.7164516663843346,True,54.170422991957,2.4990462725033193,True,False
38.73,375,t375,270,200.0,24,4,5,0.7543221126798069,False,46.967467030050244,2.8839033416607203,False,False
38.75,376,t376,170,100.0,22,5,9,0.6881459793515831,False,44.17229065707036,3.2285246833919357,False,True
38.87,377,t377,300,250.0,32,2,5,0.7262892106980737,False,86.9070127063986,2.7585441545510165,False,False
39.12,378,t378,80,50.0,29,8,2,0.794421768517961,True,4.199758571633538,0.8403270919416687,True,False
39.23,379,t379,80,50.0,30,5,8,0.7510713478280963,True,4.376441094436253,0.7940228087231476,True,False
39.34,380,t380,220,900.0,55,10,4,0.747099666762954,False,190.57878283109662,1.982819631456897,False,False
39.69,381,t381,170,700.0,37,1,5,0.7039194909604978,False,96.18647250885664,1.5907913592250986,False,False
39.69,382,t382,80,50.0,95,1,5,0.6990977678079545,True,4.514208899437687,0.767748132788568,True,False
39.7,383,t383,220,900.0,29,9,10,0.7097861313025686,False,230.70604972952842,2.1777654697723654,False,False
39.79,385,t385,270,200.0,28,5,8,0.7516321026897163,False,63.32665149181856,2.8021287159038946,False,False
39.87,386,t386,220,150.0,24,4,6,0.7866786519629546,False,37.09845499639968,2.0244286162310074,False,False
39.94,387,t387,120,75.0,40,10,8,0.7423445636320932,True,8.147056196793544,1.1408996611143591,True,False
39.95,388,t388,220,150.0,51,0,8,0.7596613727764292,True,36.60690762190789,2.4108675333514524,True,False
39.95,389,t389,270,1000.0,59,9,8,0.711077757961041,False,240.03196012478304,2.6886995500657425,False,False
40.08,392,t392,220,150.0,72,6,1,0.7389416741962235,True,33.0426352131472,2.2217440864559785,True,False
40.2,393,t393,170,700.0,62,6,1,0.7395935073789657,False,141.304943269119,1.7580349758177243,False,False
41.03,394,t394,270,200.0,42,5,8,0.7460076424541037,False,55.00621324492093,2.6534567024599354,False,False
41.11,396,t396,220,700.0,43,1,8,0.7174250945951095,False,162.10905058742517,2.325246021710337,False,False
41.13,397,t397,220,900.0,74,5,4,0.6886130039329194,False,210.62158048093016,2.331893806037512,False,False
41.23,398,t398,300,1200.0,64,5,4,0.6842489256724428,False,410.833764538112,2.952846038228731,False,False
41.27,399,t399,270,900.0,87,8,10,0.7507975653094111,False,257.7081140869241,2.8784110623637766,False,False
41.33,400,t400,220,900.0,67,4,1,0.7500207852164965,False,202.48510507352563,2.1724219066887556,False,False
41.41,401,t401,120,75.0,53,5,8,0.7404956714232035,False,7.700314040109358,1.1336139584610059,True,False
41.48,402,t402,170,500.0,73,3,1,0.7060733625820504,False,73.2839908085543,1.8228133476632296,False,False
41.52,403,t403,80,50.0,96,8,2,0.7939639998142684,True,4.447555441261551,0.8692765252611994,True,False
41.7,405,t405,80,50.0,86,5,4,0.6799721289771758,True,3.2916422282633224,0.8198913492758454,True,False
41.8,406,t406,80,50.0,69,3,6,0.7122180360425643,True,4.744971116992343,0.7622585179660999,True,False
41.89,407,t407,170,700.0,40,4,5,0.7486438522443926,False,123.3469210878698,1.7290522401437485,False,False
41.9,408,t408,270,200.0,43,5,8,0.7350939398129213,False,51.3950564298228,2.5494317313315995,False,False
42.26,409,t409,220,900.0,91,6,10,0.7188678188157607,False,187.4061155670164,2.1840923362525357,False,False
43.26,410,t410,300,250.0,22,8,3,0.6928311538092568,True,75.30504848979237,3.226827684905569,True,True
43.29,411,t411,270,200.0,72,8,10,0.7451897958214048,True,59.96635679148136,2.940079325103466,True,False
43.53,413,t413,170,700.0,99,1,8,0.7122050542416689,True,96.33151325880249,1.5389379357275939,True,False
43.59,414,t414,170,100.0,54,8,2,0.7935153864846497,True,18.6426544621742,1.6414548234456028,True,False
43.6,415,t415,270,200.0,81,9,5,0.7440293301947082,True,59.47637397144302,2.6131761773669697,True,False
43.69,416,t416,300,250.0,38,6,1,0.734058303898053,False,76.41356645596254,2.779009130682042,False,False
43.9,418,t418,80,50.0,75,10,8,0.7430798541776331,True,3.371698915206723,0.8212327928407558,True,False
44.73,420,t420,80,50.0,88,7,2,0.7053447248156706,True,3.9072544732697945,0.7779177038989465,True,False
44.79,421,t421,80,50.0,41,10,8,0.7438004389122623,True,3.2045152799472136,0.8173511777486898,True,False
44.88,422,t422,220,150.0,85,10,2,0.7819525136274561,True,31.07661832649638,2.182315128756758,True,False
45.06,424,t424,80,50.0,51,7,4,0.7121379733317145,True,4.65878286127082,0.8118946727876802,True,False
45.06,423,t423,270,200.0,70,2,6,0.7576988383345282,True,50.57156890545124,2.5073750046954486,True,False
45.16,425,t425,80,50.0,75,8,3,0.6944051973997384,True,4.11566306760955,0.769219327719733,True,True
45.19,426,t426,300,250.0,46,9,5,0.7445794102574806,False,68.56180905688693,2.712394389443773,False,False
45.23,427,t427,220,900.0,75,8,2,0.7930757454216234,False,183.25302586938122,2.063483981791128,False,False
45.3,428,t428,170,100.0,88,9,10,0.704998590494699,True,16.15823994253518,1.7959544547298651,True,False
45.5,429,t429,300,1200.0,41,5,6,0.6879448433229131,False,306.9878167309988,2.965686205249467,False,False
46.01,430,t430,220,150.0,87,10,8,0.7445066119521989,True,26.918998618771553,2.3675649277952577,True,False
46.25,431,t431,300,250.0,56,1,8,0.713263414695297,False,81.78892825617358,3.1095979599599293,False,False
46.39,432,t432,170,100.0,46,4,1,0.7444285513303484,True,19.5825511063772,1.7249901514868402,True,False
46.55,433,t433,220,150.0,99,7,2,0.7066684969860239,True,32.72260165161832,2.3414448805072263,True,False
46.65,434,t434,300,1200.0,51,4,6,0.7803532607418774,False,318.5369888082906,2.838793028039183,False,False
47.08,435,t435,170,500.0,62,10,8,0.7451986615313367,False,89.56408127341209,1.693178762703368,False,False
47.13,436,t436,270,1000.0,21,2,6,0.7579755282345043,False,297.76318584437,2.507349416739053,False,False
47.21,437,t437,80,50.0,91,2,6,0.752072684336481,True,4.363558554551639,0.7322320810553808,True,False
47.35,438,t438,220,150.0,78,8,2,0.7864708971798576,True,34.04761796799775,2.2337811664859615,True,False
47.47,439,t439,120,75.0,82,3,6,0.7135558571398949,True,7.8362140682547325,1.168148639545954,True,False
47.49,440,t440,270,200.0,24,5,6,0.6835941282746366,False,44.021706849796495,2.5547166068448677,False,False
47.53,441,t441,120,75.0,28,9,10,0.7064808005029869,True,9.097617276158779,1.3064552846816277,True,False
47.67,442,t442,220,700.0,97,7,5,0.7215476632627335,False,127.78279903724919,2.0334691512551935,False,False
47.69,443,t443,220,900.0,62,0,5,0.8037665014323678,False,159.8993834732482,2.2577162235596875,False,False
47.71,444,t444,170,700.0,83,5,6,0.6793304275273256,False,118.15000917669846,1.5632407570577798,False,False
47.81,445,t445,170,100.0,78,0,6,0.7586302666235006,True,18.3698553512969,1.8641563964282093,True,False
48.04,446,t446,170,100.0,31,2,4,0.7549099185496474,True,19.56949867168028,1.7050747828368866,True,False
48.29,447,t447,270,200.0,64,5,4,0.6819548682158142,True,50.81874521728036,2.8874614147153106,True,False
48.31,448,t448,220,900.0,24,9,5,0.7389444887189976,False,220.65266656333918,2.2610583579959207,False,False
48.32,449,t449,220,150.0,69,9,10,0.707933366311109,True,26.414410432953687,2.2251124807609335,True,False
48.49,450,t450,270,900.0,60,6,3,0.7152384344368187,True,226.12121837736575,2.4413176553531177,True,True
48.54,451,t451,270,200.0,97,6,10,0.7137471291061122,False,60.46585875621009,2.8762303109379275,True,False
48.58,452,t452,270,1000.0,93,9,10,0.7093568808030687,False,303.91635521778517,2.5343075085897615,False,False
48.78,453,t453,220,900.0,61,6,3,0.7165158475662641,True,191.1694739703417,2.402815384251886,True,True
48.82,454,t454,220,700.0,22,1,8,0.7081266079398527,False,161.10921689203533,2.147375873924704,False,False
49.06,455,t455,170,100.0,77,4,6,0.7741543773452216,True,16.141579426984677,1.8363216214706193,True,False
49.19,456,t456,300,1200.0,67,8,3,0.6959477601184102,False,1335.7866963955976,5.511421610800949,False,True
49.29,457,t457,80,50.0,71,3,6,0.7148669218152788,True,3.752505795091831,0.7806828624478372,True,False
49.55,459,t459,300,1200.0,74,6,3,0.7134820400026399,False,1424.972307648763,8.549687455335285,False,True
49.61,460,t460,120,75.0,66,7,2,0.70796579371297,True,9.214486449004909,1.3173547667046694,True,False
49.85,461,t461,270,200.0,23,5,4,0.6838979526696797,False,54.59886559508902,2.704933997438175,False,False
50.03,462,t462,300,250.0,71,4,6,0.7742534716164989,True,64.67166890637448,3.1836658966277915,True,False
50.11,463,t463,300,1200.0,38,5,8,0.7298002428348447,False,392.95605554572313,3.0452580695061444,False,False
50.31,464,t464,270,200.0,82,9,10,0.7045779250051891,True,62.963225157075584,2.656595051364044,True,False
50.38,465,t465,300,250.0,55,1,5,0.7005464791184621,False,63.30440784839176,2.837035440022908,False,False
50.78,467,t467,120,75.0,63,4,6,0.7743505840023508,True,9.967159647603534,1.193196335408125,True,False
50.83,468,t468,270,900.0,44,2,6,0.752461897316418,False,198.58937247248903,2.5185461353357894,False,False
50.85,469,t469,300,1200.0,59,5,10,0.676508514633849,False,425.31253552086787,2.845440302729166,False,False
50.91,470,t470,170,100.0,34,3,6,0.7161517651971551,True,15.781400730738937,1.8497311011183994,True,False
50.97,471,t471,300,250.0,28,5,6,0.6751520007949608,False,78.34173528475453,2.718225978900871,False,False
51.0,472,t472,120,75.0,99,0,8,0.7597706068593622,True,7.611661409754017,1.1374435082669228,True,False
51.15,473,t473,300,1000.0,66,0,8,0.7598776562606364,False,294.9431863742899,2.956286920145163,False,False
51.18,474,t474,80,50.0,47,7,5,0.7165248918156606,True,3.865021523774037,0.8715743956441108,True,False
51.31,475,t475,170,100.0,74,0,5,0.7969478380703873,True,19.911153413318434,1.7086459098461546,True,False
51.36,476,t476,270,200.0,90,1,8,0.7030925373195172,False,48.43178416294269,2.968196044093951,True,False
51.43,477,t477,170,700.0,68,9,10,0.7060685483232672,False,122.7233562323459,1.8596569660528706,False,False
51.63,478,t478,300,250.0,95,3,4,0.7868396062325387,True,86.23077951619597,2.734071104516181,True,False
51.67,479,t479,220,150.0,99,10,8,0.7397028701188918,True,33.39844557121686,2.0157992508781293,True,False
51.75,480,t480,300,1000.0,85,4,1,0.7451221621219232,False,281.357765838845,2.896111098478188,False,False
52.01,482,t482,220,150.0,70,4,1,0.7396279006976666,True,36.3406959147262,2.331338537682723,True,False
52.03,483,t483,300,1000.0,23,9,10,0.7013553591749837,False,307.5351071107774,3.145841316058473,False,False
52.26,484,t484,80,50.0,28,4,5,0.7430791570176866,True,4.271039322572515,0.7536777808296721,True,False
52.33,485,t485,270,200.0,34,0,5,0.7964395479756461,False,57.79673905180341,2.8809749603273818,False,False
52.5,486,t486,270,200.0,34,8,10,0.7458681817231584,False,57.09105141156526,2.9196923331026103,False,False
52.79,487,t487,80,50.0,88,1,8,0.6981591481115883,True,3.648539286691827,0.7526971550484698,True,False
52.97,488,t488,170,100.0,83,4,5,0.7437997556955146,True,19.589570895286567,1.579000892576344,True,False
53.0,489,t489,170,100.0,99,10,8,0.7404909945346958,True,18.164793325136046,1.8109273862045674,True,False
53.01,490,t490,170,500.0,63,8,5,0.6906087319923339,False,98.93423247486993,1.5881247805053684,False,False
53.13,492,t492,80,50.0,46,5,4,0.6796281754344679,True,4.383476067200014,0.8409603850178073,True,False
53.13,491,t491,220,150.0,85,6,1,0.7286338044867587,True,30.93350448623993,2.0028584024827385,True,False
53.15,493,t493,220,900.0,84,1,6,0.6790249014841249,False,183.54548742979634,2.183381900315773,False,False
53.32,494,t494,120,75.0,64,10,2,0.7816159248933685,True,8.515615143332878,1.2273727119882616,True,False
53.65,495,t495,220,150.0,88,10,2,0.7812860679339626,True,39.07748710404605,2.239208288546724,True,False
53.79,496,t496,80,50.0,81,5,4,0.6816177937439604,True,4.706678218397705,0.7853394949196487,True,False
53.83,497,t497,270,200.0,49,8,10,0.740358999906877,False,60.03087090364845,2.7208328118717042,False,False
53.84,498,t498,270,900.0,23,0,1,0.7585867938352675,False,201.87037827367809,2.5312338795436222,False,False
53.99,499,t499,120,75.0,43,2,5,0.7211716083022942,True,9.826194797837122,1.1200784839563505,True,False
54.01,500,t500,80,50.0,78,2,4,0.7553939019968362,True,4.663646316264669,0.8050741398817103,True,False
54.13,501,t501,300,250.0,55,7,2,0.7092371445053772,False,89.03317995729498,2.853283021312375,False,False
54.23,503,t503,270,900.0,26,9,5,0.7334222656112844,False,205.3848284392362,2.812386113396991,False,False
54.66,505,t505,300,250.0,87,0,8,0.7538085646738852,True,64.0512255146187,2.72053440835695,True,False
54.72,506,t506,300,250.0,28,4,5,0.7445059423997862,False,60.361735768628044,3.2365770270275167,False,False
54.8,507,t507,170,500.0,61,1,9,0.6772628121346183,False,308.4881897769048,4.592037466196037,False,True
54.84,508,t508,270,1000.0,57,0,6,0.7588883279576973,False,319.2414749780887,2.4579361240960704,False,False
55.04,509,t509,300,1200.0,27,8,2,0.786172145902927,False,385.17592037771647,2.7833307433971584,False,False
55.08,510,t510,120,75.0,65,1,5,0.6957922162027596,True,10.398791655935181,1.1727850579823649,True,False
55.21,511,t511,170,100.0,87,1,5,0.697307038545371,True,19.633817440958754,1.8355521025112829,True,False
55.76,513,t513,270,200.0,40,4,1,0.7404175245018951,False,64.58624853724176,2.7764142957178204,False,False
56.04,515,t515,300,1200.0,83,4,5,0.7390240053699723,False,292.2739285612716,2.8372332555538726,False,False
56.28,516,t516,300,250.0,21,0,5,0.7897674236828,False,67.50159553746528,2.878336862573624,False,False
56.29,517,t517,80,50.0,26,7,4,0.713477395683262,True,3.736774037157826,0.7562041454823516,True,False
56.36,518,t518,270,200.0,36,7,4,0.7147900295877786,False,51.51669252797027,2.652306483344812,False,False
56.46,520,t520,300,250.0,86,10,8,0.7412633564621837,True,85.75204801505562,2.796213576155166,True,False
56.46,519,t519,120,75.0,24,8,5,0.686204739170669,True,8.016597205249687,1.3167611025915087,True,False
56.47,521,t521,300,250.0,72,4,5,0.7336517070807548,True,61.085724985263816,3.2494399015608835,True,False
56.53,522,t522,300,250.0,90,1,8,0.6994984266878181,True,80.44293785432986,2.7902233312608593,True,False
56.72,524,t524,270,200.0,53,5,1,0.6746311704384743,False,60.013300677426464,2.45051636329846,False,False
56.99,527,t527,170,100.0,26,7,5,0.7177765757975292,True,18.870390994588746,1.5323459929511192,True,False
57.0,528,t528,120,75.0,25,8,2,0.7797053696515353,True,8.204660210320872,1.087651239938023,True,False
57.25,530,t530,300,1000.0,96,9,5,0.7280104869657255,False,323.14772958977335,3.1869459326998806,False,False
57.29,531,t531,300,250.0,66,7,4,0.7099024108142048,False,73.69067695348906,3.236633339538219,False,False
57.41,532,t532,120,75.0,33,10,4,0.7414143400943617,True,10.38783101068666,1.0854418757726163,True,False
57.48,533,t533,170,100.0,60,10,4,0.7420167199591411,True,13.891400986012433,1.6944497861835053,True,False
57.64,534,t534,300,250.0,50,2,6,0.7466693260367564,False,60.266230395113666,2.8952180428957046,False,False
57.84,535,t535,300,250.0,85,10,4,0.7426070522266249,True,73.98892648201355,3.2282302288684095,True,False
58.27,538,t538,170,100.0,40,0,5,0.7832287418758105,True,15.694294429657447,1.592743579892848,True,False
58.36,540,t540,300,1200.0,31,6,3,0.695390581020769,False,1236.5423921171546,6.249159259409599,False,True
58.38,541,t541,270,900.0,99,8,2,0.7795419289251713,False,270.59701605039186,2.8634995326871215,False,False
58.43,542,t542,300,1200.0,69,3,6,0.7174109117113937,False,385.4592448479241,2.7557218611332663,False,False
58.47,543,t543,170,100.0,58,1,8,0.7008109196925234,True,19.51690454477032,1.739654805717276,True,False
58.52,544,t544,220,150.0,56,5,10,0.6722350110078387,True,28.145260755749202,2.019867580353622,True,False
58.59,546,t546,300,1200.0,79,2,4,0.7558682057750813,False,411.7627460424678,3.1120260265224076,False,False
58.93,547,t547,80,50.0,54,8,10,0.7349600017269214,True,4.487369748859551,0.7971435889847925,True,False
58.97,548,t548,170,100.0,61,5,10,0.6742209774543486,True,15.799089505033194,1.7016872112540768,True,False
59.34,549,t549,80,50.0,23,3,6,0.7124708752953477,True,3.9881391256797922,0.7575031746002154,True,False
59.48,550,t550,300,1000.0,85,5,8,0.7246124197963296,False,326.9125951621203,3.2238667032338264,False,False
59.51,551,t551,120,75.0,24,10,4,0.743185577848759,True,8.756972270524216,1.173299974841541,True,False
59.92,553,t553,80,50.0,46,8,5,0.6880628262054375,True,3.6240807238341777,0.7769808591539225,True,False
60.1,554,t554,270,200.0,68,5,4,0.683567619687263,True,55.965365440774896,2.5822896803947013,True,False
60.11,555,t555,270,200.0,46,2,5,0.7223303579544301,False,63.247077314694685,2.865494375113887,False,False
60.22,557,t557,80,50.0,66,5,10,0.6761672245719282,True,3.579604678705238,0.8099895003859312,True,False
60.35,558,t558,120,75.0,95,8,10,0.7358429835105648,False,7.261858555765943,1.2992182085957293,True,False
60.65,560,t560,170,100.0,77,0,5,0.782994833704961,True,13.613782410619256,1.7644928965666997,True,False
60.65,561,t561,170,100.0,71,2,5,0.7172919326135233,True,17.881805388119187,1.6266915133681006,True,False
60.73,563,t563,270,1000.0,56,6,10,0.7087288531906567,False,290.56562514674994,2.7650306965130778,False,False
60.73,562,t562,270,200.0,85,3,6,0.7138036396076225,True,55.290016967856005,2.614979221368405,True,False
60.79,564,t564,220,150.0,58,3,5,0.7018456374305249,True,37.73320143688418,2.282072521348085,True,False
60.83,565,t565,220,150.0,42,6,10,0.7038109427935102,True,34.53246158803984,2.2636338363461594,True,False
60.86,566,t566,300,1000.0,84,9,2,0.7002854928991626,False,333.0294763437609,2.789622937737038,False,False
60.92,567,t567,120,75.0,40,9,8,0.7062643846200021,True,10.401085088751225,1.2157287885975645,True,False
61.1,568,t568,170,500.0,45,6,1,0.7294917950636902,False,76.23504240021218,1.6313988740523746,False,False
61.27,570,t570,270,1000.0,58,10,4,0.7437525329584506,False,299.6619338126223,2.901110981458646,False,False
61.35,572,t572,120,75.0,97,4,1,0.735017355830039,True,10.663366854422476,1.2420349222306053,True,False
61.57,573,t573,220,150.0,47,7,2,0.7043090682819364,True,35.563095442270956,1.9889437693053218,True,False
62.03,576,t576,170,100.0,69,6,10,0.7051653906043066,True,13.927196648777878,1.757131557118868,True,False
62.16,577,t577,170,100.0,41,4,6,0.7744457541404856,True,14.308144199661875,1.6858256928774802,True,False
62.22,578,t578,120,75.0,43,8,5,0.6898837514995105,True,10.565180289447264,1.0815003726356023,True,False
62.28,579,t579,170,100.0,25,5,10,0.6780745467471564,True,16.352592811522445,1.7746678909860996,True,False
62.73,581,t581,300,250.0,50,7,5,0.7190032260997604,False,74.27657111821593,3.0916788241400543,False,False
62.99,582,t582,300,250.0,86,10,8,0.7420202711511218,True,74.74958941299204,2.7154051841938713,True,False
63.16,584,t584,270,900.0,53,10,4,0.7381341489659483,False,236.56610621223223,2.6176186124097516,False,False
63.27,585,t585,270,200.0,33,7,2,0.7056535535829643,False,45.019615934692425,2.468903960516077,False,False
63.3,586,t586,120,75.0,41,6,8,0.6941526741809164,True,8.04792918718006,1.0846469159459986,True,False
63.44,587,t587,120,75.0,57,7,10,0.7037859876205915,True,8.820736379230903,1.267795367440768,True,False
63.58,588,t588,170,700.0,73,6,1,0.7241586258290831,False,118.01377275823458,1.7492209200455469,False,False
63.71,589,t589,170,100.0,94,1,8,0.7020971628371344,True,18.389594461946245,1.7245873906283136,True,False
63.72,590,t590,300,250.0,42,5,4,0.6854784491116995,False,81.57071244461603,2.9489102426744394,False,False
63.75,591,t591,300,250.0,20,10,2,0.780962808113745,False,63.12182889617382,2.774463741522821,False,False
63.75,592,t592,270,1000.0,74,3,6,0.715109748633652,False,306.04883059562536,2.882998435766546,False,False
63.8,593,t593,120,75.0,38,9,5,0.7227069438930777,True,9.719804326454573,1.228517299846157,True,False
63.83,594,t594,170,100.0,61,2,5,0.7185282757794347,True,17.372671532789923,1.7607203604085553,True,False
63.88,595,t595,80,50.0,33,2,6,0.7409926061826879,True,4.097127086316636,0.7351188369861327,True,False
63.99,596,t596,80,50.0,58,5,8,0.7195283532185849,True,4.531298087795474,0.7882150391497365,True,False
63.99,597,t597,300,250.0,89,4,6,0.7745390208758577,False,65.7893374553127,2.9158866961090824,True,False
64.03,598,t598,300,1200.0,60,3,4,0.7866849959260697,False,395.9861946065369,3.2504092154852686,False,False
64.04,599,t599,220,700.0,65,3,4,0.7803594778257301,False,152.8402120278019,2.027664690029283,False,False
64.54,601,t601,80,50.0,49,0,6,0.7529672280652101,True,3.458579438439282,0.754043372798671,True,False
64.55,602,t602,300,1200.0,93,3,4,0.7741604700873973,False,289.5758985179581,2.908842040559434,False,False
64.62,603,t603,220,900.0,71,9,8,0.7077212787457838,False,170.37545324325822,2.3257476623795816,False,False
64.64,604,t604,80,50.0,83,3,5,0.7033909065000962,True,4.086988844957336,0.7673449611217869,True,False
64.66,605,t605,270,900.0,27,10,8,0.7427620475462812,False,214.85456538591012,2.7721378169470428,False,False
64.71,607,t607,220,900.0,81,8,10,0.7305343056585353,False,178.91853405559877,2.2142645212388508,False,False
64.8,608,t608,170,700.0,48,10,2,0.7744720134899317,False,129.88933561538434,1.5801053278574337,False,False
64.86,609,t609,270,200.0,67,3,5,0.7049052701882761,True,48.84599195008244,2.8629531232866245,True,False
64.92,610,t610,270,1000.0,72,1,5,0.6987915644411303,False,263.8549888817009,2.6245661946838967,False,False
64.95,611,t611,270,1000.0,49,7,5,0.7140313433959471,False,294.3387465034365,2.89570876075729,False,False
65.0,612,t612,270,200.0,78,2,5,0.7197398920820278,True,54.897680975333934,2.671903146580623,True,False
65.16,613,t613,300,1000.0,86,3,6,0.7102157354791607,False,243.86372083807674,2.8782127163757303,False,False
65.25,615,t615,220,150.0,27,5,4,0.6811770619476473,False,29.11225403384203,2.091978722903354,False,False
65.28,616,t616,270,200.0,55,1,5,0.6940723998189743,False,57.69530274885788,2.948501066122164,False,False
65.37,617,t617,220,700.0,32,4,6,0.7684564222765224,False,134.0701504941876,1.9945020389286192,False,False
65.38,618,t618,170,100.0,73,3,6,0.7054196025877594,True,16.468201180609753,1.7241862284759644,True,False
65.69,620,t620,220,150.0,60,4,6,0.7624954756491739,True,39.17756545582964,2.37112640845907,True,False
65.69,621,t621,170,500.0,45,8,10,0.7253318013635465,False,92.27188356107591,1.5798624790539644,False,False
66.16,622,t622,220,700.0,58,8,2,0.7732077570133346,False,174.813371577063,2.4192527291274573,False,False
66.19,624,t624,220,150.0,81,0,5,0.7827656036975285,True,37.57376735054555,2.3980949046017037,True,False
66.19,623,t623,120,75.0,53,7,4,0.7051125444161025,True,10.741298908999639,1.2801434196651056,True,False
66.26,625,t625,170,100.0,72,2,4,0.7501590234777615,True,13.840675359538226,1.692443202477128,True,False
66.28,626,t626,170,500.0,57,3,5,0.7063893466026924,False,100.05444440545156,1.5385707868739007,False,False
66.31,627,t627,80,50.0,33,9,10,0.6967364338096659,False,4.581492103795131,0.8215713285197096,True,False
66.39,628,t628,170,700.0,97,6,8,0.69585180251548,False,138.75528164118217,1.5658170777704308,False,False
66.41,630,t630,300,250.0,81,9,8,0.7029750349890499,True,64.8510765726003,3.0212274220246167,True,False
66.5,631,t631,220,700.0,90,7,4,0.7065924753459623,False,162.58045846492595,2.106490605713796,False,False
66.55,632,t632,170,500.0,27,2,6,0.7416034207257008,False,83.27556231399784,1.7293696607101425,False,False
66.67,633,t633,270,200.0,23,10,8,0.7373149884135375,False,50.186928780587806,2.542354316809312,False,False
66.94,636,t636,220,700.0,98,10,4,0.7326281326532961,False,181.61226209443808,2.118839716881419,False,False
66.94,637,t637,220,150.0,91,5,4,0.6769617025268763,True,36.81931463735244,2.2860555198553807,True,False
67.02,639,t639,220,700.0,73,0,8,0.7540348549188691,False,140.41048368900084,2.117679820862294,False,False
67.02,640,t640,300,1000.0,42,10,2,0.7681110347585944,False,256.38173942795805,2.753420550407717,False,False
67.16,641,t641,220,900.0,71,5,4,0.6790046502945205,False,183.0169917993716,2.3271038505057233,False,False
67.25,642,t642,80,50.0,91,8,5,0.6916682582877022,True,3.310211574782778,0.8130362923759009,True,False
67.34,643,t643,270,200.0,44,8,5,0.6934170749401299,False,61.12423750426143,2.729193686407302,False,False
67.37,644,t644,220,700.0,71,6,8,0.6913429482833523,False,144.17617673602948,2.397235583357515,False,False
67.48,646,t646,220,150.0,90,7,6,0.7036131717970339,True,29.786553011989255,2.092174179891665,True,False
67.51,647,t647,270,1000.0,99,3,4,0.7680854425038313,False,232.61107027946733,2.4546397465865137,False,False
67.65,648,t648,80,50.0,99,5,10,0.6799437224788799,True,3.5280734403546194,0.8657756398861116,True,False
67.72,649,t649,220,700.0,83,8,10,0.7202333471544574,False,134.30229995741266,2.1511812029649846,False,False
67.91,650,t650,270,200.0,94,9,2,0.695408244579641,True,57.11777004272716,2.6988243406741064,True,False
67.94,651,t651,220,150.0,65,6,8,0.6869242711358671,True,38.61720220520153,2.28907134347588,True,False
68.0,652,t652,220,900.0,27,0,1,0.7528232397767439,False,198.56396134279788,2.2265913751390167,False,False
68.32,653,t653,270,900.0,38,2,6,0.7360280189778535,False,197.27284440116512,2.6670133367286053,False,False
68.36,654,t654,220,700.0,76,5,4,0.6748327391068119,False,160.5349587073832,2.2348718263369256,False,False
68.4,655,t655,220,150.0,33,2,4,0.7507380248263881,True,31.805873298650802,2.0626131803545804,True,False
68.47,656,t656,270,200.0,20,8,5,0.6889569152595092,False,47.35767331605378,2.5432271105263937,False,False
68.54,657,t657,170,100.0,89,6,10,0.7064927494588872,True,16.50782082194343,1.592398672476695,True,False
68.57,658,t658,220,900.0,92,1,6,0.674701070121109,False,216.8349612200187,1.9996148100483802,False,False
68.62,660,t660,120,75.0,53,10,8,0.7319768704634485,True,9.389149601628127,1.2368253784036913,True,False
68.64,662,t662,170,100.0,20,9,5,0.7236834716818829,True,15.622144397675203,1.58810999284198,True,False
68.74,664,t664,170,700.0,57,6,1,0.7189321199791682,False,96.14057001495631,1.5691972409068802,False,False
68.82,665,t665,170,100.0,22,3,4,0.7621319154719365,True,16.780771884469534,1.6424200080687406,True,False
68.87,668,t668,300,250.0,76,4,1,0.73589919053162,True,67.90559350233362,2.926460813446005,True,False
69.04,669,t669,220,150.0,88,2,6,0.7305641252649631,True,34.77011533635447,2.23615789286557,True,False
69.05,670,t670,300,250.0,74,9,5,0.7246404689149119,False,82.80825112382283,2.7709730965930612,False,False
69.14,672,t672,120,75.0,66,1,6,0.6704637153853535,True,8.864913045131908,1.2481946229813028,True,False
69.17,673,t673,80,50.0,37,9,2,0.6968025412265098,True,4.242059041225739,0.8099204904740225,True,False
69.27,674,t674,170,500.0,52,9,2,0.698168951940441,False,98.58857352471243,1.6740611889653287,False,False
69.28,675,t675,220,150.0,51,4,6,0.7628277479543722,True,32.8575264384378,1.9942812856306873,True,False
69.38,676,t676,300,1200.0,65,3,4,0.7624714589806796,False,425.2721959860718,3.0710710374770755,False,False
69.46,677,t677,220,150.0,28,8,2,0.7670002685397345,False,38.238049355775786,2.3850763825044643,False,False
69.48,678,t678,80,50.0,54,7,10,0.7052924496863614,True,4.537010208949737,0.8728652630202864,True,False
69.52,679,t679,220,900.0,66,4,1,0.7367633885391695,False,197.56625710925292,2.40723820468311,False,False
69.69,680,t680,170,100.0,81,2,6,0.7313835094263305,True,16.62343249581262,1.6265737402302096,True,False
69.72,681,t681,300,1200.0,41,10,2,0.7618772756018841,False,324.4506717651415,2.7888773127378803,False,False
69.78,682,t682,270,1000.0,64,2,5,0.7209272760585691,False,301.05783620179886,2.8131947714338086,False,False
69.79,683,t683,170,100.0,76,4,1,0.7314363025865679,True,14.890987226763988,1.675132283572103,True,False
69.95,684,t684,300,250.0,25,7,10,0.7067687825108161,False,80.7246564981202,3.008341554382641,False,False
69.99,685,t685,270,1000.0,53,1,6,0.6724851077443131,False,262.2484100961963,2.82907256753472,False,False
70.06,687,t687,120,75.0,60,1,8,0.7033576811188533,True,8.730863369788635,1.256374765064547,True,False
70.14,689,t689,220,150.0,86,8,10,0.7152368620295501,True,30.561911613659813,2.075376287578438,True,False
70.18,690,t690,270,900.0,95,1,7,0.6684218942001711,True,262.2066063890252,2.551340920664506,True,True
70.2,691,t691,300,250.0,49,6,10,0.7077935611363761,False,85.06333248324091,2.9012169221096116,False,False
70.23,692,t692,270,200.0,74,10,8,0.7329195148723614,True,46.3335582720971,2.897243209681248,True,False
70.39,693,t693,220,150.0,42,9,5,0.7194043262032803,True,31.252184165619212,2.0874958583540826,True,False
70.44,694,t694,170,500.0,49,6,8,0.6887679675313315,False,70.62381934432149,1.5612550537435015,False,False
70.6,695,t695,270,200.0,41,8,5,0.6845859587725008,False,52.54769062731766,2.810018692179096,False,False
70.72,696,t696,120,75.0,34,8,10,0.716514306607141,True,8.143294172745941,1.2873295849397544,True,False
70.74,697,t697,170,500.0,27,9,4,0.6950278984758823,False,73.59304079082506,1.7291600810563184,False,False
70.86,700,t700,170,700.0,72,0,6,0.7533385501705726,False,112.54254548655736,1.73750390559758,False,False
70.91,701,t701,220,150.0,76,6,10,0.7028943565803153,True,29.716645450574656,2.0618478863437906,True,False
71.03,703,t703,300,250.0,34,2,6,0.7321865059044705,False,83.05002235714576,3.2640996994168914,False,False
71.03,702,t702,300,1200.0,64,10,2,0.7557681916283081,False,330.7538777246005,3.082351606792505,False,False
71.35,704,t704,170,100.0,55,0,8,0.7480826193589534,True,18.406918678238995,1.6483630788022716,True,False
71.43,705,t705,270,200.0,52,5,6,0.6710571425972435,True,50.06741919004938,2.444131890725915,True,False
71.56,706,t706,80,50.0,84,3,6,0.706893392354186,True,3.573180931669994,0.8796998079309175,True,False
71.81,707,t707,270,200.0,47,6,8,0.6844007899988868,False,48.4937705908236,2.644849507062812,False,False
71.88,708,t708,270,1000.0,84,7,5,0.7091588983462099,False,218.59513995546257,2.6180634748882907,False,False
71.93,709,t709,120,75.0,97,7,6,0.705123090179275,True,7.300312821591459,1.1635621977117612,True,False
72.16,710,t710,300,250.0,45,10,2,0.7497812893342035,False,83.43694298209236,3.0904304281579633,False,False
72.19,711,t711,80,50.0,54,5,8,0.7207199679723951,True,4.270641010815166,0.8521539240637961,True,False
72.21,712,t712,80,50.0,35,1,5,0.6894476184892616,True,4.487075339882008,0.8206585065838303,True,False
72.22,713,t713,300,1000.0,61,5,10,0.681775514695969,False,295.522069538068,3.2284302678059014,False,False
72.24,714,t714,300,250.0,69,7,6,0.7066028101938713,True,63.74656636870227,3.036617298403028,True,False
72.3,715,t715,270,1000.0,21,3,6,0.7083377063252841,False,217.34808957801937,2.6803996054968606,False,False
72.43,718,t718,220,900.0,72,6,1,0.7138101442462516,False,202.34535113820175,2.189433036039735,False,False
72.63,719,t719,270,900.0,87,7,6,0.7080529358081756,False,194.95478493618592,2.542533901292984,False,False
72.67,720,t720,170,100.0,27,5,6,0.6732181815634805,True,15.560258823110747,1.828243381534073,True,False
72.74,721,t721,300,250.0,87,0,8,0.7484234285102358,True,61.623482087782946,3.1307408331435997,True,False
72.75,722,t722,300,1000.0,93,9,5,0.7204469063458814,False,280.8265199093376,3.0605722825330983,False,False
72.79,723,t723,300,250.0,88,8,4,0.6804622136291454,True,64.40162193357354,2.9298847773742622,True,False
72.85,724,t724,300,250.0,22,2,6,0.7267994424530478,False,64.57373646026936,3.2476780679328394,False,False
73.05,725,t725,220,700.0,53,6,8,0.6801209560170908,False,151.01789301351647,2.1674701893891175,False,False
73.35,727,t727,300,1000.0,99,0,6,0.7475284458338279,False,255.16799337834163,2.9194865415178115,False,False
73.51,729,t729,270,200.0,21,10,8,0.733843306393096,False,56.96891265090446,2.9695860549971442,False,False
73.6,730,t730,300,1200.0,68,8,10,0.71776620229318,False,339.0220148355619,3.2856988901425366,False,False
73.62,731,t731,120,75.0,39,8,4,0.6822836360232292,True,8.173941444229888,1.2114533555554614,True,False
73.63,732,t732,300,250.0,72,7,5,0.7043839021974677,True,66.83680487326293,2.8304555429050726,True,False
73.76,733,t733,220,150.0,42,6,10,0.7042671361153757,True,29.217183356741565,2.1628819538676662,True,False
73.84,734,t734,220,900.0,76,7,10,0.7020415886787815,False,196.60284281362243,2.065901657958007,False,False
73.92,735,t735,120,75.0,51,7,5,0.7058784059717002,True,9.97150466853818,1.3132146459986545,True,False
74.01,736,t736,270,200.0,61,5,6,0.6753359997503926,True,54.719165595602774,2.717079227251879,True,False
74.11,737,t737,120,75.0,97,2,5,0.7159169123555796,True,10.22790625945147,1.2622854987978285,True,False
74.18,738,t738,270,900.0,26,5,8,0.7218877504311291,False,214.84932341754882,2.6957297010948147,False,False
74.29,739,t739,120,75.0,45,7,6,0.703300058910194,True,10.496475924274087,1.1597595209768061,True,False
74.34,740,t740,270,200.0,50,1,7,0.6704841229828343,True,55.661836247697195,2.654677572079705,True,True
74.47,741,t741,220,150.0,89,5,6,0.6774114615735666,True,29.631027933543717,2.029301426098879,True,False
74.5,742,t742,220,150.0,72,5,8,0.7168581772406882,True,35.11983535184093,1.9876276208564745,True,False
74.51,743,t743,300,1200.0,22,3,6,0.7035791340169603,False,318.4577093358587,2.907510832497609,False,False
74.55,744,t744,220,700.0,20,9,8,0.7044977161074507,False,159.22207406030353,2.137665935514816,False,False
74.55,745,t745,80,50.0,86,6,1,0.7087906080279932,True,4.324312084860196,0.8696370922352085,True,False
74.56,746,t746,220,900.0,61,4,5,0.7345608547573215,False,160.9388664255859,2.066597891824326,False,False
74.59,747,t747,300,1200.0,81,1,8,0.7045929890349378,False,332.3687703548388,2.8760673647203054,False,False
74.6,748,t748,300,1200.0,70,6,1,0.7100454625341001,False,320.1458486313433,3.0045435655999917,False,False
74.66,749,t749,220,150.0,74,7,5,0.7073430196704479,True,29.752537984623928,2.418104975205207,True,False
74.71,750,t750,80,50.0,73,10,1,0.7298504627018767,True,3.8281288305465955,0.7834344565999445,True,False
74.78,751,t751,170,700.0,36,7,6,0.7048162395501719,False,114.70448229558532,1.6853137085494234,False,False
75.1,752,t752,300,250.0,56,3,5,0.7016697414888204,False,67.82633242665297,2.843468641644444,False,False
75.18,753,t753,80,50.0,84,3,1,0.7013600771485913,True,4.534160425223288,0.732439289713188,True,False
75.19,755,t755,270,1000.0,82,10,1,0.7305559149863008,False,230.15802966682492,2.582427484609376,False,False
75.19,754,t754,300,1000.0,59,5,10,0.6773966710687163,False,324.804217574446,3.012119169202113,False,False
75.41,756,t756,170,500.0,92,8,2,0.7609169298356065,True,82.05352836216525,1.8184387382121532,True,False
75.49,757,t757,120,75.0,72,5,10,0.6731054043140087,True,10.232774864927354,1.13483365145198,True,False
75.66,758,t758,220,700.0,27,9,2,0.6933340344400938,False,183.52355490137464,2.1243236942876207,False,False
75.74,759,t759,170,100.0,75,0,1,0.7471749567993909,True,19.241634241127898,1.7416223708239191,True,False
75.83,761,t761,300,1200.0,69,7,4,0.7018688076572249,False,429.0252766844218,2.782297320825855,False,False
76.05,762,t762,270,200.0,64,7,2,0.7007971491779718,True,47.98183237096593,2.9240546161292427,True,False
76.06,763,t763,170,100.0,90,4,5,0.7292778194803569,True,18.863359820397505,1.5544812854593124,True,False
76.18,764,t764,220,150.0,62,9,10,0.6922098869516543,True,33.620484853188145,2.1814582517019385,True,False
76.34,765,t765,270,1000.0,32,8,2,0.7611292579055611,False,271.73049143345605,2.686416571619475,False,False
76.43,766,t766,80,50.0,47,2,6,0.7215201202706536,True,3.5649057039422964,0.769297589076575,True,False
76.47,767,t767,300,250.0,36,7,6,0.7001280965773503,False,63.539080385261926,3.2796754869654334,False,False
76.97,771,t771,300,1000.0,25,6,1,0.7051012199500847,False,257.52418995163754,2.8356454709706687,False,False
77.14,772,t772,220,150.0,51,8,10,0.7128190600654982,True,35.96519692028406,2.2371931913371017,True,False
77.17,773,t773,300,1000.0,61,6,10,0.7056124600597349,False,307.2244698536853,3.033566571710741,False,False
77.27,774,t774,300,250.0,37,6,10,0.7007568775252069,False,63.4799924461769,2.878799852933387,False,False
77.34,776,t776,300,250.0,39,8,4,0.6840686299694313,False,75.93101957570154,2.9150993252695416,False,False
77.45,777,t777,120,75.0,88,10,2,0.7439141250859809,True,8.401677674380148,1.262912091707728,True,False
77.49,779,t779,220,150.0,43,9,8,0.6998159436034835,True,26.690584487167342,2.316285986997412,True,False
77.7,780,t780,300,250.0,37,7,10,0.6974089387233878,False,78.43334904152078,2.921408504218191,False,False
77.89,781,t781,270,1000.0,75,4,1,0.7323897583530183,False,224.4379656402762,2.4928163742850336,False,False
77.93,782,t782,120,75.0,50,9,8,0.7014018065495958,True,9.606796590332902,1.256034993182372,True,False
77.98,783,t783,120,75.0,77,0,1,0.747813639481585,True,9.738558833958399,1.2986860114887921,True,False
78.01,785,t785,170,100.0,59,3,1,0.7029150574238013,True,15.948021890240966,1.6452462478329388,True,False
78.02,786,t786,270,200.0,94,5,6,0.6794454141602772,True,48.147182898681145,2.5029793748107583,True,False
78.12,787,t787,300,250.0,81,8,5,0.6803024214152326,True,67.1183337759366,2.836663979172001,True,False
78.26,788,t788,220,150.0,72,0,8,0.7487574214784927,True,37.53008225072265,2.174803136690517,True,False
78.35,789,t789,220,900.0,30,1,8,0.6996295907927006,False,236.30615917643334,2.149728976737228,False,False
78.36,790,t790,270,200.0,53,3,1,0.7044389380935071,False,53.62736590263102,2.8210520244114345,False,False
78.45,792,t792,120,75.0,22,5,6,0.6814386876952534,True,10.659426353823198,1.2077959289401288,True,False
78.59,794,t794,220,150.0,50,4,5,0.7302744449089315,True,27.547858280314617,2.1880037542835997,True,False
78.71,795,t795,300,1200.0,97,2,5,0.7171807559266498,False,333.3731144630596,3.216510542722175,False,False
78.73,796,t796,120,75.0,33,6,10,0.6959984066413695,True,10.620445824420168,1.2745038093717234,True,False
78.91,797,t797,220,900.0,42,10,8,0.7285746220834161,False,159.14607713937897,2.1901549126317477,False,False
78.93,798,t798,300,250.0,52,7,2,0.702211872861079,False,75.37292422928945,3.1718921063370664,False,False
78.96,799,t799,270,900.0,29,2,6,0.7225203845319071,False,278.04517835210834,2.7780289623511103,False,False
79.08,800,t800,120,75.0,63,7,2,0.6974243020705241,True,7.81021712385366,1.1015188765876733,True,False
79.2,801,t801,80,50.0,40,6,3,0.6776609512185355,False,14.419002701102897,1.3760771210179232,False,True
79.23,802,t802,270,900.0,89,3,4,0.7566302116192478,False,195.28182554384128,2.9512267233525256,False,False
79.25,803,t803,300,1200.0,69,6,10,0.6975091051752087,False,306.47965121329935,3.1081808952271883,False,False
79.33,805,t805,270,200.0,56,1,7,0.6725051071898444,True,56.62820760608864,2.45707334594779,True,True
79.5,807,t807,270,1000.0,66,10,2,0.744338304122723,False,306.64399617072723,2.746076507111219,False,False
79.52,808,t808,270,200.0,68,1,8,0.6947654605153082,True,48.321407901174126,2.7824540387380168,True,False
79.53,809,t809,220,150.0,85,2,5,0.7122453226262987,True,32.307311804495214,2.190884792386888,True,False
79.56,810,t810,300,250.0,80,3,1,0.6997583411498188,False,88.81759303406722,2.764134986904245,False,False
79.57,811,t811,120,75.0,48,3,5,0.6970445284772259,True,10.551739841763206,1.291542434620445,True,False
79.69,812,t812,270,200.0,42,3,6,0.6989157331548029,False,47.800270599368844,2.9607160615717336,False,False
79.88,813,t813,300,250.0,29,10,4,0.7272322366668967,False,74.05916549605455,3.1381893518262407,False,False
79.96,815,t815,270,200.0,57,1,5,0.691089332786143,True,54.688151691143055,2.5141250812045652,True,False
80.0,816,t816,80,50.0,28,7,4,0.6972396133222621,True,3.5261663596870334,0.7468994807212606,True,False
80.04,817,t817,300,250.0,74,1,8,0.6961726128434635,False,84.30090303168271,3.1697747380134214,False,False
80.06,818,t818,80,50.0,33,0,5,0.7825409582902446,True,3.2628897749820953,0.8238736125181587,True,False
80.07,819,t819,300,250.0,74,6,7,0.6761665936876862,True,74.06496142422166,2.901452968128325,True,True
80.07,820,t820,270,1000.0,60,7,5,0.7087783410952208,False,303.61668589414063,2.674058423180674,False,False
80.11,821,t821,220,700.0,71,10,2,0.7385799995787301,False,176.4729541019804,2.2612416284168018,False,False
80.73,826,t826,170,100.0,87,2,5,0.7135825979919544,True,19.39531336064274,1.5722222376720039,True,False
80.83,828,t828,80,50.0,65,3,1,0.6951713561450042,True,4.404283409198544,0.8502695977963101,True,False
81.06,829,t829,120,75.0,86,2,5,0.7148931278502971,True,9.03953439810623,1.2508552469500869,True,False
81.15,831,t831,80,50.0,25,4,6,0.7631533748134666,True,3.2301055720625618,0.8456879763449294,True,False
81.57,833,t833,170,700.0,54,2,6,0.7173266435079357,False,109.68561044033238,1.7628753934744674,False,False
81.58,834,t834,220,150.0,84,4,5,0.7312511378289347,True,35.80912575891427,2.390002922978568,True,False
81.7,835,t835,170,100.0,32,0,1,0.748439548510135,True,16.449760665455685,1.7716114137010341,True,False
81.74,836,t836,170,700.0,49,2,6,0.7122367773044437,False,99.53938488585015,1.685551330440919,False,False
81.84,837,t837,80,50.0,91,5,6,0.6833920957595302,True,3.821727025036835,0.8487064552746464,True,False
81.86,838,t838,270,1000.0,90,3,4,0.7509057892050447,False,278.0138614814392,2.504509084512922,False,False
81.91,839,t839,300,250.0,24,9,10,0.6939478710308031,False,65.86048023516416,3.1832466033505895,False,False
81.97,840,t840,220,150.0,82,2,5,0.716177447111473,True,31.903970733584078,2.2420671936552483,True,False
82.03,841,t841,300,1000.0,73,0,1,0.7490529393581142,False,359.39552461881016,2.919432167567283,False,False
82.08,842,t842,170,100.0,47,6,1,0.7002558622177498,True,18.22404811795399,1.6332806461581855,True,False
82.21,843,t843,220,700.0,90,5,10,0.675073962894395,False,126.84946070027678,2.0367386853892153,False,False
82.46,844,t844,270,200.0,55,4,6,0.7634724891353791,True,53.19160673245681,2.8287176519883075,True,False
82.52,845,t845,300,250.0,41,6,10,0.6928155897383713,False,70.72510205462112,3.06500295987058,False,False
82.61,847,t847,220,900.0,37,8,2,0.7551633394141165,False,206.59639351197293,2.103040596862217,False,False
82.64,848,t848,120,75.0,71,3,1,0.696850110840286,True,9.934457065031278,1.0934918497260437,True,False
82.74,849,t849,120,75.0,32,9,5,0.7152946348856305,True,10.257643037387652,1.2888867490486589,True,False
82.79,850,t850,220,150.0,88,7,4,0.6988770028739988,True,39.23687924320067,2.136379211386515,True,False
82.95,852,t852,270,900.0,21,0,1,0.7434800623891338,False,200.94966471526394,2.6958221171498384,False,False
83.27,855,t855,170,500.0,81,7,5,0.7040109560914983,False,89.91533717380521,1.5466992885398303,False,False
83.42,856,t856,220,150.0,21,9,8,0.7029559522367856,False,32.89028431314316,2.356267053330268,False,False
83.47,857,t857,170,100.0,75,9,8,0.6983050150102318,True,17.763606271238864,1.5404579685136295,True,False
83.56,858,t858,80,50.0,83,8,2,0.7493167392925009,True,3.4940261675439395,0.7636319014416612,True,False
83.62,859,t859,270,200.0,51,7,5,0.6993389187878502,True,50.98199946585726,2.6537674549365557,True,False
83.8,861,t861,270,200.0,42,2,6,0.7072487084250215,False,63.30506301925586,2.541927890371987,False,False
83.83,862,t862,300,250.0,26,6,10,0.6882159446102705,False,89.82356022330431,3.0540778233977344,False,False
84.21,864,t864,270,200.0,96,8,10,0.71414486068237,True,63.43201774140399,2.815430622464447,True,False
84.68,865,t865,170,100.0,57,9,8,0.699921096528209,True,20.265936637125076,1.7004163071539318,True,False
84.73,866,t866,300,250.0,97,1,5,0.6926982127970868,True,84.98231572907416,2.8542330208598434,True,False
84.78,867,t867,270,200.0,39,4,1,0.7271501450041399,False,49.27557914042149,2.5108323959596857,False,False
84.85,868,t868,220,700.0,77,0,2,0.7420756871034921,False,136.0318981226762,2.184638585863222,False,False
84.93,869,t869,270,900.0,67,0,6,0.7418345435838181,False,204.22141394915553,2.500531562222909,False,False
84.98,870,t870,220,900.0,37,4,6,0.7637852211708532,False,212.82120110952894,2.393652327075536,False,False
85.0,871,t871,120,75.0,49,5,8,0.7181031955140563,True,8.503153243502798,1.3082177857865143,True,False
85.14,872,t872,170,500.0,55,0,8,0.7490847345873843,False,84.53062197024882,1.6070195304763955,False,False
85.17,873,t873,300,250.0,77,9,4,0.6903840071730313,True,64.6003527339341,2.734299653287151,True,False
85.27,874,t874,270,200.0,24,5,10,0.6708291503031739,False,51.035732135309416,2.859574280601379,False,False
85.29,875,t875,270,200.0,85,5,4,0.6707442661428574,True,54.332473974447005,2.714980316887848,True,False
85.34,877,t877,220,150.0,85,10,1,0.7250732582250363,True,33.93876781637444,2.34460106226968,True,False
85.36,879,t879,220,150.0,24,7,4,0.7004816446347006,False,36.93115812628117,2.0657018129279834,False,False
85.4,880,t880,300,1000.0,91,3,1,0.6984952904416621,False,272.14347612128233,2.8767538967135096,False,False
85.42,881,t881,270,900.0,66,5,8,0.719323313421957,False,270.6202483216659,2.4667674525102394,False,False
85.43,882,t882,120,75.0,22,7,5,0.700934322230275,True,8.959783532548624,1.092839680056716,True,False
85.52,883,t883,300,250.0,48,5,8,0.7143450289716997,False,67.66957798141065,3.275360761695327,False,False
85.57,884,t884,170,100.0,50,3,4,0.7452958552391257,True,13.772991669016564,1.6512117762860659,True,False
85.61,885,t885,170,100.0,66,6,10,0.6837082923847317,True,18.424129608069457,1.6984280355282013,True,False
85.66,886,t886,270,900.0,46,10,7,0.7242612517422445,True,225.77943730752096,2.7784539006585436,True,True
85.69,887,t887,80,50.0,90,10,2,0.7329368611256171,True,3.60659132775435,0.8008560805035974,True,False
85.86,888,t888,120,75.0,97,1,8,0.6913776221250558,True,10.277654856501158,1.3016762070545194,True,False
85.99,889,t889,80,50.0,83,7,5,0.7024978176038513,True,4.369680955063618,0.821307301647792,True,False
86.16,890,t890,170,100.0,65,3,5,0.6986858197258632,False,20.145125878600513,1.6972091554668995,True,False
86.35,893,t893,170,500.0,98,1,5,0.6942749152078117,True,71.83136490424434,1.6400694887438194,True,False
86.49,895,t895,300,250.0,67,2,3,0.7052558756015553,False,234.9006288159079,7.019467038830565,False,True
86.49,896,t896,300,250.0,21,5,6,0.6853064356625213,False,68.37998383601771,3.2767480446608737,False,False
86.51,897,t897,300,1000.0,74,7,2,0.6989064826957803,False,246.3358947582286,3.191108959014465,False,False
86.55,898,t898,300,1000.0,45,9,4,0.6920069936962373,False,323.2175737897396,2.7039637927072344,False,False
86.72,900,t900,220,150.0,93,4,6,0.7579176985656181,True,34.645209353090834,2.1368071409945717,True,False
86.79,901,t901,80,50.0,97,2,5,0.7174360799874254,True,3.2719305285574687,0.8589984728135316,True,False
86.87,902,t902,220,150.0,89,6,10,0.6854647932037038,True,35.09926579979372,2.019359557400263,True,False
86.91,903,t903,170,100.0,93,7,6,0.6955337164639852,True,18.515306395123577,1.6596851418509642,True,False
87.1,904,t904,270,1000.0,69,10,2,0.7335805854415662,False,254.22005370216127,2.7232670149743234,False,False
87.11,905,t905,220,900.0,35,5,6,0.6810084887674527,False,199.5225208409351,2.341167040136188,False,False
87.25,906,t906,220,150.0,72,4,5,0.7322082968905378,True,34.836969296503575,2.308754785552427,True,False
87.29,907,t907,300,1000.0,41,0,5,0.7823208057911064,False,259.83549574643206,3.15301241566378,False,False
87.31,908,t908,220,150.0,92,6,10,0.6871861640062963,False,31.61261387621829,2.202486332940342,True,False
87.31,909,t909,170,100.0,42,1,5,0.6958200835703222,True,17.798922529907557,1.7337453774903564,True,False
87.48,910,t910,220,150.0,49,9,5,0.7164194088545844,True,39.32596920374301,2.1605655445915994,True,False
87.49,911,t911,120,75.0,25,1,7,0.674485671712714,True,8.774510639446731,1.3107968706117457,True,True
87.51,912,t912,80,50.0,89,5,8,0.7094663102104476,True,3.4035527562907553,0.7275877341438394,True,False
87.52,913,t913,270,200.0,44,5,8,0.7108591658244204,False,59.54620973673498,2.6759833740275236,False,False
87.64,914,t914,300,250.0,40,4,5,0.7331463127709088,False,71.72875042956291,2.9724852140360722,False,False
87.65,915,t915,270,900.0,69,1,5,0.6973343485655824,False,205.87033284782427,2.439911552355152,False,False
87.66,916,t916,170,100.0,66,3,4,0.745972119952525,True,16.946151077620502,1.6995523353026474,True,False
88.0,919,t919,220,700.0,91,7,6,0.6972052239528873,False,149.49945618272324,2.0250544234268535,False,False
88.12,921,t921,300,1000.0,39,7,2,0.6941850197085314,False,275.9636747517799,3.2717127931483674,False,False
88.18,923,t923,80,50.0,21,2,6,0.7023604009231877,True,3.3339202823909067,0.7742546752070927,True,False
88.26,925,t925,170,100.0,54,0,8,0.7432315014340982,True,17.444337393755966,1.5391192136501537,True,False
88.27,926,t926,170,500.0,77,1,7,0.6764266249451264,True,83.45708587727692,1.7843514429561247,True,True
88.34,927,t927,300,250.0,49,10,1,0.7258742545989971,False,75.29644772889559,2.889853044162534,False,False
88.53,929,t929,270,200.0,86,8,10,0.7154441452869045,False,45.15148786249676,2.892234726299658,True,False
88.57,930,t930,300,1000.0,42,0,1,0.7380186429595329,False,317.26104558062,2.723255156377851,False,False
88.65,931,t931,270,900.0,48,5,6,0.6767965008102854,False,256.6441881893854,2.4591438398456145,False,False
88.94,932,t932,80,50.0,61,6,1,0.7016814116400615,False,3.3816501788851925,0.8349310264712915,True,False
88.96,934,t934,220,150.0,37,6,1,0.6969044500739269,True,35.3624681495556,2.2117336960741776,True,False
88.97,935,t935,270,900.0,76,4,1,0.7220153239222389,False,237.3288794205352,2.8770314095953307,False,False
89.12,937,t937,170,500.0,73,10,8,0.7234113114599295,False,96.0968889146179,1.5422763327850326,False,False
89.35,938,t938,120,75.0,24,4,5,0.7278915683336725,True,8.034507447490201,1.1198933427821787,True,False
89.35,939,t939,300,1000.0,78,0,8,0.7436693329438777,False,327.79564188146156,3.0279102195800016,False,False
89.52,940,t940,270,200.0,84,3,5,0.6941202851495277,False,52.05734160485538,2.9304902697263526,True,False
89.6,941,t941,270,200.0,94,6,10,0.6826991073928371,True,48.09102508774501,2.585565528974884,True,False
89.7,942,t942,270,200.0,55,1,7,0.6783287591128906,True,58.31634208865767,2.644340900722548,True,True
89.91,944,t944,170,500.0,88,5,6,0.6726687526122616,True,86.61504250433218,1.5391501697959635,True,False
89.96,945,t945,300,250.0,28,4,1,0.7169831992619761,False,78.67392816680966,3.051197457852558,False,False
90.07,946,t946,170,100.0,56,1,7,0.6801928505972995,True,16.08627472014265,1.5366929996139862,True,True
90.2,947,t947,120,75.0,63,0,4,0.7375654999085163,True,8.058050318220387,1.1735197743979056,True,False
90.28,948,t948,170,100.0,38,8,10,0.7105434441993482,False,18.66606311838922,1.695711706819799,True,False
90.33,949,t949,80,50.0,27,2,4,0.7513054461480423,False,3.275813797815248,0.874008263423336,True,False
90.58,952,t952,80,50.0,26,7,4,0.6958801935601885,True,4.132792050459701,0.7303732027635986,True,False
91.21,957,t957,170,100.0,92,6,10,0.684475791911647,True,14.601864766380318,1.6161445188224373,True,False
91.25,958,t958,80,50.0,28,7,4,0.6975447715071665,True,4.5987935213001645,0.8636721986538016,True,False
91.28,960,t960,300,250.0,37,5,4,0.6729115626381821,False,68.47422192308018,3.0825616303207437,False,False
91.48,961,t961,300,250.0,58,9,8,0.7015048564158266,False,79.33514361870547,2.725054460012574,False,False
91.59,963,t963,300,250.0,46,1,7,0.6820196602520202,True,74.94024036083786,2.7234392141983275,True,True
91.59,962,t962,120,75.0,88,6,1,0.698397027739115,True,10.207545259946164,1.1919648041827524,True,False
91.71,964,t964,220,150.0,49,6,1,0.6998597538509993,True,30.069205053502696,2.329791308174845,True,False
91.75,965,t965,300,250.0,67,4,6,0.7583415264124875,False,79.73586086134237,3.0915751947544026,False,False
91.9,967,t967,80,50.0,53,9,8,0.6968829411056919,True,4.719912236552656,0.8614490122791096,True,False
92.07,969,t969,270,200.0,71,0,5,0.7759310563419509,True,64.65915042126737,2.53821949652275,True,False
92.13,970,t970,120,75.0,30,4,6,0.7525828777024196,True,9.901019602076657,1.1293860165105725,True,False
92.14,971,t971,220,150.0,52,0,8,0.7379244078234617,True,31.601921951304487,2.0772261742884868,True,False
92.24,972,t972,300,250.0,49,6,7,0.6782254436321143,True,74.92568288698986,2.997981280661188,True,True
92.31,973,t973,300,1000.0,33,5,6,0.6747975593781982,False,357.8386777018905,2.7964624388950354,False,False
92.38,975,t975,170,100.0,79,9,10,0.6894770954283689,True,18.261864157353575,1.6272000963489555,True,False
92.56,976,t976,270,200.0,61,2,4,0.7456875190432632,True,51.11296077898773,2.625299964978083,True,False
92.57,977,t977,170,100.0,21,5,1,0.6703952136963716,True,18.43494385558311,1.6628739178081189,True,False
92.62,978,t978,220,150.0,49,5,1,0.6724179760891108,True,29.805296621774556,2.1475957828014813,True,False
92.63,979,t979,270,200.0,28,10,4,0.7219442586002255,False,53.503243748000045,2.9598277709734737,False,False
92.86,981,t981,170,100.0,78,7,10,0.6928689417671019,True,15.826292145733571,1.7469115280460996,True,False
92.88,983,t983,300,1200.0,58,4,1,0.7120517170949183,False,408.6124737285235,2.7118086125049126,False,False
92.88,982,t982,120,75.0,27,1,8,0.6928525312210163,True,10.294379771717995,1.2308341779779706,True,False
93.09,985,t985,220,150.0,58,5,1,0.6744002832339953,True,37.75303634673961,2.2640612951347143,True,False
93.16,987,t987,220,150.0,20,10,1,0.7204852310454788,False,33.618780688499974,2.3945816345042625,False,False
93.24,989,t989,300,250.0,59,10,2,0.7280374352711965,False,61.22956520289057,3.137827533387937,False,False
93.58,990,t990,220,700.0,62,10,8,0.7183512670489128,False,128.08718550928057,2.035306278041923,False,False
93.61,991,t991,300,1200.0,40,7,10,0.6945937447499416,False,318.2969517789288,3.2129106363041497,False,False
93.87,992,t992,220,900.0,68,4,1,0.7072188645712018,False,200.89945968413625,2.0901521224612774,False,False
93.91,993,t993,270,200.0,55,1,8,0.6942979421350575,True,52.34755899919312,2.76816299724147,True,False
93.92,994,t994,170,100.0,85,7,5,0.7040300430699561,True,20.21552261606869,1.8048705220737036,True,False
94.01,996,t996,170,700.0,63,5,6,0.670709790008816,False,124.65426291274213,1.6740966463857834,False,False
94.06,997,t997,120,75.0,72,9,5,0.7175216873441594,True,8.918690669625441,1.207223323952639,True,False
94.11,998,t998,300,250.0,70,1,7,0.6838099337136464,False,204.94472836962015,5.852899298356766,False,True
94.12,999,t999,270,900.0,30,6,10,0.6862169427400807,False,244.50813756045036,2.7801968850178422,False,False
94.21,1000,t1000,80,50.0,35,7,4,0.699176057895205,True,4.4227537383218065,0.7848994077595619,True,False
94.24,1001,t1001,80,50.0,52,5,4,0.6688615132036003,True,4.002208164048439,0.7540900288077375,True,False
94.3,1002,t1002,300,250.0,74,3,1,0.6939335664510108,False,75.73156011439694,3.238531123393827,False,False
94.31,1003,t1003,220,150.0,65,5,1,0.6763429442359821,True,35.016198240659804,2.2744694651479787,True,False
94.35,1004,t1004,80,50.0,33,7,5,0.7055316240267387,True,3.8817257337285915,0.8619742624028985,True,False
94.36,1005,t1005,220,700.0,33,1,8,0.6957144448308179,False,158.65881148442526,2.1529536342422673,False,False
94.37,1006,t1006,300,1200.0,25,8,5,0.6822785548051098,False,378.08467335248827,3.125191286738598,False,False
94.5,1008,t1008,300,250.0,73,7,5,0.7070031733643858,False,79.72101800185379,3.077441560196034,False,False
94.61,1009,t1009,270,200.0,77,0,8,0.738468381205454,True,57.51313275809799,2.819359941124948,True,False
94.71,1010,t1010,120,75.0,29,5,4,0.6710664647577101,True,10.68944004151161,1.3053656394352757,True,False
94.75,1011,t1011,300,1000.0,39,8,10,0.7057407571335431,False,324.4177776008799,3.189703515186688,False,False
94.76,1012,t1012,220,150.0,90,10,4,0.7167620400948878,True,26.480785702063184,2.040986824983715,True,False
94.87,1013,t1013,300,250.0,20,9,8,0.6985274641017598,False,66.18745074661719,2.851309145118095,False,False
94.91,1014,t1014,80,50.0,74,0,8,0.7390014751198064,False,4.798219913737341,0.8247267855783638,True,False
95.09,1017,t1017,270,200.0,90,3,4,0.7466348593716563,True,46.71328696985703,2.9608784781191817,True,False
95.17,1018,t1018,220,150.0,87,4,1,0.7024826690979596,True,33.86186017012439,2.145433859211013,True,False
95.2,1020,t1020,220,900.0,77,9,10,0.6912697353379833,False,164.1302742339627,2.2037767768359613,False,False
95.2,1019,t1019,270,900.0,87,3,6,0.6943456003098887,False,277.84632809390945,2.938629689236377,False,False
95.25,1022,t1022,270,200.0,49,4,5,0.7289159187851809,False,44.650158288017046,2.544205859172822,True,False
95.34,1023,t1023,300,250.0,35,5,1,0.678246752017929,False,81.35941408747367,2.929403998598638,False,False
95.38,1024,t1024,220,900.0,46,9,8,0.6939650966379065,False,214.1248425829352,2.1932011937146116,False,False
95.43,1025,t1025,270,900.0,99,1,7,0.6688064017060401,False,530.7801827534128,6.734068843612425,False,True
95.44,1027,t1027,220,900.0,85,3,6,0.6898668701218728,False,172.78206962192277,1.992838393881287,False,False
95.44,1026,t1026,270,200.0,96,4,1,0.7040151975341823,True,52.798124318693986,2.827023398215332,True,False
95.72,1029,t1029,300,250.0,88,1,8,0.690928617472663,True,82.60829928915,3.177605547004335,True,False
95.73,1030,t1030,170,100.0,79,9,5,0.7186019202639429,True,15.347974391010428,1.684989557743823,True,False
95.75,1031,t1031,220,900.0,38,7,6,0.6926693012920114,False,171.70560809714877,2.0250549980896806,False,False
95.77,1032,t1032,170,500.0,42,4,1,0.7055170754016805,False,91.42259892910023,1.6264627177782538,False,False
95.78,1033,t1033,270,200.0,97,9,8,0.6894939765233302,True,55.49958081529325,2.576212966070277,True,False
95.82,1034,t1034,170,700.0,24,2,4,0.7463559504805798,False,128.48099037629757,1.7759576087350897,False,False
95.93,1035,t1035,120,75.0,82,7,10,0.6901100516731246,True,10.075935622756198,1.2267315022792544,True,False
96.12,1036,t1036,270,200.0,41,5,8,0.7060501643261138,False,62.447509132681375,2.7894191711219505,False,False
96.42,1037,t1037,270,200.0,93,6,1,0.701293225440646,True,54.82435944245061,2.737827329256503,True,False
96.56,1038,t1038,170,100.0,68,9,8,0.6912862788110453,False,18.898143297173704,1.5752681811700802,True,False
97.09,1039,t1039,80,50.0,55,8,4,0.6796439240367093,True,4.138916417490038,0.7690113439275138,True,False
97.15,1041,t1041,270,200.0,69,5,8,0.7013373428577734,True,60.29535814175357,2.5530631890023483,True,False
97.21,1042,t1042,220,150.0,52,6,8,0.6759267187149308,True,31.42885949504175,2.3782751362104992,True,False
97.28,1043,t1043,220,150.0,92,1,8,0.6924125066616713,True,31.186790181266662,2.016395050537521,True,False
97.28,1044,t1044,80,50.0,85,1,8,0.6938667180668994,True,4.786391734362916,0.727225540481932,True,False
97.45,1046,t1046,80,50.0,32,7,10,0.691890032457844,True,3.947973485879567,0.8045066843267525,True,False
97.47,1047,t1047,270,1000.0,56,2,5,0.7186695402058587,False,304.41791851952087,2.592223955293436,False,False
97.51,1048,t1048,170,100.0,74,3,5,0.6896460612647191,True,17.100748606383426,1.865925164375943,True,False
97.51,1049,t1049,270,200.0,33,1,6,0.6682920722560936,False,59.23980784642757,2.791836879183645,False,False
97.71,1051,t1051,300,1000.0,91,2,4,0.7408370132891501,False,352.1744015051099,3.2755872308109657,False,False
97.73,1052,t1052,170,100.0,20,8,10,0.701034123809054,True,14.570596752207143,1.8327754139884798,True,False
97.81,1053,t1053,270,900.0,94,0,5,0.7758431018817786,False,286.17009510950953,2.912337983694972,False,False
97.82,1054,t1054,270,200.0,32,2,5,0.7137043312199234,False,60.49530859505334,2.4462669885780266,False,False
97.89,1055,t1055,270,900.0,78,3,1,0.6894630769401723,False,270.4080087394503,2.9250810451169094,False,False
98.05,1056,t1056,300,250.0,24,9,5,0.7196605485253307,False,87.41045088007472,3.0420808000164197,False,False
98.2,1057,t1057,170,700.0,82,9,5,0.7145240042214908,False,120.61526505208829,1.5774383266373349,False,False
98.36,1061,t1061,300,250.0,21,3,4,0.7472843440024051,False,88.16155941018484,3.1149912978464322,False,False
98.65,1064,t1064,170,500.0,85,3,4,0.7417468389405388,False,98.63549830706735,1.8552151638050989,False,False
98.85,1067,t1067,220,150.0,89,7,4,0.7007747185554828,True,37.50325800477626,2.172958539228052,True,False
99.19,1068,t1068,300,1000.0,37,1,5,0.6926443282609375,False,253.27348172730814,3.017495066857415,False,False
99.38,1070,t1070,120,75.0,60,7,5,0.7022712917152799,True,7.437094170692956,1.2603316310969859,True,False
99.47,1071,t1071,270,1000.0,68,1,5,0.6880481083623854,False,310.87722510022326,2.5072527912201727,False,False
99.54,1072,t1072,170,500.0,96,6,10,0.6817492705519458,True,68.53206483332204,1.786333220167994,True,False
99.55,1073,t1073,170,500.0,49,3,5,0.6914353218576065,False,86.40898019267497,1.6319357075013403,False,False
99.56,1074,t1074,300,1000.0,31,5,1,0.6739384836442371,False,350.59197091703874,3.2738145596627706,False,False
99.62,1075,t1075,120,75.0,64,9,2,0.6885958152897536,True,10.223421463361511,1.2745132357929474,True,False
99.63,1076,t1076,220,900.0,88,10,4,0.7178574659596566,False,225.86766496356324,2.145052719530709,False,False
99.71,1078,t1078,80,50.0,86,3,6,0.6854777145376171,True,3.7282479786376395,0.7207249098439515,True,False
99.77,1079,t1079,120,75.0,27,9,4,0.6874235204889794,True,7.383330576520617,1.1456609181350195,True,False
99.88,1080,t1080,220,150.0,96,1,8,0.6952918452440231,True,31.367355163664143,2.1817487015225443,True,False
100.11,1082,t1082,170,100.0,76,6,8,0.677990366158814,True,16.893072653710696,1.6525352711156158,True,False
100.18,1083,t1083,170,500.0,20,10,7,0.7163514934679683,False,272.3555916037463,4.7554247053607845,False,True
100.22,1084,t1084,120,75.0,58,4,5,0.7237457822276591,True,9.727151790548701,1.1917791344636819,True,False
100.46,1085,t1085,170,100.0,56,6,10,0.6835449518075736,True,20.284533335442063,1.8074613151639038,True,False
100.57,1086,t1086,170,100.0,66,9,5,0.7094901908037275,False,13.746380647886964,1.6942823594409169,True,False
100.59,1087,t1087,80,50.0,28,6,8,0.6800127406538196,True,3.219990899261023,0.8442419348489456,True,False
100.71,1088,t1088,300,250.0,83,9,4,0.6891057167458664,False,89.69509224613421,3.0199966658009405,False,False
100.73,1089,t1089,220,150.0,57,6,8,0.6819946676589249,True,33.56391741164082,2.049299898185847,True,False
100.9,1090,t1090,220,900.0,76,10,8,0.7133924235261163,False,223.12325603684056,2.3737104219010017,False,False
100.95,1091,t1091,220,150.0,96,5,1,0.6697163806380191,True,31.976055225794376,2.3324292747161888,True,False
100.98,1092,t1092,270,200.0,39,2,6,0.7037438595713906,False,59.40297408290371,2.5758612561557097,False,False
101.0,1093,t1093,270,200.0,47,2,5,0.7088384264137068,False,62.40481549479686,2.4366466470230965,False,False
101.15,1094,t1094,120,75.0,69,3,6,0.6873503420650465,True,10.193300001040695,1.1564452916294814,True,False
101.23,1095,t1095,220,900.0,71,4,1,0.7008149157118287,False,164.9602689193522,2.085832622595984,False,False
101.29,1096,t1096,300,250.0,79,8,10,0.7025956231510547,True,76.91959242580599,3.2459124024816193,True,False
101.35,1097,t1097,170,100.0,76,5,1,0.6717527196919254,True,18.344655844349642,1.8372215731056178,True,False
101.43,1099,t1099,120,75.0,82,7,10,0.6936344136268688,True,9.294839089695959,1.26080727504362,True,False
101.45,1100,t1100,170,700.0,84,3,6,0.6891855170419274,False,139.7613769352353,1.8595959035881195,False,False
101.52,1101,t1101,220,700.0,32,10,2,0.7226051481042339,False,168.23689551822312,2.2010178303315864,False,False
101.59,1102,t1102,300,1200.0,53,7,5,0.7038080476991561,False,384.08999550136275,3.065125126994777,False,False
101.7,1103,t1103,170,100.0,68,10,2,0.7172815066806109,True,14.784105329626266,1.6089949529433503,True,False
101.79,1104,t1104,270,200.0,90,5,4,0.6732273172807378,True,48.63211651312572,2.8795731875125723,True,False
101.81,1105,t1105,220,150.0,52,3,5,0.6870147972386361,True,37.08856033405428,2.2827853330401204,True,False
101.82,1106,t1106,80,50.0,51,4,5,0.7248530484012877,True,3.793612772356865,0.7719142252006012,True,False
101.97,1107,t1107,300,1000.0,84,7,4,0.7023414060025549,False,282.2415630298768,2.9515814737810055,False,False
102.04,1108,t1108,170,700.0,22,10,2,0.7182383380854602,False,137.04934351793835,1.5957867220104378,False,False
102.09,1109,t1109,220,150.0,39,2,6,0.6989256490466296,True,32.48276897537083,1.9943791607452919,True,False
102.14,1110,t1110,270,200.0,33,2,6,0.7003778027323636,False,50.61531620669499,2.8893785964506216,False,False
102.19,1111,t1111,300,1000.0,68,9,8,0.6868687350530063,False,269.1374537787835,3.0850697964895906,False,False
102.31,1112,t1112,220,900.0,78,7,10,0.6953439071725133,False,221.14644934716807,2.181628041755266,False,False
102.43,1113,t1113,270,1000.0,96,9,10,0.6868525224494054,False,285.2701800650037,2.724777491356859,False,False
102.45,1114,t1114,300,250.0,46,9,4,0.6845802690776158,False,75.21892193560227,3.020454176130115,False,False
102.5,1115,t1115,300,1000.0,84,9,5,0.7045570536543198,False,292.17020964422227,2.894066716559034,False,False
102.69,1116,t1116,170,500.0,97,1,5,0.6835438128618044,True,78.50491155801265,1.6224905498729538,True,False
102.71,1117,t1117,120,75.0,97,6,8,0.6839369561239282,True,9.54633056895527,1.3128071022508643,True,False
102.87,1118,t1118,300,1000.0,94,5,8,0.7028927778187998,False,306.52374689857083,2.9807437722789643,False,False
102.93,1119,t1119,80,50.0,40,10,1,0.7152039879630308,True,4.019861759272097,0.7421465435194791,True,False
103.08,1121,t1121,270,200.0,90,5,4,0.6753449527533048,True,45.441865690501814,2.7555270891931074,True,False
103.24,1123,t1123,220,900.0,66,7,4,0.6977027597006856,False,208.85097935300558,2.011041000104506,False,False
103.32,1124,t1124,300,250.0,40,1,8,0.6966884698776041,False,62.4201706317334,3.1031812921733954,False,False
103.33,1125,t1125,220,150.0,74,2,5,0.7040698397036145,True,27.52858553717132,2.0701814330034454,True,False
103.48,1126,t1126,170,100.0,34,7,10,0.6908452108472448,True,14.901610202297537,1.7866370763666541,True,False
103.57,1127,t1127,170,700.0,63,0,5,0.7695829065108098,False,95.24532192088319,1.742083033188417,False,False
103.61,1128,t1128,300,1000.0,99,7,10,0.6926104884484817,False,281.4964258170181,2.802515499214419,False,False
103.66,1129,t1129,220,700.0,72,1,6,0.6641828974776384,False,168.21885995992886,2.0732488902399626,False,False
103.68,1130,t1130,80,50.0,32,3,4,0.7363200839799099,True,4.482580157868352,0.7951028574634322,True,False
103.7,1132,t1132,170,500.0,83,4,5,0.7259381692514438,True,82.20964087858184,1.5749217716876878,True,False
103.7,1131,t1131,270,200.0,90,5,1,0.6737483319647536,True,43.351808922204825,2.8307949455896027,True,False
103.87,1133,t1133,170,100.0,26,1,8,0.6918831620185135,True,18.050475477277438,1.628146774616644,True,False
103.88,1134,t1134,170,100.0,90,8,10,0.7041258925062155,True,15.797529256722827,1.6985767353638814,True,False
103.96,1135,t1135,120,75.0,85,5,1,0.6757040319921251,True,9.051048297944217,1.2605682043913315,True,False
104.2,1137,t1137,270,200.0,23,2,4,0.735428454841549,False,51.535901320100535,2.6502613922214104,False,False
104.3,1138,t1138,300,250.0,33,6,1,0.7026980275984998,False,65.36367821638163,3.056562033177725,False,False
104.38,1139,t1139,300,1000.0,88,9,2,0.6901263605224199,False,245.3153509503298,3.0682656152046217,False,False
104.65,1140,t1140,120,75.0,94,9,2,0.6854522948504331,True,10.798147650704811,1.2011764872114064,True,False
104.79,1141,t1141,220,150.0,81,0,5,0.7634479150472603,True,38.25489750502781,2.006373523228911,True,False
104.86,1142,t1142,220,900.0,64,2,4,0.7301280675628998,False,165.7339209909662,2.2049743734099554,False,False
104.91,1143,t1143,120,75.0,86,3,5,0.6888566831120453,True,10.311073287437083,1.258758966623241,True,False
105.02,1144,t1144,80,50.0,34,5,8,0.6982431040806056,True,4.755783413151219,0.8348514747718906,True,False
105.09,1145,t1145,220,150.0,91,3,1,0.6850819972195507,True,35.026858584075725,2.2218557394653113,True,False
105.27,1146,t1146,300,250.0,26,7,5,0.6991400685633548,False,70.91464900345969,2.757004918465518,False,False
105.57,1147,t1147,220,900.0,28,0,4,0.7382448565770126,False,232.3865677923393,2.3905481258233707,False,False
105.84,1149,t1149,270,200.0,38,0,2,0.7366423551796042,False,47.57529917299039,2.933336535413313,False,False
105.91,1151,t1151,300,1000.0,35,5,1,0.6776206180189493,False,351.6243483548938,2.8034965275444215,False,False
106.03,1152,t1152,270,200.0,20,7,2,0.6895579859810275,False,58.54315683955559,2.651885668775688,False,False
106.05,1153,t1153,170,100.0,52,8,10,0.7056255564742729,False,18.598785524983555,1.643041217559379,True,False
106.16,1155,t1155,270,200.0,72,8,10,0.7009212271629693,True,52.16790483766164,2.6957852923475727,True,False
106.18,1156,t1156,220,900.0,56,6,10,0.6853047194380888,False,192.62000989374803,2.2453948216322503,False,False
106.27,1157,t1157,170,500.0,31,2,5,0.705570624727724,False,71.60431999066401,1.8139014821653088,False,False
106.3,1158,t1158,300,250.0,95,3,5,0.6906617312679862,True,77.80820446166702,3.297187277582145,True,False
106.51,1159,t1159,170,700.0,76,4,6,0.7531134019665531,False,132.95519296993194,1.648130102386043,False,False
106.6,1160,t1160,300,250.0,83,3,1,0.6869625390933415,False,84.76990583848266,3.1291503276095725,False,False
106.81,1161,t1161,220,150.0,47,3,5,0.6924306784608082,True,31.86060456678887,2.250003685912737,True,False
106.86,1162,t1162,270,200.0,91,10,1,0.7162023697422317,True,60.922475815626896,2.673868345175996,True,False
106.87,1163,t1163,270,200.0,84,8,10,0.7024849844378919,True,48.25366119370529,2.9113504874130403,True,False
106.87,1164,t1164,170,500.0,89,0,8,0.733349907155872,False,89.18814048645422,1.5379930072695323,False,False
107.13,1166,t1166,80,50.0,20,5,4,0.6774202355164206,True,4.613440417074659,0.7513503127156298,True,False
107.32,1168,t1168,170,100.0,62,7,6,0.6882240970843531,True,16.944907718762696,1.5366585108142374,True,False
107.47,1169,t1169,120,75.0,58,2,4,0.7249336880298237,True,8.006843648788525,1.1120783246591384,True,False
107.57,1170,t1170,80,50.0,88,6,10,0.6808552917159937,True,4.542598431641699,0.8226512053334555,True,False
107.65,1171,t1171,270,900.0,46,10,2,0.7130020328622126,False,227.045700829594,2.4418518657395865,False,False
107.72,1172,t1172,270,200.0,64,0,5,0.7636096234129818,True,47.412602596853176,2.609807053871665,True,False
107.74,1173,t1173,300,1200.0,55,0,4,0.732736626112139,False,362.5617552735477,2.893166714978066,False,False
107.89,1175,t1175,300,1200.0,53,6,10,0.6826688525483404,False,385.0045009091892,3.1050421841724316,False,False
107.89,1174,t1174,220,700.0,54,3,4,0.7371758641184935,False,153.99439205955852,2.2188045537848162,False,False
107.98,1176,t1176,300,1200.0,42,8,2,0.7497610711733175,False,320.7529955454677,3.1762688443857714,False,False
108.03,1177,t1177,120,75.0,79,9,5,0.6997225792479,True,10.113716322323935,1.176866399099892,True,False
108.09,1178,t1178,300,1000.0,49,7,4,0.6931568863248537,False,241.40778482596212,3.0475907326929335,False,False
108.11,1179,t1179,270,200.0,41,5,1,0.673324872325237,False,63.998052950647384,2.8212728919315686,False,False
108.23,1180,t1180,300,1000.0,71,4,6,0.7474593157454038,False,353.8370295339601,2.8485615654357463,False,False
108.27,1181,t1181,80,50.0,44,10,4,0.7127569833071302,True,4.299381183543245,0.7548279287206836,True,False
108.4,1182,t1182,120,75.0,22,10,6,0.7116201503465145,True,9.118963869869312,1.3158756237548472,True,False
108.44,1183,t1183,170,100.0,93,6,10,0.6782721421640403,True,19.857460379627895,1.8665835063907912,True,False
108.65,1185,t1185,120,75.0,82,5,4,0.679454012624274,True,8.060360304723464,1.1054639349854185,True,False
108.66,1186,t1186,80,50.0,55,4,5,0.7270015876845969,True,4.2670070403523574,0.7723836269305888,True,False
108.72,1187,t1187,220,150.0,75,8,2,0.7440225164165178,True,31.325519026152655,2.301172434620343,True,False
108.78,1188,t1188,170,100.0,45,1,5,0.685303603271235,True,13.886533276610377,1.6928121090649524,True,False
108.84,1189,t1189,80,50.0,96,4,10,0.6985425003678042,False,4.72749596055495,0.7207467550708663,True,False
108.86,1190,t1190,270,200.0,40,3,6,0.6848099885192708,False,45.226392525186434,2.7768098152691336,False,False
109.15,1192,t1192,80,50.0,98,4,5,0.7280437377490867,True,4.033816106953628,0.755407708860917,True,False
109.17,1193,t1193,270,200.0,48,8,10,0.7040174665673158,False,63.129711946866806,2.5078224286022732,False,False
109.2,1194,t1194,80,50.0,93,0,5,0.7637680976113889,True,4.69045176043699,0.8367852150257582,True,False
109.21,1195,t1195,170,100.0,52,5,1,0.6691150415453989,True,19.991680696106485,1.5564291623318307,True,False
109.22,1197,t1197,270,200.0,48,5,8,0.6998604238171753,False,63.26118964437298,2.8972433625691805,False,False
109.22,1196,t1196,170,100.0,78,3,5,0.6941642467097738,True,17.830508542341487,1.7440700332663428,True,False
109.49,1199,t1199,80,50.0,39,4,1,0.696206799215774,True,4.728764552651972,0.8487565540936743,True,False
109.61,1200,t1200,220,900.0,70,1,5,0.6870281978724769,False,158.91011766953497,2.0407426986453387,False,False
109.73,1201,t1201,170,100.0,91,1,6,0.6601559061947523,True,16.981897364294845,1.6969378171136404,True,False
109.91,1203,t1203,170,100.0,74,1,5,0.682544300581694,True,17.004942773533244,1.5987238134486392,True,False
109.97,1204,t1204,220,900.0,37,4,1,0.6978648450496403,False,208.25527029383264,2.379967069988061,False,False
110.18,1206,t1206,80,50.0,49,4,10,0.6938283170271148,True,4.752343120869625,0.8198448141510403,True,False
110.36,1207,t1207,220,150.0,66,10,6,0.7128184140062509,True,35.09918515657415,2.2080190682340564,True,False
110.51,1208,t1208,120,75.0,56,10,1,0.7171807838858486,True,8.952401143142273,1.2691888802085287,True,False
110.6,1209,t1209,120,75.0,28,9,2,0.6870457104918859,True,7.502701198410379,1.2962086420586525,True,False
110.8,1210,t1210,270,200.0,76,6,1,0.6979007337131965,True,45.258490584954984,2.696791729042901,True,False
111.22,1211,t1211,270,200.0,30,7,4,0.6887019304165385,False,43.647922714653625,2.779657904437514,False,False
111.31,1212,t1212,270,200.0,83,3,5,0.6958631435937602,True,47.280445164200316,2.4304458576760517,True,False
111.36,1213,t1213,80,50.0,90,3,5,0.6975280625400668,True,3.525061984236281,0.837815494486911,True,False
111.38,1215,t1215,300,250.0,90,4,6,0.7419183112486776,False,63.11530153675337,3.228759022734498,True,False
111.39,1216,t1216,300,1200.0,68,1,8,0.6933479603166048,False,380.6134917483584,2.747710598572682,False,False
111.44,1217,t1217,120,75.0,79,7,6,0.6900417969608478,True,8.798856560283102,1.0916887831681996,True,False
111.65,1219,t1219,270,200.0,46,7,6,0.6918231428398126,True,44.987890896311505,2.937225324120849,True,False
111.66,1220,t1220,300,1000.0,85,8,4,0.6814817122226419,False,252.94027170238803,3.074946636430565,False,False
111.72,1221,t1221,170,700.0,96,10,4,0.7139325103076543,False,117.31688291479644,1.7459162252536122,False,False
111.76,1223,t1223,220,150.0,29,1,6,0.6623834547375239,True,28.77938002117443,2.0474186895428828,True,False
111.76,1222,t1222,220,700.0,69,2,5,0.7008673940513513,False,166.79848929889832,2.263768164811948,False,False
111.76,1224,t1224,120,75.0,40,0,6,0.7362545193788085,True,10.389533870572556,1.2837297929654412,True,False
111.77,1225,t1225,270,200.0,68,7,6,0.6935688618011983,True,47.89146413958644,2.902002870931505,True,False
111.78,1226,t1226,120,75.0,84,10,6,0.7139927123927925,True,8.533958566803546,1.2479204380559485,True,False
111.84,1227,t1227,120,75.0,71,9,8,0.682539542170128,True,9.529051716671564,1.2607594438190075,True,False
112.01,1228,t1228,80,50.0,51,4,6,0.7364881268418859,True,4.535589595816477,0.7473028822576783,True,False
112.11,1230,t1230,220,150.0,47,7,6,0.6952796663833561,True,39.582068663574375,2.3810090761086915,True,False
112.32,1231,t1231,170,100.0,45,1,5,0.6843240812367268,False,19.52909931913282,1.8564480726713004,True,False
112.36,1232,t1232,270,1000.0,43,10,6,0.7151435248116034,False,239.08505186180886,2.7908712891676957,False,False
112.37,1233,t1233,170,100.0,28,10,6,0.7100973209820379,True,19.156497276327244,1.5334604992171588,True,False
112.46,1234,t1234,170,100.0,27,2,4,0.726017196087409,True,15.689830837573284,1.7751169440924484,True,False
112.69,1235,t1235,220,150.0,78,2,6,0.695626913344383,True,31.214862485744167,2.132926389742088,True,False
112.84,1236,t1236,120,75.0,51,2,6,0.697145041744162,True,8.90227352544335,1.2396330836158809,True,False
112.99,1237,t1237,220,700.0,56,8,2,0.7445727327548542,False,150.09713542116396,2.0060962255097254,False,False
113.0,1238,t1238,300,250.0,54,4,6,0.73734054612323,False,76.16047732376671,3.1236056097615297,False,False
113.33,1241,t1241,270,200.0,24,8,2,0.7389379447664238,False,63.772773908181506,2.4952771219584986,False,False
113.42,1242,t1242,220,150.0,38,5,1,0.6711634073811575,False,38.34991340991449,2.1319175052195574,False,False
113.44,1243,t1243,80,50.0,93,7,6,0.6969562548738708,True,3.428164820492707,0.8213020190234055,True,False
113.53,1244,t1244,80,50.0,26,2,4,0.7270790339838427,True,4.244701946915368,0.7723348932822418,True,False
113.55,1245,t1245,300,250.0,99,4,6,0.7320019170189472,True,76.19147994314605,2.800345551669763,True,False
113.57,1246,t1246,80,50.0,64,7,10,0.6881664604976939,True,3.451303625253618,0.7660423884568859,True,False
113.75,1247,t1247,80,50.0,83,7,6,0.6985993115945751,True,4.585725506687217,0.8591975454818075,True,False
113.95,1249,t1249,170,100.0,67,10,1,0.7181396297465932,True,18.0491938605254,1.5843569484285378,True,False
113.97,1250,t1250,80,50.0,20,7,6,0.7002095071808655,True,4.678674313820459,0.8161243217794883,True,False
114.01,1251,t1251,270,200.0,60,0,5,0.7639234023258278,True,51.73500223508233,2.8184390831818993,True,False
114.2,1253,t1253,220,700.0,80,9,5,0.7011587943296087,False,135.95906897695386,2.191811488609326,False,False
114.22,1254,t1254,220,150.0,71,0,5,0.7640756009459778,False,31.13033373070952,2.0166289463472045,True,False
114.26,1255,t1255,220,150.0,69,3,5,0.6991596831074474,True,39.073198403799154,2.369811315263611,True,False
114.33,1257,t1257,80,50.0,97,0,5,0.7580507555937249,True,4.350929886288374,0.7687870192416749,True,False
114.61,1258,t1258,300,250.0,89,1,5,0.679894266278659,True,82.548414676563,2.7036684773805315,True,False
114.67,1259,t1259,270,200.0,36,5,9,0.6688512785692603,True,55.67792358874247,2.7579155343619908,True,True
114.86,1260,t1260,270,900.0,23,7,6,0.70178749885543,False,259.5980729085125,2.628223058143585,False,False
115.03,1261,t1261,300,1000.0,58,0,5,0.7583204071485171,False,331.88489520670845,2.8818714089205684,False,False
115.04,1262,t1262,300,250.0,45,4,10,0.6953824173532391,False,68.23967961082542,3.1783308760752504,False,False
115.06,1263,t1263,170,100.0,86,7,5,0.6945654490102696,True,18.039368649497284,1.6089257695706984,True,False
115.24,1264,t1264,300,1200.0,36,0,5,0.7524106656722135,False,410.0745345653622,2.7797380323925664,False,False
115.41,1268,t1268,170,100.0,40,10,6,0.711326041229064,True,15.228618611682052,1.696342520157299,True,False
115.43,1269,t1269,80,50.0,80,9,8,0.6844709331449071,True,4.712144517191392,0.8172247663097822,True,False
115.45,1270,t1270,300,250.0,76,2,6,0.6986328075759455,True,64.8473004653753,3.155261206370814,True,False
115.52,1271,t1271,170,700.0,24,3,4,0.7318405286543055,False,105.16899928479572,1.7984583454542795,False,False
115.65,1272,t1272,120,75.0,32,5,9,0.6709049196645417,True,8.432063369554548,1.1804531419658284,True,True
115.72,1273,t1273,170,100.0,89,6,10,0.6801373659874261,True,16.853810753796537,1.64240574922729,True,False
115.91,1275,t1275,270,900.0,55,0,5,0.746619119025436,False,255.73939119241436,2.4631741076536673,False,False
116.02,1277,t1277,170,700.0,93,5,8,0.6952713971590136,False,123.76360833506459,1.8224978615778888,False,False
116.09,1278,t1278,170,500.0,73,3,1,0.6826314701296564,False,75.19344800391443,1.6339105315655384,False,False
116.13,1280,t1280,170,500.0,58,8,2,0.733415852537762,False,72.00197829995139,1.7756002650064668,False,False
116.15,1281,t1281,120,75.0,37,6,1,0.6993733857055991,True,9.676295565736906,1.131385259583697,True,False
116.23,1282,t1282,270,1000.0,93,9,8,0.6863636963001909,False,266.60077280188216,2.6850602645514887,False,False
116.24,1283,t1283,300,250.0,82,5,4,0.6814471141899703,False,83.69856125845178,2.9896322657343912,False,False
116.39,1284,t1284,300,250.0,91,9,10,0.6825236538185991,True,79.23580476445167,2.7778203239486423,True,False
116.44,1285,t1285,120,75.0,45,7,10,0.6899853131059218,True,8.057398717119671,1.3029819713111446,True,False
116.55,1286,t1286,220,150.0,72,4,6,0.7329440604967502,False,38.03677978045948,2.298173116028406,True,False
116.7,1287,t1287,300,250.0,27,9,2,0.6886072578205098,False,73.79151057651099,3.1870763587956654,False,False
116.79,1288,t1288,220,150.0,49,3,6,0.6805219705670671,True,31.436885610193432,2.3400628858352293,True,False
116.89,1289,t1289,300,1000.0,36,8,5,0.6780411655271894,False,338.3374010984004,3.236135757969287,False,False
116.95,1292,t1292,220,150.0,99,3,6,0.6824937129739076,True,39.33827425848507,2.0819526615399133,True,False
117.03,1293,t1293,270,900.0,44,4,5,0.7290650448122867,False,258.2565689832727,2.4601434269107707,False,False
117.1,1294,t1294,220,150.0,69,4,5,0.7238919257342229,True,29.421429858377703,2.0092099200546523,True,False
117.19,1295,t1295,170,500.0,53,9,10,0.684455362560409,False,90.64647202467951,1.7574027658699896,False,False
117.21,1297,t1297,300,1000.0,68,5,8,0.6907741510340152,False,268.3063608638049,3.1916119629693207,False,False
117.29,1298,t1298,170,100.0,27,8,4,0.6771087446448557,True,13.701473890438946,1.797866541041073,True,False
117.38,1299,t1299,170,100.0,28,8,4,0.6789972364186252,True,17.362122097508582,1.6048663266613388,True,False
117.48,1300,t1300,120,75.0,94,0,1,0.7326664519185241,True,9.515173246983718,1.142239552058835,True,False
117.72,1302,t1302,300,250.0,43,0,1,0.7335953046983354,False,66.89539909714634,2.7309269670054412,False,False
117.75,1303,t1303,300,250.0,25,10,4,0.7089105267681678,False,66.43441793054103,3.0794365259219063,False,False
117.95,1305,t1305,80,50.0,97,10,8,0.7085327568737759,True,3.391173829362214,0.831722251315909,True,False
118.06,1307,t1307,300,250.0,83,10,1,0.7190792986901229,True,77.37617484306142,3.117805414928168,True,False
118.07,1309,t1309,220,150.0,32,1,6,0.66456645230944,True,28.939559208406234,2.3102106456061033,True,False
118.11,1310,t1310,170,100.0,29,4,5,0.7249962690377202,True,19.016437006230557,1.582312190616063,True,False
118.14,1311,t1311,80,50.0,78,8,10,0.6993452990541513,True,3.558627064600361,0.7612370659240639,True,False
118.2,1313,t1313,120,75.0,38,8,10,0.7009405748912502,True,10.766351887209574,1.2668181540364272,True,False
118.22,1314,t1314,220,150.0,63,8,10,0.702503945211607,True,37.58739552121932,2.2237499694710583,True,False
118.34,1315,t1315,80,50.0,65,1,6,0.6667057899299179,True,3.6369397611935517,0.8778621823573736,True,False
118.47,1316,t1316,220,700.0,22,10,1,0.7200001742547819,False,145.4874577704648,2.4019128251394704,False,False
118.48,1317,t1317,300,250.0,64,9,2,0.6839635742025612,False,71.60726833591092,3.0163315455396162,False,False
118.54,1318,t1318,220,150.0,30,9,5,0.6963922851096832,True,29.542797298225917,2.290704231242588,True,False
118.55,1319,t1319,300,250.0,29,10,6,0.7125301870711492,False,80.46324591031289,3.0274692433479133,False,False
118.59,1320,t1320,220,900.0,48,10,2,0.7078704537434299,False,185.60745377011474,2.009958686253151,False,False
118.88,1321,t1321,120,75.0,61,5,9,0.6729174879379176,True,9.292067688434292,1.0803859789873462,True,True
118.93,1322,t1322,300,1000.0,35,8,10,0.7040360481255566,False,280.8697267868849,3.0066271645219804,False,False
119.15,1323,t1323,300,1200.0,83,1,6,0.6688023407979863,False,367.6912653367712,2.7991954500076788,False,False
119.22,1325,t1325,80,50.0,57,8,2,0.7280042021536736,True,4.158214650453006,0.8189820580593484,True,False
119.25,1326,t1326,270,900.0,39,3,5,0.7007586712634802,False,290.1345187201601,2.836353354400274,False,False
119.39,1327,t1327,300,1200.0,20,4,5,0.7260785254751476,False,299.1908922650178,3.1292546873028497,False,False
119.49,1328,t1328,300,1200.0,44,4,6,0.727693361104997,False,310.40170335547253,2.9510761254606233,False,False
119.54,1329,t1329,170,100.0,54,8,10,0.6993635089812275,True,18.039657045310275,1.742667537334445,True,False
119.54,1330,t1330,270,1000.0,50,5,4,0.6772263537243527,False,253.85080114238608,2.9109138668795795,False,False
119.64,1332,t1332,300,250.0,65,3,5,0.6961516796563925,True,64.281614554277,2.9362241664581883,True,False
119.71,1334,t1334,170,700.0,28,5,4,0.6730900084680475,False,123.47234897881371,1.824796548138441,False,False
119.9,1335,t1335,270,200.0,80,7,10,0.6917677886619852,True,64.69318401059049,2.6567488219897073,True,False
119.93,1336,t1336,270,900.0,89,5,4,0.6690363901168684,False,221.56203005164696,2.922207187042244,False,False
120.02,1337,t1337,170,100.0,22,2,5,0.6962582279885062,True,18.05444935993077,1.8684732154194204,True,False
120.2,1338,t1338,80,50.0,45,7,6,0.6971599306965032,True,4.447536043017052,0.777346603829577,True,False
120.25,1339,t1339,170,100.0,27,1,5,0.6817270476197524,True,14.963100385952389,1.7612127137512883,True,False
120.28,1340,t1340,220,150.0,31,3,5,0.6978108278814464,True,27.81179842490908,2.3350531669957957,True,False
120.62,1343,t1343,80,50.0,78,5,8,0.6863668498315166,True,3.3151271316688318,0.7945660159706156,True,False
120.73,1344,t1344,170,700.0,55,5,9,0.674889804845826,True,129.10439925922827,1.5559502645778787,True,True
120.98,1345,t1345,220,700.0,54,8,2,0.7288747847772666,False,175.8004824026302,2.091646098754401,False,False
121.0,1346,t1346,220,150.0,48,9,8,0.6820446041923689,True,38.21178336588185,1.985757453751604,True,False
121.06,1347,t1347,270,200.0,68,4,6,0.7225476757010789,True,46.622240993021954,2.8659426180402794,True,False
121.19,1348,t1348,80,50.0,34,10,6,0.707536249996393,True,4.57617095981257,0.7564346935347033,True,False
121.26,1349,t1349,80,50.0,40,4,5,0.7209651367838265,True,4.305698393688182,0.8126912636235885,True,False
121.43,1350,t1350,170,700.0,99,7,5,0.696256321848246,False,136.61083623721862,1.6252919913857595,False,False
121.56,1351,t1351,220,150.0,30,2,4,0.7281196351223477,False,33.66911180149398,2.1101056757355363,False,False
121.57,1352,t1352,300,1200.0,45,7,5,0.691739377229463,False,295.70372442742234,2.7496855421324042,False,False
121.94,1354,t1354,170,100.0,75,0,6,0.7369600956578989,True,19.996525864403523,1.7110658919523696,True,False
121.94,1355,t1355,120,75.0,93,9,10,0.6801744371273827,True,10.58271096798731,1.2186173665583122,True,False
122.22,1356,t1356,270,200.0,55,5,8,0.6882216946530682,True,47.00153694150921,2.789740663219894,True,False
122.24,1357,t1357,300,1200.0,71,8,2,0.7235539557483881,False,380.83698607947804,3.297057593457871,False,False
122.3,1358,t1358,80,50.0,21,5,9,0.6768226754155761,True,3.754358789126332,0.8136172467908201,True,True
122.32,1359,t1359,270,1000.0,42,8,10,0.7009584206197846,False,237.555375079057,2.6060956327467286,False,False
122.33,1360,t1360,120,75.0,87,10,6,0.7088161916631318,True,8.655880691370715,1.1396386503474876,True,False
122.46,1361,t1361,300,250.0,45,6,8,0.6858403988196315,False,78.22099692393157,2.839608049830888,False,False
122.58,1362,t1362,220,150.0,32,7,5,0.6873127715030555,True,27.047239554988487,2.410767961814209,True,False
122.66,1363,t1363,270,1000.0,97,10,6,0.7100705344965359,False,217.77511500958957,2.760827563884824,False,False
122.69,1364,t1364,220,150.0,86,4,5,0.7221280158663318,True,29.02584614110155,2.2245269266995455,True,False
122.89,1366,t1366,170,100.0,69,7,5,0.6891486978911762,True,18.21229567713218,1.5799949395326947,True,False
122.95,1367,t1367,220,150.0,42,9,8,0.6839858939267033,True,35.96067587435481,2.370700567910207,True,False
123.35,1368,t1368,170,500.0,85,3,4,0.7266118998994012,False,93.96948469498086,1.8133225767359464,False,False
123.36,1369,t1369,300,1200.0,28,6,1,0.7008165846581539,False,357.0656933144604,2.8725070130010546,False,False
123.39,1370,t1370,120,75.0,49,9,8,0.6858883578663512,True,8.32201608408109,1.2835681188538837,True,False
123.54,1371,t1371,270,200.0,67,3,5,0.6994367931419992,True,59.98435241704943,2.6283259365092495,True,False
123.55,1372,t1372,300,250.0,86,10,8,0.7099442835544822,True,61.406568164865455,3.0354420064683882,True,False
123.63,1373,t1373,80,50.0,67,5,1,0.666996805900201,True,3.914075135843731,0.7767114554909329,True,False
123.65,1374,t1374,220,150.0,78,1,6,0.6646829606486931,True,32.39918986898903,2.312327193223393,True,False
123.69,1375,t1375,220,150.0,49,10,1,0.7147286323081479,False,37.62244918603018,2.2519224747898976,True,False
123.69,1376,t1376,120,75.0,46,3,5,0.7010302390973412,True,10.011415178695586,1.2825922943839232,True,False
123.75,1377,t1377,300,250.0,23,2,5,0.6979152452469178,False,71.07100261369867,3.1372344804842056,False,False
123.83,1378,t1378,300,250.0,81,2,9,0.6949419811106512,True,70.04459779613052,2.7027604248431345,True,True
123.93,1379,t1379,80,50.0,40,9,5,0.6978951060741562,True,3.4454695071769605,0.7835642814812296,True,False
123.99,1381,t1381,170,100.0,26,7,6,0.698798913900755,True,17.618073669634704,1.691454208603331,True,False
124.0,1382,t1382,80,50.0,84,3,5,0.7025918161335761,True,4.203100559745545,0.7624988716010719,True,False
124.03,1384,t1384,270,1000.0,95,0,6,0.7376515604114076,False,232.9271130767974,2.7544831229769073,False,False
124.03,1383,t1383,120,75.0,73,7,5,0.6909479057515345,True,8.621308749492,1.1898222045686486,True,False
124.19,1385,t1385,270,200.0,36,8,10,0.6963474340255709,False,61.29335828973115,2.8360250949812715,False,False
124.53,1388,t1388,270,200.0,86,5,1,0.6690875364488637,True,44.46781104107928,2.5488687568160753,True,False
124.81,1391,t1391,170,500.0,70,3,6,0.6844260205326113,False,101.23340987528576,1.666659852871101,False,False
124.83,1392,t1392,170,500.0,66,5,8,0.6900394425781886,False,80.6544684782209,1.650396506639562,False,False
125.04,1393,t1393,170,100.0,47,0,5,0.7409434033115939,True,19.877150904219718,1.6425504096716257,True,False
125.18,1395,t1395,80,50.0,76,9,8,0.6877527725272059,True,4.7890373778989925,0.7691859185962981,True,False
125.3,1396,t1396,120,75.0,63,5,9,0.6787168885739312,True,8.26017219936693,1.2106294058555545,True,True
125.35,1397,t1397,170,700.0,75,3,4,0.721487843719595,False,119.07661921542996,1.7342156102042003,False,False
125.52,1398,t1398,220,150.0,60,1,5,0.6835231733340241,True,35.08087814535708,2.2826593989448423,True,False
125.54,1399,t1399,80,50.0,55,1,8,0.6886094626487345,True,4.569307357267321,0.7720176958420599,True,False
125.54,1400,t1400,300,250.0,31,4,2,0.6933746005770288,False,67.3661495968674,3.241292285739745,False,False
125.62,1401,t1401,80,50.0,37,6,8,0.6815317726614207,True,4.339413656557677,0.8246462386275019,True,False
125.74,1402,t1402,220,150.0,73,6,8,0.6834833190263742,True,33.002707546017845,2.31001792495036,True,False
125.92,1403,t1403,170,100.0,34,2,6,0.7000908180910932,True,16.352821778119917,1.7453489460065335,True,False
125.97,1404,t1404,300,250.0,25,6,1,0.6960569196316574,False,77.13078366996244,2.908374005050325,False,False
126.04,1405,t1405,270,200.0,62,3,4,0.716466268663385,True,60.13851305711031,2.8826329471248235,True,False
126.35,1406,t1406,270,200.0,62,2,9,0.6963456030268995,True,49.73204705832086,2.8078510099507965,True,True
126.47,1407,t1407,300,1200.0,54,9,5,0.6993678706193397,False,345.56679546686456,2.7097982576594064,False,False
126.48,1408,t1408,120,75.0,75,10,6,0.7051257904732718,True,10.126219105748984,1.1585071654115617,True,False
126.54,1410,t1410,220,150.0,98,3,5,0.7041221616290865,True,32.2763963586583,2.250931384479001,True,False
126.55,1411,t1411,300,250.0,86,4,5,0.723267637367187,True,71.59183699900028,3.0402550234286556,True,False
126.68,1412,t1412,170,100.0,46,4,6,0.7236789040052392,True,19.215647959146494,1.7150044241181728,True,False
126.72,1413,t1413,170,100.0,38,2,6,0.701519668395938,True,14.021489713552835,1.5319493990286348,True,False
126.9,1414,t1414,270,200.0,26,1,5,0.6852833765340103,False,53.33640521830892,2.6327306246166313,False,False
127.05,1415,t1415,270,200.0,92,2,9,0.6977211525048232,True,55.02329359140748,2.643476899975078,True,True
127.07,1416,t1416,120,75.0,26,0,6,0.7321551958698461,True,10.770528362285475,1.2741052429381465,True,False
127.22,1417,t1417,80,50.0,28,2,6,0.702919941694686,True,3.9764446044628645,0.7237075802308702,True,False
127.46,1419,t1419,170,100.0,72,5,1,0.6711364523865532,True,16.541585577320355,1.8688454912085803,True,False
127.46,1418,t1418,80,50.0,23,0,5,0.7415552019120287,True,4.487519889713553,0.8560785786825225,True,False
127.56,1420,t1420,220,900.0,98,6,8,0.6853958344640284,False,194.0285284216185,2.1946871283357443,False,False
127.61,1421,t1421,120,75.0,57,8,4,0.6808479583569194,True,7.669028676889758,1.1977609666914892,True,False
127.63,1422,t1422,170,100.0,64,3,6,0.6801456819401409,False,19.082152149614643,1.6011307751860158,True,False
127.64,1423,t1423,300,250.0,54,5,9,0.6805732174691193,True,69.03748734368153,2.7966770156563046,True,True
127.67,1424,t1424,170,100.0,76,0,5,0.7421547645404548,True,17.6621168675117,1.7748579666037623,True,False
127.81,1425,t1425,120,75.0,94,0,6,0.7329427586191158,True,10.257161433480693,1.1205688107258596,True,False
127.98,1426,t1426,170,100.0,75,9,10,0.6821531302030167,True,18.1509560146782,1.7595339246394026,True,False
128.03,1427,t1427,170,100.0,24,2,9,0.6990691909931883,True,16.57179783420564,1.7860514295675687,True,True
128.1,1428,t1428,300,250.0,94,1,5,0.6808343756699967,True,63.12040981295388,3.2907698545099544,True,False
128.28,1429,t1429,170,100.0,92,9,5,0.6946371798736196,True,15.169740333598275,1.5511445746938022,True,False
128.34,1430,t1430,220,700.0,96,3,5,0.7056219002146865,False,155.55613579564383,2.2598979477490957,False,False
128.39,1431,t1431,270,900.0,56,10,1,0.7095625212004464,False,207.8073374670942,2.640573537458724,False,False
128.61,1432,t1432,300,1200.0,24,0,6,0.7337145701134002,False,294.1954030523865,3.105887548025628,False,False
128.91,1433,t1433,300,250.0,99,3,5,0.7009176440285747,True,81.06724136335727,2.895155875696207,True,False
129.18,1434,t1434,120,75.0,85,1,5,0.6826483548232635,True,9.401969196630361,1.2317623471967796,True,False
129.37,1436,t1436,170,700.0,88,4,1,0.6933157299668293,False,129.93553475971143,1.7135540515214336,False,False
129.51,1437,t1437,170,700.0,79,0,2,0.7313176898941939,False,102.55617628487822,1.6403198508805874,False,False
129.51,1438,t1438,300,1000.0,35,1,5,0.6844260543934649,False,254.62255925971726,2.982803512875526,False,False
129.69,1439,t1439,300,1000.0,91,1,8,0.6901397349342213,False,270.9796775349486,2.770293845938423,False,False
129.83,1440,t1440,220,150.0,20,8,4,0.6826616658564476,False,37.21100120683117,2.3474452830111074,False,False
129.87,1441,t1441,270,200.0,47,9,8,0.6895798988948436,False,48.91700029408616,2.504929622492234,False,False
129.91,1442,t1442,220,150.0,90,0,5,0.7427423359163123,True,27.395883031836725,2.0472201134313273,True,False
129.97,1444,t1444,270,1000.0,26,9,8,0.6851964827351286,False,278.2257488254173,2.857924816865269,False,False
129.97,1443,t1443,120,75.0,27,4,5,0.7243844664380251,True,9.899618919192784,1.2116663154279221,True,False
130.0,1445,t1445,120,75.0,65,7,5,0.6927111294546857,True,9.364910167933695,1.084272082115701,True,False
130.13,1446,t1446,170,700.0,61,6,1,0.691392447905691,False,109.85258437955905,1.8334371833423129,False,False
130.17,1447,t1447,270,200.0,97,4,10,0.690731435672841,True,53.368722846443674,2.7517331022767264,True,False
130.26,1448,t1448,220,150.0,28,8,4,0.6782650992059854,False,32.74944178638545,2.141988708138547,False,False
130.29,1449,t1449,120,75.0,40,10,6,0.7064539413304731,True,7.562004712355644,1.2368612299269661,True,False
130.46,1450,t1450,80,50.0,69,3,4,0.7177191251082992,True,4.402008976229127,0.8660411930646719,True,False
130.47,1451,t1451,170,100.0,77,2,4,0.7229654242380826,True,18.876179709656135,1.795334184690429,True,False
130.5,1452,t1452,220,700.0,29,10,8,0.7113275797015745,False,136.98323663740368,1.994004940947932,False,False
130.57,1453,t1453,220,900.0,34,3,1,0.6783870225452452,False,220.44711991813787,2.117974198229171,False,False
130.78,1454,t1454,300,1000.0,78,6,10,0.6819652853343443,False,263.03409208012823,2.8092716977744274,False,False
130.79,1455,t1455,270,200.0,52,5,1,0.6731443900054886,True,45.21283128556036,2.445275390257948,True,False
130.8,1456,t1456,80,50.0,24,8,4,0.6739564638885324,True,3.804134413210619,0.8408694688887153,True,False
130.81,1457,t1457,220,900.0,38,3,4,0.7189469244243148,False,200.67070210760411,2.230601482881606,False,False
130.94,1458,t1458,220,150.0,52,0,5,0.7433181558646528,True,29.440031068227484,2.142249946338822,True,False
130.98,1459,t1459,170,100.0,36,6,1,0.686821265614244,True,16.37862756398189,1.5622436477357646,True,False
131.07,1461,t1461,220,700.0,46,8,4,0.6759080012774283,False,179.1324996006003,1.9841611665517078,False,False
131.09,1462,t1462,300,250.0,44,4,10,0.6923474736260509,False,72.10224015350673,2.8653434872992043,False,False
131.21,1463,t1463,170,100.0,59,10,6,0.7077555291705303,True,14.281619600859642,1.5448215161967116,True,False
131.3,1464,t1464,300,1200.0,55,2,4,0.7240882975715027,False,395.8548658919887,3.226296452668358,False,False
131.43,1465,t1465,270,200.0,21,2,6,0.7042922095274589,False,50.24777868690326,2.673893949099659,False,False
131.71,1467,t1467,300,250.0,91,6,10,0.6775826462943241,True,87.39581614781386,3.2179167586253534,True,False
131.74,1468,t1468,300,1200.0,98,3,5,0.702481472966185,False,361.5987174689116,2.8592186817456064,False,False
131.86,1469,t1469,120,75.0,70,6,8,0.6810960995929297,True,9.728725973272484,1.2270099455436203,True,False
131.94,1470,t1470,220,150.0,49,8,5,0.6738885240348275,True,36.255188023343834,2.278095427503792,True,False
132.1,1471,t1471,170,100.0,67,4,8,0.6904034265774017,True,20.19165499834039,1.5452522901117693,True,False
132.15,1472,t1472,300,1200.0,55,5,9,0.6823924197864035,False,1120.5129167236678,7.8971803383375825,False,True
132.18,1473,t1473,300,1200.0,98,3,6,0.6759509501195199,False,377.037241455028,2.8133254671390597,False,False
132.25,1474,t1474,270,200.0,26,1,5,0.6799941999722623,False,49.40823032438192,2.6241946523168767,False,False
132.31,1475,t1475,300,250.0,36,1,5,0.6756509826394838,False,64.52397196212517,2.7089564846059386,False,False
132.32,1476,t1476,120,75.0,37,5,6,0.6667037760268215,True,9.542289620053364,1.2447386431360576,True,False
132.33,1477,t1477,300,1000.0,61,9,10,0.6840922494171383,False,341.8087243512877,2.8216923842422936,False,False
132.38,1478,t1478,80,50.0,45,9,4,0.6801453303627302,True,4.632100925723238,0.8574355691229635,True,False
132.42,1479,t1479,80,50.0,79,2,6,0.6994630320035764,True,4.083864133829718,0.8799767462080219,True,False
132.66,1480,t1480,270,200.0,28,8,10,0.6918286671632413,False,56.412117999102435,2.458122973463876,False,False
132.99,1482,t1482,170,100.0,28,3,4,0.7139761677540105,True,14.372784997956396,1.7656535031581821,True,False
133.07,1483,t1483,80,50.0,20,5,6,0.6689518823244669,True,4.583432202546728,0.8334522394542543,True,False
133.23,1485,t1485,300,250.0,86,7,5,0.6944390886837738,True,77.71126801938638,2.760561410591785,True,False
133.24,1486,t1486,120,75.0,31,6,1,0.6885155069686256,True,9.40046517225238,1.1130841451251103,True,False
133.4,1487,t1487,120,75.0,72,6,8,0.6830563594192529,True,9.042072681197489,1.1572154573092635,True,False
133.48,1488,t1488,270,200.0,51,6,8,0.6849774140490497,False,60.368423159877786,2.966416802368763,False,False
133.49,1489,t1489,170,100.0,71,4,8,0.6920260247125203,True,20.397687589768537,1.8437490657629876,True,False
133.5,1490,t1490,270,200.0,93,5,1,0.6751121688720456,True,62.854218139522004,2.8076601844229994,True,False
133.51,1491,t1491,300,250.0,51,6,1,0.6901758634959199,False,71.71773878811871,3.2524394091278515,False,False
133.55,1492,t1492,270,1000.0,73,9,8,0.6809007348986077,False,306.4959962323717,2.560202619887154,False,False
133.6,1493,t1493,270,200.0,50,7,10,0.6935146147069273,True,46.96062936644278,2.619556655886433,True,False
133.69,1494,t1494,270,900.0,36,1,5,0.6713946296533607,False,256.6680146439039,2.643381032297971,False,False
133.84,1496,t1496,170,100.0,84,6,8,0.6806860475862505,True,15.702508126465366,1.6448600509423064,True,False
133.84,1497,t1497,300,250.0,47,4,6,0.7247875077433162,False,62.707897099198554,2.744455029680908,False,False
133.87,1498,t1498,220,150.0,45,4,6,0.7196999394066318,True,38.48804896655141,2.011223478032701,True,False
133.93,1499,t1499,270,900.0,60,6,1,0.6856290128926682,False,222.4235384998718,2.436802378845421,False,False
134.5,1501,t1501,270,900.0,95,5,8,0.6856468355448067,False,279.1272195708261,2.5159461787213013,False,False
134.54,1502,t1502,300,250.0,31,7,5,0.6961324887282802,False,78.79528917014478,2.9987763277723416,False,False
134.68,1503,t1503,270,1000.0,40,3,5,0.6978400253250432,False,293.6525431780192,2.47502064941602,False,False
134.71,1504,t1504,80,50.0,69,9,10,0.6798185862469773,True,3.3190627781639375,0.7889215743048419,True,False
134.8,1505,t1505,270,200.0,70,10,8,0.7065092099257247,True,60.50343364305324,2.4480308584938673,True,False
134.87,1506,t1506,120,75.0,96,5,6,0.6711550264961593,True,10.466183901921063,1.1142950843001775,True,False
134.91,1507,t1507,170,700.0,79,9,10,0.6818043963402196,False,140.53217798249045,1.857271865031065,False,False
134.92,1508,t1508,170,100.0,83,2,9,0.6955109248760118,False,63.928401361161676,4.418598173452467,False,True
134.98,1509,t1509,300,1200.0,61,8,10,0.6874002756381582,False,308.3116385015634,2.9884645580630744,False,False
135.01,1510,t1510,300,1200.0,90,9,5,0.6961751029428139,False,402.1157024147031,2.995910623700624,False,False
135.22,1511,t1511,220,150.0,61,6,10,0.6794616600351043,True,30.36924599327556,2.2418118110259155,True,False
135.31,1512,t1512,120,75.0,41,10,6,0.7090310852537863,True,8.369663453770752,1.2503419806947498,True,False
135.31,1513,t1513,270,1000.0,22,1,6,0.666819968102386,False,300.0736867257779,2.669850709275879,False,False
135.34,1514,t1514,300,250.0,62,7,5,0.6916180207718964,False,65.74942516611226,2.8412908000439354,False,False
135.46,1515,t1515,300,250.0,23,9,4,0.6819730904221423,False,65.80070823742327,3.1292447495287936,False,False
135.65,1516,t1516,170,100.0,92,1,8,0.6854654017739983,True,18.402919279181933,1.8008308637474986,True,False
135.65,1517,t1517,220,150.0,47,0,5,0.7438824594140264,True,28.166084255812727,2.0738038212419068,True,False
135.79,1518,t1518,80,50.0,76,0,6,0.7282969453777989,True,4.077176098283598,0.8263356703002054,True,False
135.91,1519,t1519,220,700.0,35,8,10,0.6830604519435769,False,172.43077020620487,2.1123343955200773,False,False
135.96,1520,t1520,270,1000.0,32,8,5,0.6759929353723128,False,239.69830577834756,2.580124358906976,False,False
136.0,1522,t1522,270,1000.0,25,8,2,0.718339543300087,False,292.5295710651598,2.464131869443115,False,False
136.09,1523,t1523,300,250.0,53,1,6,0.662740235407005,False,87.3825873424111,3.024684267880083,False,False
136.16,1526,t1526,170,100.0,77,7,5,0.6871938421746403,True,17.04466332433624,1.5820117811903294,True,False
136.19,1527,t1527,220,700.0,68,5,6,0.673314107784418,False,162.1343641173335,2.1923164858531723,False,False
136.35,1529,t1529,170,100.0,66,0,1,0.7283315804225506,True,15.336487682072192,1.60249685297822,True,False
136.49,1530,t1530,300,250.0,90,2,6,0.7009044380301716,True,66.5274072674908,2.7358004468701442,True,False
136.74,1532,t1532,270,200.0,23,8,5,0.6718812584830482,False,46.73227584077542,2.853236179733102,False,False
136.74,1533,t1533,220,150.0,94,6,10,0.6813030935010689,True,29.858495091928862,2.237918663770964,True,False
136.94,1534,t1534,220,700.0,88,6,8,0.6826545084527073,False,139.48227711650483,2.287611627120809,False,False
136.99,1535,t1535,170,100.0,54,0,6,0.7291616731369096,True,16.926352175753006,1.578385272942102,True,False
137.07,1536,t1536,270,1000.0,70,2,5,0.6933651221601614,False,242.46067555362538,2.6529764694842934,False,False
137.08,1537,t1537,270,200.0,32,9,5,0.6915082675506243,False,44.84171990849744,2.4982130403774447,False,False
137.09,1538,t1538,170,700.0,45,7,10,0.6952265042309705,False,112.78107788327281,1.6723046051308066,False,False
137.19,1539,t1539,170,100.0,55,6,1,0.6811730993014814,True,13.992841999147432,1.7157560725625791,True,False
137.24,1541,t1541,270,200.0,74,1,6,0.6587420973655315,True,48.77890705966361,2.6012008743179664,True,False
137.4,1543,t1543,300,250.0,62,0,6,0.7300091063408382,False,62.29084129581461,2.725208846357057,False,False
137.44,1544,t1544,220,150.0,38,4,6,0.7208881224366809,True,30.561285485340978,2.2897755195929324,True,False
137.5,1545,t1545,220,150.0,73,2,5,0.68890600153514,True,31.457718627744075,2.190532836936907,True,False
137.58,1546,t1546,270,900.0,93,7,6,0.7004051174409217,False,214.03442239738368,2.678568466134875,False,False
137.66,1547,t1547,220,150.0,49,4,5,0.7254789589274464,True,31.300181776347692,2.2289781387720367,True,False
137.75,1548,t1548,80,50.0,63,7,10,0.690730155964533,True,3.706250121788135,0.8519967681280152,True,False
137.82,1549,t1549,80,50.0,63,5,8,0.6813420806520923,True,4.580919331178029,0.8345589558753155,True,False
137.86,1550,t1550,270,200.0,43,10,1,0.7044997323148992,False,63.35689837731247,2.623297350409774,False,False
137.9,1551,t1551,170,100.0,32,5,6,0.6692560074469115,True,15.296723752984347,1.647464910767147,True,False
137.92,1553,t1553,120,75.0,62,2,5,0.690710063322619,True,7.918959791800112,1.1174360067150226,True,False
137.92,1552,t1552,270,200.0,59,0,5,0.7444354768924125,True,58.56502256730789,2.920574008600334,True,False
138.06,1554,t1554,120,75.0,68,7,6,0.6958051969102851,True,8.036154121874311,1.1592707102773023,True,False
138.08,1556,t1556,220,900.0,52,0,5,0.744977434021231,False,185.60133972541334,2.343843995589791,False,False
138.12,1557,t1557,120,75.0,21,0,1,0.7293471306322814,True,10.415593253026744,1.1288733240454356,True,False
138.14,1558,t1558,170,500.0,89,4,6,0.7220525418061291,True,83.26983572835486,1.7719088571196475,True,False
138.22,1559,t1559,170,100.0,65,3,5,0.6932914066367242,True,18.01920353766245,1.5687440072277752,True,False
138.27,1561,t1561,270,200.0,39,10,6,0.7102811302153773,False,53.91116989093457,2.96595041585744,False,False
138.38,1562,t1562,80,50.0,40,8,4,0.6716465079185464,True,3.465802654504481,0.8410453487330992,True,False
138.39,1563,t1563,300,1000.0,25,6,8,0.678409600101835,False,311.0741889758864,3.2775163946284276,False,False
138.66,1564,t1564,300,250.0,41,7,5,0.6890321471493293,False,79.51020222983148,2.963357118973525,False,False
139.01,1565,t1565,80,50.0,23,9,2,0.6794127642569716,True,4.390317136952934,0.8181024226838615,True,False
139.26,1566,t1566,80,50.0,76,7,6,0.6974712747902613,True,4.034211353734801,0.745507153721427,True,False
139.55,1567,t1567,220,900.0,73,5,8,0.6832974208572323,False,185.28180199831485,2.046470564019804,False,False
139.56,1568,t1568,170,500.0,78,8,10,0.6788074247228871,True,74.50264953552173,1.858009139018897,True,False
139.6,1569,t1569,300,1000.0,86,6,1,0.6829803039821184,False,351.08723772756423,3.1613762259130005,False,False
139.67,1570,t1570,220,150.0,72,5,1,0.6770405921612713,True,27.335073676206118,2.2410523472368613,True,False
139.97,1572,t1572,170,100.0,46,1,8,0.6870585552769799,True,14.30795294166829,1.8145797722801105,True,False
139.97,1573,t1573,170,700.0,61,10,6,0.7053321742777364,False,116.64403482802541,1.8317650030242145,False,False
139.98,1574,t1574,120,75.0,94,6,10,0.6831076982977141,True,10.371985952976459,1.2230606784153355,True,False
140.03,1575,t1575,300,1000.0,46,4,8,0.6936161708849365,False,299.79422645448807,2.96613879812205,False,False
140.05,1577,t1577,170,100.0,31,9,2,0.6811269705102936,True,19.027615891151815,1.6973270467479702,True,False
140.05,1576,t1576,80,50.0,96,7,2,0.6850234929280735,True,4.011013715062757,0.8779750047995658,True,False
140.18,1578,t1578,300,250.0,67,4,5,0.7265515615670793,False,87.59419026106512,3.0689345091194564,False,False
140.38,1579,t1579,120,75.0,93,8,10,0.6808134580466113,True,10.410603451608647,1.186627050939523,True,False
140.39,1580,t1580,270,200.0,48,3,5,0.6950077603221715,True,46.33193615551682,2.807105196489994,True,False
140.46,1582,t1582,270,200.0,59,5,8,0.6790396542582695,False,61.56818242666264,2.5373520436521497,False,False
140.67,1583,t1583,170,500.0,56,4,5,0.7214287121539196,False,73.72582017738668,1.8084259579712405,False,False
140.81,1584,t1584,220,150.0,22,0,8,0.7278113705512161,False,32.223582659694216,2.186002955843521,False,False
140.91,1586,t1586,220,900.0,81,8,10,0.6827793707038609,False,163.36537364620932,2.11257005593655,False,False
141.01,1587,t1587,120,75.0,95,1,5,0.6672234037269601,True,9.332105719335736,1.0912759272729733,True,False
141.03,1588,t1588,270,200.0,63,2,4,0.7190147134382544,False,56.64618101874656,2.710518884213781,True,False
141.15,1589,t1589,170,700.0,82,2,5,0.6924780438743485,False,99.44228157945987,1.8482474520371674,False,False
141.25,1590,t1590,300,250.0,90,1,8,0.688619845709902,True,75.87906763912768,3.2797914096019336,True,False
141.28,1592,t1592,300,250.0,70,3,4,0.715278826217112,False,72.77656819288023,3.054517489364073,False,False
141.33,1593,t1593,270,1000.0,52,4,8,0.6890005141339045,False,231.2074416435352,2.76015840025316,False,False
141.38,1594,t1594,270,200.0,83,6,1,0.6785773645691427,True,48.48320925379069,2.854307164699199,True,False
141.4,1595,t1595,300,1000.0,20,1,5,0.6693096023190875,False,324.79921304705795,3.1819669999391027,False,False
141.56,1596,t1596,270,1000.0,62,1,5,0.6651800769393724,False,304.33800198485807,2.8825898998164123,False,False
141.7,1597,t1597,220,150.0,89,6,8,0.67424958991798,True,27.493244087073148,2.4005876463756266,True,False
141.75,1598,t1598,300,1000.0,35,8,2,0.7132294191007519,False,247.2049485531631,3.08170418127507,False,False
141.92,1599,t1599,80,50.0,51,2,4,0.7140426009876712,True,4.348405624476762,0.8192208468844108,True,False
142.29,1600,t1600,270,1000.0,74,0,4,0.7273385602565628,False,297.09898102193296,2.8824990473772103,False,False
142.34,1602,t1602,120,75.0,98,4,5,0.7164083197290231,True,8.169385554133342,1.2628958242570505,True,False
142.34,1603,t1603,120,75.0,45,10,4,0.7039889828994712,True,10.193311205241338,1.2469964893521277,True,False
142.34,1601,t1601,270,200.0,85,5,8,0.6748670429912859,True,57.31102497958745,2.480168110763743,True,False
142.39,1606,t1606,170,100.0,50,2,5,0.6880366648150433,False,19.512736717827508,1.8020403089790684,True,False
142.47,1608,t1608,220,150.0,60,2,4,0.7153439307860996,True,35.93709743718538,2.028061775489799,True,False
142.52,1609,t1609,220,700.0,28,7,6,0.6991040311126379,False,151.0077185836451,2.0014857275315006,False,False
142.55,1610,t1610,220,700.0,75,0,1,0.7303423698378176,False,157.01632243790402,2.2974238861652148,False,False
142.62,1611,t1611,120,75.0,53,7,2,0.6867536897361788,True,8.367026330446695,1.2964696910644424,True,False
142.64,1612,t1612,220,150.0,73,0,5,0.739334552007473,True,37.55900386613218,1.9866437552242184,True,False
142.65,1613,t1613,220,900.0,44,7,10,0.6924977346634241,False,222.43187511387094,2.206603149921625,False,False
142.69,1614,t1614,270,1000.0,96,10,2,0.7028415062070228,False,303.5990003868376,2.740329929974388,False,False
142.7,1615,t1615,300,250.0,92,9,5,0.6869347688662785,True,62.660203709049455,2.7340790958886916,True,False
142.71,1616,t1616,170,700.0,71,8,10,0.6785319651079654,False,135.89339556151674,1.8510419245813308,False,False
142.74,1618,t1618,80,50.0,40,1,5,0.6611331420672517,False,4.082908819207837,0.828594819452857,True,False
142.74,1617,t1617,120,75.0,52,1,8,0.6901499103341655,True,10.15774065910529,1.2595227556421233,True,False
142.76,1620,t1620,270,200.0,51,7,2,0.688449282608122,False,61.27818591301461,2.872355454165383,False,False
142.83,1621,t1621,220,700.0,85,1,6,0.6609979220848875,False,150.40682444440216,2.0191307115452566,False,False
142.86,1623,t1623,80,50.0,39,1,8,0.6916493736659437,True,4.1958541733095895,0.7698357202997967,True,False
142.87,1624,t1624,170,700.0,98,9,5,0.6886267401556196,False,131.52465398937937,1.6839911532323828,False,False
142.91,1626,t1626,270,900.0,38,7,10,0.6880559617883374,False,251.366560223517,2.57814153134028,False,False
143.14,1627,t1627,120,75.0,47,3,4,0.7103814315109517,True,8.261737707835259,1.2988948266602796,True,False
143.14,1628,t1628,220,150.0,55,7,4,0.6843360736263896,True,32.302236615810145,2.3017899692226305,True,False
143.16,1629,t1629,220,700.0,41,10,4,0.7053398699081485,False,164.47188906496504,2.248051183296477,False,False
143.24,1630,t1630,120,75.0,46,4,6,0.7231936727881884,True,8.032415758268554,1.318237756937811,True,False
143.27,1632,t1632,80,50.0,74,1,5,0.6571671458925733,True,4.6074594628896826,0.8407623813056078,True,False
143.27,1631,t1631,170,100.0,50,7,4,0.6862315339720436,True,14.56313442914742,1.6258360569722652,True,False
143.29,1634,t1634,220,150.0,23,1,8,0.6931188477310863,False,39.00676323890485,2.3090730936944843,False,False
143.36,1635,t1635,270,200.0,87,1,5,0.6594544696413885,True,64.16492057576902,2.913487341375862,True,False
143.51,1637,t1637,220,150.0,27,0,2,0.7260995179144919,False,38.498559379499696,2.3693185157383825,False,False
143.54,1638,t1638,270,200.0,98,3,4,0.7117559846989144,True,62.59986484926694,2.9619871992384392,True,False
143.79,1641,t1641,270,900.0,72,7,4,0.6880890851107845,False,230.7823801344512,2.7688928797290053,False,False
143.81,1642,t1642,220,900.0,81,8,10,0.674369507623988,False,162.38532299459973,2.1191690112509076,False,False
143.83,1643,t1643,270,200.0,59,2,3,0.6873289399077062,True,48.976888360554426,2.4507101489807455,True,True
143.85,1644,t1644,270,1000.0,62,3,4,0.713103046823118,False,266.48336235309836,2.9508799193962236,False,False
143.96,1647,t1647,270,200.0,98,5,8,0.676951883949642,True,54.83706460471553,2.686257953736741,True,False
144.3,1649,t1649,170,500.0,21,5,1,0.6789304469847126,False,98.64671293606729,1.702327368817868,False,False
144.41,1650,t1650,170,100.0,30,4,2,0.68891529038367,True,16.16365061645025,1.7444988577677027,True,False
144.46,1651,t1651,220,150.0,79,10,8,0.707961207545392,True,27.71525804334249,2.177518207813405,True,False
144.47,1652,t1652,80,50.0,25,9,2,0.6828068926385493,True,3.860704552007733,0.7431032551642219,True,False
144.49,1653,t1653,220,150.0,63,1,5,0.6616960469152274,True,35.801068419918195,2.1054907399085376,True,False
144.56,1654,t1654,220,150.0,88,9,5,0.684110872019174,True,31.448475064880213,2.0172339687757543,True,False
144.58,1655,t1655,80,50.0,43,10,8,0.7093841652126661,True,3.8052488342466226,0.8566517005932209,True,False
144.62,1656,t1656,80,50.0,93,10,8,0.7107786637265946,True,4.354611190881165,0.7706866546797171,True,False
144.66,1657,t1657,80,50.0,49,3,5,0.6966897869339098,True,4.640583636834791,0.744105073802138,True,False
144.68,1658,t1658,220,150.0,23,0,5,0.7399785276339902,False,37.45544838486139,2.3590853059037205,False,False
144.76,1659,t1659,120,75.0,20,6,8,0.6763467799378023,True,8.196968365442999,1.2383075659302205,True,False
144.77,1660,t1660,220,150.0,26,1,8,0.688384932314926,False,36.90102084680398,2.258719313485256,False,False
144.88,1661,t1661,170,100.0,37,4,2,0.6907191663941785,True,19.897283752030397,1.6006371375656974,True,False
144.95,1662,t1662,270,200.0,96,9,2,0.6844532163242398,False,51.93838352605019,2.507109123064246,True,False
145.02,1665,t1665,270,1000.0,34,6,10,0.6848762109984265,False,229.83170523200044,2.556598573987136,False,False
145.11,1666,t1666,120,75.0,41,6,10,0.6804353534451246,True,9.893160748526839,1.1920066552072304,True,False
145.19,1667,t1667,220,150.0,85,3,5,0.6983381730134135,False,37.124546760728094,1.9827433583661105,True,False
145.28,1668,t1668,80,50.0,37,6,1,0.6804364839444266,True,4.5034379098836865,0.8154664988436817,True,False
145.29,1669,t1669,270,900.0,39,9,4,0.6775902952803661,False,210.88962965609798,2.831770026326807,False,False
145.29,1670,t1670,80,50.0,72,3,4,0.7082491677048374,True,3.927119148769401,0.7345624194007052,True,False
145.42,1671,t1671,120,75.0,95,7,5,0.6846596860245245,True,9.967985169255698,1.2895347996404585,True,False
145.44,1672,t1672,120,75.0,27,4,2,0.6924869648844768,True,7.862624538944463,1.1139731077454438,True,False
145.48,1673,t1673,170,500.0,91,10,6,0.7004821974588484,True,71.51519952731923,1.6829028545104971,True,False
145.5,1674,t1674,270,1000.0,48,6,1,0.6822584209322048,False,268.3696011011056,2.6972553243241606,False,False
145.5,1675,t1675,220,900.0,60,2,3,0.6891645429277339,True,204.73595751520355,2.1752710343125656,True,True
145.52,1676,t1676,220,150.0,84,4,5,0.7176623351526245,True,38.99468025251304,2.393282640192061,True,False
145.56,1677,t1677,170,100.0,29,3,5,0.693779591371327,True,14.230802159362078,1.7154993160886096,True,False
145.79,1680,t1680,220,150.0,84,10,6,0.7019032201763381,True,31.210447400936648,2.0208570362478917,True,False
145.89,1681,t1681,170,500.0,33,2,4,0.7166192339885594,False,92.28779696951992,1.7015538267266805,False,False
145.93,1683,t1683,80,50.0,32,9,10,0.677576490231597,True,4.66467428528693,0.7576053929737411,True,False
146.01,1684,t1684,300,250.0,93,2,6,0.7023170159362347,True,88.12574370000267,2.893071513395503,True,False
146.56,1688,t1688,170,100.0,89,9,2,0.6798926135362167,True,16.693922803397964,1.8657128974215853,True,False
146.78,1689,t1689,170,700.0,24,7,6,0.694530132308567,False,140.97907332430998,1.5961744756539435,False,False
146.88,1690,t1690,300,1000.0,95,7,2,0.6839369636226261,False,351.08975984019844,3.099165459465901,False,False
146.89,1691,t1691,220,900.0,57,10,6,0.703295822439478,False,195.62604544294618,2.212248913091715,False,False
146.93,1692,t1692,270,900.0,47,0,5,0.7344356237479771,False,256.5473354008518,2.6108943285834845,False,False
147.26,1694,t1694,120,75.0,32,9,5,0.6858593212454571,True,10.188267731508267,1.188063307243434,True,False
147.32,1695,t1695,220,900.0,29,4,6,0.7243119811506064,False,211.66044113222108,2.2848268257524134,False,False
147.55,1696,t1696,170,700.0,36,1,6,0.6570346303098565,False,103.23184608391895,1.7802879149896587,False,False
147.56,1697,t1697,120,75.0,83,7,5,0.6865486741222159,True,10.756157676875208,1.2996352479952806,True,False
147.64,1698,t1698,270,900.0,54,2,4,0.7116950311269701,False,242.0605294318961,2.562912022394838,False,False
147.67,1699,t1699,300,1200.0,20,2,3,0.6909634338873609,True,326.45250237890957,2.983799607869111,True,True
147.7,1700,t1700,80,50.0,72,6,8,0.678402026157228,True,3.540993597110067,0.7693365121909399,True,False
148.04,1701,t1701,220,150.0,57,7,5,0.6883998824579534,True,36.403718341091555,2.3816588419218157,True,False
148.21,1702,t1702,80,50.0,45,0,5,0.7290035779396843,True,3.9427037683885655,0.8344632899573119,True,False
148.32,1703,t1703,220,700.0,47,4,2,0.6942194074049691,False,135.61406049506553,2.190371584704147,False,False
148.41,1705,t1705,270,200.0,69,2,4,0.7068693123226125,True,44.60890482179046,2.951428479061773,True,False
148.47,1706,t1706,300,250.0,91,4,2,0.6897432010750515,True,78.91086957872258,2.8979832128080454,True,False
148.56,1708,t1708,80,50.0,95,6,1,0.6778699191802272,True,3.2415585352861602,0.8287226515518198,True,False
148.94,1710,t1710,170,100.0,75,10,1,0.6995381992070626,True,16.721133911942943,1.6959536793263812,True,False
148.99,1711,t1711,270,200.0,77,0,6,0.724665590880688,True,56.913973461173406,2.6116341821837152,True,False
149.11,1713,t1713,170,100.0,95,0,5,0.7298541730475572,True,16.871396964774238,1.7275015382619447,True,False
149.3,1714,t1714,120,75.0,43,5,1,0.674608504711685,True,8.92793684314559,1.204718527140197,True,False
149.31,1715,t1715,220,900.0,87,4,2,0.6915305188717323,False,167.82481667444566,2.1527837368838703,False,False
149.33,1716,t1716,170,500.0,84,1,5,0.6638927926435896,True,80.80769123518436,1.6144383256471548,True,False
149.38,1717,t1717,220,150.0,27,7,4,0.6837354852267506,False,33.553408452852075,2.2441294356943864,False,False
149.43,1718,t1718,300,1000.0,49,0,5,0.7306877562532726,False,260.38312713195114,3.079524392925258,False,False
149.54,1719,t1719,300,250.0,96,7,6,0.6900477114805775,True,66.01655752226795,2.9948803422845103,True,False
149.56,1720,t1720,170,100.0,95,8,4,0.6736442444268421,True,17.074792321108507,1.6277006755041576,True,False
149.82,1721,t1721,300,1200.0,45,2,4,0.7083141078943421,False,343.8954155971952,2.842427212608887,False,False
150.04,1722,t1722,220,700.0,36,2,3,0.6927263470277956,True,165.8280884634281,2.3479634137891483,True,True
150.09,1723,t1723,270,1000.0,91,1,6,0.653150604370326,False,265.29281141058976,2.50199540352053,False,False
150.1,1724,t1724,170,100.0,47,9,10,0.679607142245147,True,15.370417471139781,1.7814096334168228,True,False
150.18,1725,t1725,270,200.0,29,0,5,0.725330667794874,False,44.73424532476872,2.904083559939431,False,False
150.23,1726,t1726,170,100.0,31,8,2,0.7082214973854036,True,18.354059331067987,1.533310265084186,True,False
150.26,1727,t1727,80,50.0,37,5,6,0.671453069116155,True,3.6377069763136576,0.7509127464853379,True,False
150.27,1728,t1728,170,100.0,61,5,6,0.6736061895520138,True,16.06559501045792,1.5541562562470206,True,False
150.28,1729,t1729,220,150.0,65,7,5,0.6902140666269762,True,30.43723435880681,2.2729288081192456,True,False
150.36,1730,t1730,300,1200.0,79,10,1,0.700849896761383,False,361.76937952666583,2.9396916416883716,False,False
150.44,1731,t1731,270,200.0,36,4,5,0.7188912702677537,False,51.54919387643195,2.6074338156507486,False,False
150.45,1732,t1732,220,150.0,28,1,9,0.6515695769862981,False,101.31965017756129,4.989940659585878,False,True
150.54,1735,t1735,300,250.0,50,10,4,0.7004897391766521,False,83.1701271887656,2.894079176327257,False,False
150.6,1736,t1736,220,150.0,65,5,8,0.6789950280888309,True,29.182944337798347,2.197029701981463,True,False
150.61,1737,t1737,220,150.0,56,1,5,0.6660456034573844,True,36.225597076501614,2.334659022690573,True,False
150.69,1738,t1738,80,50.0,30,4,1,0.6888575971856746,True,4.642246281038869,0.7344089010683401,True,False
150.75,1739,t1739,220,700.0,50,10,7,0.6982026454167908,False,309.9312525124877,3.8265547977708594,False,True
150.78,1740,t1740,300,250.0,34,7,5,0.6919919671126183,False,74.02157863517424,3.1826924200160214,False,False
151.29,1741,t1741,300,1000.0,61,10,8,0.7121452722702445,False,283.76886073673387,2.7829718270123562,False,False
151.54,1743,t1743,120,75.0,74,7,10,0.6837030243707525,True,7.897401221408727,1.159089268726752,True,False
151.6,1744,t1744,120,75.0,83,7,6,0.6918289390691478,True,7.736134092288553,1.124223307056252,True,False
151.66,1745,t1745,270,200.0,51,6,1,0.6797431874632894,False,52.23735000265615,2.801173287076038,False,False
151.74,1746,t1746,120,75.0,23,7,5,0.6875603095885479,True,10.12298217838174,1.2650011500051215,True,False
151.97,1747,t1747,270,200.0,77,9,2,0.681597222803954,True,45.92423976840506,2.6888516797327497,True,False
152.06,1748,t1748,170,100.0,80,2,3,0.6944540019054214,True,18.215579471937485,1.697947877132013,True,True
152.16,1749,t1749,220,150.0,28,8,2,0.7094877341043622,False,29.161013240446533,2.020073055273111,False,False
152.33,1751,t1751,300,250.0,49,7,5,0.6893912852149587,False,68.6008894630147,3.0629969651516684,False,False
152.42,1752,t1752,120,75.0,54,6,8,0.6804161674522653,True,7.469539949044739,1.2590242136731815,True,False
152.58,1753,t1753,80,50.0,42,1,6,0.6493442589495861,True,3.8895215207138807,0.8244239047750002,True,False
152.59,1754,t1754,80,50.0,52,6,1,0.6754049903806904,True,4.419814825625129,0.824757509058575,True,False
152.62,1756,t1756,80,50.0,66,0,1,0.725143704259243,True,4.275986492193628,0.8097404612472172,True,False
152.62,1755,t1755,220,150.0,50,2,4,0.7035560075546371,True,39.48589036317746,2.3618920500956264,True,False
152.81,1758,t1758,120,75.0,44,7,10,0.6856111457015193,True,9.31159689552538,1.1166329931521668,True,False
152.94,1760,t1760,220,150.0,59,3,5,0.6954861813620824,True,31.76169811412324,2.2981829927725324,True,False
153.08,1764,t1764,300,1200.0,90,6,1,0.6773275572397431,False,394.12487520394154,2.932316174852271,False,False
153.12,1765,t1765,170,100.0,81,2,3,0.6961471036854948,True,17.35235020885013,1.854736155720994,True,True
153.32,1766,t1766,300,250.0,48,4,1,0.6906626270601429,False,85.85619447940869,3.0132178491586847,False,False
153.37,1767,t1767,170,100.0,46,6,8,0.6823900259214019,True,18.49541656612346,1.799177153835829,True,False
153.47,1768,t1768,170,100.0,99,1,6,0.651788040437261,True,18.322007531340013,1.53891756570287,True,False
153.95,1769,t1769,120,75.0,80,5,1,0.676547001284118,True,8.058914696182695,1.1631000213225782,True,False
153.97,1770,t1770,220,150.0,56,8,2,0.7045546460889417,True,36.294020573997784,2.4184847709983806,True,False
154.13,1772,t1772,220,700.0,41,10,6,0.6984865726573551,False,144.90030210771903,2.095975025281848,False,False
154.14,1773,t1773,270,200.0,74,5,8,0.6809973093452363,True,55.68619843275014,2.703227889575564,True,False
154.23,1774,t1774,170,100.0,32,10,2,0.6979131376213439,True,14.342369571698892,1.5984310319972788,True,False
154.34,1775,t1775,270,200.0,64,1,5,0.6681553580549034,True,59.587449422724795,2.5869602892391104,True,False
154.38,1776,t1776,270,200.0,80,4,10,0.6877571908201966,True,51.7818917544467,2.9373429238445667,True,False
154.4,1777,t1777,80,50.0,33,3,1,0.674227463912522,True,4.08791887327059,0.8772626734066105,True,False
154.42,1778,t1778,270,200.0,79,3,4,0.7096663661689225,True,45.52042048004199,2.4846504977250357,True,False
154.53,1779,t1779,80,50.0,35,9,5,0.6875728014872147,True,4.463254335516197,0.801871969161762,True,False
154.58,1780,t1780,300,1000.0,61,4,6,0.7192339233457762,False,305.35438676149664,2.9655731707030615,False,False
154.71,1781,t1781,80,50.0,79,2,4,0.7050670692217261,True,3.990391749297819,0.7317363719351369,True,False
154.83,1782,t1782,300,250.0,82,4,5,0.7139216266805805,False,84.51358299291287,3.1699804159101315,False,False
154.89,1783,t1783,120,75.0,89,5,6,0.6757162475791553,True,9.112074413461679,1.2659513660168609,True,False
154.9,1784,t1784,220,150.0,24,5,1,0.6784467279251022,False,35.6935472431401,2.364673835343248,False,False
154.94,1785,t1785,120,75.0,24,10,2,0.6992573364073786,True,10.793241319356353,1.3151644981874202,True,False
155.14,1786,t1786,300,250.0,46,0,8,0.7223836046786534,False,62.67795131285778,2.7567068749559915,False,False
155.16,1787,t1787,220,150.0,70,2,6,0.7037013422841768,True,35.78012687205341,2.116363228538679,True,False
155.21,1788,t1788,220,150.0,75,7,10,0.6874811046056707,True,36.013523895317334,2.193211962143906,True,False
155.34,1789,t1789,170,100.0,70,1,8,0.683745695207089,True,19.263657081723636,1.8359434591380053,True,False
155.44,1790,t1790,300,250.0,46,5,1,0.6741344600332669,False,82.83193366564724,2.8438864080383524,False,False
155.56,1791,t1791,300,1000.0,66,5,6,0.6777841044457541,False,308.235691190482,3.0319348437804647,False,False
155.62,1793,t1793,300,1200.0,77,5,8,0.6829595449765132,False,313.95733212339366,3.2109733656203687,False,False
155.64,1794,t1794,220,150.0,88,7,5,0.6850116413288413,True,36.13814985765836,2.114098432440643,True,False
155.66,1795,t1795,270,200.0,72,2,6,0.7050579821051599,True,45.060925253623324,2.5576740314069677,True,False
155.72,1797,t1797,270,200.0,65,9,5,0.6892520121241371,True,64.44753213992884,2.696367362046693,True,False
155.73,1798,t1798,80,50.0,56,9,10,0.6815971812184258,True,4.446278191397855,0.863652622719299,True,False
155.78,1800,t1800,170,100.0,29,6,8,0.6843244072211556,True,14.275309365778972,1.634420020495803,True,False
155.78,1799,t1799,120,75.0,64,4,6,0.7142574266970424,True,9.345153490735544,1.27925805284102,True,False
155.78,1801,t1801,220,700.0,63,1,5,0.670222917560472,False,127.64240576044962,2.0066738617099253,False,False
156.03,1803,t1803,300,250.0,86,5,1,0.6699084374992682,True,60.009083707144015,2.8239563119561213,True,False
156.14,1804,t1804,300,1200.0,76,5,8,0.6787085358951649,False,399.38817445114375,3.0632223971663644,False,False
156.23,1805,t1805,300,250.0,48,4,6,0.7155544599812834,False,74.03906559114323,2.8417484902866263,False,False
156.23,1806,t1806,120,75.0,59,3,1,0.6763250964524534,True,8.735027629334489,1.2525748236840413,True,False
156.35,1807,t1807,170,100.0,49,4,5,0.7090513759651508,True,17.053864120484686,1.846952033936826,True,False
156.36,1808,t1808,270,200.0,83,9,2,0.6832677398863363,True,48.121822279290335,2.5966219631417804,True,False
156.42,1809,t1809,300,250.0,79,1,8,0.685373242841409,True,63.18813227549933,3.293749152605762,True,False
156.44,1811,t1811,120,75.0,38,2,6,0.7063874891297234,True,10.007128094217357,1.2663122089928205,True,False
156.51,1812,t1812,300,250.0,50,5,1,0.6719409354159495,False,86.09949213682577,3.095398745232477,False,False
156.53,1813,t1813,270,900.0,88,8,10,0.67029029928969,False,266.9131013250265,2.8159687534158877,False,False
156.65,1814,t1814,270,1000.0,98,7,5,0.6868935903204464,False,226.2488275376711,2.6045115581507696,False,False
156.72,1815,t1815,300,1000.0,90,6,8,0.6862201008949144,False,266.9202322370812,2.7279808088271427,False,False
157.01,1817,t1817,170,500.0,43,8,2,0.7058942198338295,False,84.16649760838835,1.8474445957705847,False,False
157.23,1818,t1818,80,50.0,90,9,2,0.6849048466270711,True,3.3411810166066385,0.7649292930592302,True,False
157.27,1819,t1819,80,50.0,79,0,6,0.7256029457297409,True,4.3300040552324734,0.8003087891203757,True,False
157.32,1820,t1820,80,50.0,40,1,8,0.6869682395230423,True,3.556752431705876,0.7759032563582022,True,False
157.38,1821,t1821,170,500.0,80,10,8,0.7073105486430215,True,79.85457756694535,1.58206735688616,True,False
157.42,1822,t1822,170,100.0,72,2,6,0.7076904060137955,True,14.096986086400193,1.803798555855176,True,False
157.66,1824,t1824,170,100.0,55,6,1,0.673037672761615,True,19.242709110172967,1.5673462817315553,True,False
157.78,1825,t1825,220,150.0,34,9,2,0.6865092112329914,True,30.000334070287934,2.1231172099498274,True,False
157.82,1827,t1827,170,100.0,71,7,5,0.6825639003322193,True,16.092262412772147,1.7840407372843794,True,False
157.82,1826,t1826,300,1000.0,87,2,4,0.7065479096554735,False,292.8757578256309,2.7614410827595335,False,False
157.86,1829,t1829,270,1000.0,69,2,4,0.7018251332805459,False,218.37091938566087,2.43244095337413,False,False
158.0,1830,t1830,300,250.0,26,10,8,0.7087465194883429,False,88.84270692844905,2.9397920495729286,False,False
158.05,1832,t1832,120,75.0,36,3,4,0.7110552206637258,True,7.415940099397337,1.249913892434985,True,False
158.05,1831,t1831,170,500.0,67,9,2,0.688081488546793,False,92.07006871523744,1.7842284901000436,False,False
158.17,1833,t1833,300,1000.0,38,10,8,0.7039797709167578,False,296.1005011683024,2.754657818128946,False,False
158.18,1834,t1834,300,1200.0,59,10,8,0.6993083573166046,False,298.5745471953782,3.0642418694964575,False,False
158.24,1835,t1835,300,250.0,29,2,3,0.6978063434299668,True,67.87359452219324,3.1389109990772193,True,True
158.27,1836,t1836,270,900.0,69,8,5,0.6678518151315691,False,274.05295491066596,2.9615548665542164,False,False
158.29,1837,t1837,170,700.0,92,7,5,0.6844948041437567,False,120.14447787340278,1.8691055223329098,False,False
158.46,1839,t1839,270,200.0,74,4,10,0.6894327136704593,True,49.29968476153298,2.8193983309358415,True,False
158.48,1840,t1840,220,150.0,30,8,10,0.666292675122078,False,34.11455342362591,2.3679266356492,False,False
158.57,1842,t1842,170,500.0,51,5,6,0.6736366041750208,False,86.74677427369409,1.66641889302322,False,False
158.66,1844,t1844,220,700.0,52,5,8,0.6745425469954434,False,176.09986237342633,2.053530466792793,False,False
158.67,1845,t1845,170,100.0,60,5,1,0.6677587833742972,True,14.068667457342752,1.6308527855690216,True,False
158.68,1846,t1846,170,100.0,46,10,4,0.6957366110597858,True,18.222961696179745,1.5307536408812226,True,False
158.82,1847,t1847,80,50.0,73,10,4,0.6972525455052567,True,3.757466466916873,0.8737682164489261,True,False
158.89,1848,t1848,300,1000.0,23,2,3,0.6994323983795493,True,304.18350825809057,2.824822318652371,True,True
158.91,1849,t1849,220,700.0,97,0,4,0.7220484557180983,False,130.34929341553965,2.316253374533691,False,False
159.01,1850,t1850,270,900.0,91,5,8,0.6704598778737163,False,258.42298064983385,2.824493264817047,False,False
159.04,1851,t1851,80,50.0,68,0,2,0.7209857093743839,True,4.37130344089455,0.8322393908627035,True,False
159.35,1855,t1855,220,150.0,94,6,1,0.6750075859730493,True,37.69505603632435,2.009009048996197,True,False
159.36,1856,t1856,270,200.0,75,7,10,0.6893136643317391,True,50.48904249650866,2.8052157461847504,True,False
159.56,1857,t1857,220,700.0,44,9,2,0.6834483203143187,False,150.02307736849366,2.116349996676959,False,False
159.57,1858,t1858,300,1000.0,37,3,5,0.6971586395530225,False,325.8654392592338,2.9602778910154535,False,False
159.65,1859,t1859,270,1000.0,45,2,6,0.7089672645601863,False,242.31035806671048,2.6906933683700736,False,False
159.66,1860,t1860,270,200.0,49,8,2,0.7010330021038196,False,59.929398017488666,2.779718699965682,False,False
159.74,1861,t1861,270,200.0,87,5,6,0.6695720539097022,True,43.392977784737525,2.4544408486259863,True,False
159.83,1862,t1862,120,75.0,58,5,6,0.6717627946496899,True,10.439257300329137,1.2162108530651619,True,False
159.84,1863,t1863,80,50.0,75,5,6,0.673909720574878,True,3.231180767880958,0.7999454360736713,True,False
159.86,1864,t1864,300,250.0,26,5,10,0.6666692339637771,False,70.57342099125333,3.04838837809786,False,False
160.05,1866,t1866,220,700.0,45,0,6,0.7265215534818127,False,144.51099748322662,2.128169069938097,False,False
160.09,1867,t1867,300,250.0,60,6,1,0.676938100920255,False,79.29972237753893,2.724426188260919,False,False
160.35,1869,t1869,270,1000.0,85,9,5,0.690897638548321,False,299.79527409905353,2.4584906106119315,False,False
160.4,1870,t1870,170,100.0,28,8,2,0.6962690087284099,False,19.458801835968146,1.5571158124033124,True,False
160.44,1872,t1872,220,700.0,96,3,5,0.6926236485801439,False,176.34058000986468,2.2056203054944294,False,False
160.44,1871,t1871,120,75.0,76,8,3,0.6644362371330353,True,8.63431900872417,1.2431440595041565,True,True
160.46,1873,t1873,170,100.0,63,8,4,0.675602026204972,True,14.695573705090569,1.7171009813166829,True,False
160.52,1874,t1874,300,1200.0,83,0,1,0.72622301199224,False,384.7161744464091,2.7455568308250493,False,False
161.04,1876,t1876,80,50.0,80,9,5,0.6863363524440212,True,4.5970505904957975,0.7672576617945713,True,False
161.05,1877,t1877,170,500.0,86,5,1,0.6698342743734779,True,76.82547839879214,1.5473953752225023,True,False
161.08,1878,t1878,300,1200.0,67,7,3,0.681519409109808,True,349.01440345418507,3.034830906615017,True,True
161.1,1880,t1880,170,100.0,34,4,10,0.6910747260637168,True,15.185861055446681,1.8396701034581702,True,False
161.1,1879,t1879,270,900.0,23,6,10,0.6822573130428888,False,255.87049235476346,2.476951743628048,False,False
161.17,1881,t1881,80,50.0,60,7,6,0.6935745421059466,True,3.564013129190118,0.8031183834763921,True,False
161.24,1882,t1882,220,150.0,90,4,5,0.7104525302640295,True,28.34864230726688,2.1818283145184942,True,False
161.31,1883,t1883,300,1200.0,48,6,1,0.6726560055685166,False,311.26101016620254,3.142732630159317,False,False
161.35,1884,t1884,120,75.0,75,5,6,0.6760137079815624,True,7.6621556057943545,1.158912347327951,True,False
161.37,1885,t1885,220,900.0,24,1,8,0.688531336271043,False,195.73645490661866,2.12370410391096,False,False
161.44,1886,t1886,120,75.0,89,0,2,0.722148177005078,True,8.456963612815217,1.1229703561509454,True,False
161.47,1888,t1888,270,900.0,66,8,4,0.6775206523475392,False,262.24345849258646,2.9010627349402704,False,False
161.48,1889,t1889,120,75.0,81,4,10,0.6926838982091091,True,8.077831429069693,1.1289558692366544,True,False
161.49,1890,t1890,80,50.0,67,10,4,0.6987381612618183,True,4.393356182629297,0.7619792233420375,True,False
161.59,1891,t1891,300,250.0,94,8,4,0.6732269059672551,True,78.22430718205926,3.011655963756232,True,False
161.66,1892,t1892,270,900.0,72,0,2,0.7232873952831583,False,272.3922012196429,2.586532961363531,False,False
161.67,1893,t1893,170,100.0,74,7,10,0.6911095728632861,True,15.674635838355115,1.7235369921169676,True,False
161.7,1894,t1894,220,900.0,53,5,8,0.6664588621344237,False,167.75296598868653,2.072057081138358,False,False
161.79,1896,t1896,120,75.0,46,8,2,0.6916002952205084,True,10.426592207733194,1.228224279441555,True,False
161.81,1897,t1897,170,100.0,88,8,3,0.6665781790570412,False,64.4723263949459,4.731253591647532,False,True
161.83,1898,t1898,300,1200.0,46,8,5,0.6639029606471195,False,393.15464468625873,3.0682215068145324,False,False
161.94,1900,t1900,300,250.0,95,2,3,0.6964135954037193,False,263.2730447649663,8.78464518062097,False,True
162.02,1901,t1901,220,150.0,30,3,5,0.6881793574267229,True,27.908772994120785,2.1123187304392617,True,False
162.09,1902,t1902,270,200.0,49,3,4,0.7124162980686332,False,54.24597127304336,2.8292784117686813,False,False
162.11,1903,t1903,120,75.0,68,3,4,0.7075761539254423,True,7.554881855778873,1.2697872990552257,True,False
162.14,1904,t1904,220,150.0,73,3,1,0.6783807763415862,True,34.26929385746129,2.3838806481800474,True,False
162.16,1905,t1905,170,700.0,40,10,4,0.7001940647032485,False,113.54960747521795,1.8219955712972464,False,False
162.18,1907,t1907,170,100.0,77,1,8,0.6838891710840838,True,14.89060548761121,1.8368534685151594,True,False
162.32,1909,t1909,300,1200.0,54,3,1,0.6803953426329362,False,319.67327517174874,3.0956014557645366,False,False
162.34,1910,t1910,120,75.0,96,2,5,0.6836841133369244,True,9.232662199474857,1.1554259413642505,True,False
162.41,1911,t1911,300,250.0,72,3,5,0.6899979520963703,False,87.1838066030735,3.0004943838587144,False,False
162.62,1912,t1912,220,700.0,51,10,1,0.6959613603646169,False,178.76378534963152,1.9890722513701404,False,False
162.89,1914,t1914,80,50.0,45,3,5,0.6856061748726247,True,3.6865958802683916,0.8532796458481342,True,False
162.93,1915,t1915,300,250.0,43,2,4,0.6971968124331167,False,77.51943138292206,2.9197471650114952,False,False
163.07,1916,t1916,80,50.0,47,0,5,0.7200807211056431,True,4.284764134847263,0.7393699457486468,True,False
163.19,1918,t1918,270,200.0,43,2,5,0.6855926128883677,False,64.6756043931168,2.759645873554971,False,False
163.35,1919,t1919,270,200.0,95,7,6,0.6952852330820095,True,54.98005553759786,2.4370224417629314,True,False
163.42,1920,t1920,220,150.0,66,8,2,0.6931989559827649,True,35.39390202424766,2.3728820692799415,True,False
163.45,1921,t1921,270,200.0,30,0,6,0.7212477890788432,False,58.73076616355493,2.7551009184162365,False,False
163.55,1922,t1922,80,50.0,30,1,5,0.6660751258759293,True,4.361557154269315,0.8149260905241387,True,False
163.57,1924,t1924,170,100.0,41,3,1,0.6761956175984594,True,19.060571838488688,1.5735757103240684,True,False
163.57,1923,t1923,80,50.0,39,1,5,0.6681842900250773,True,4.340401348692695,0.7521506359132382,True,False
163.71,1926,t1926,220,700.0,38,9,5,0.6880402920618075,False,141.81751226871253,2.2003294171731502,False,False
163.76,1928,t1928,300,1000.0,49,9,10,0.6835474194122392,False,335.2740450509208,2.956461537163838,False,False
163.8,1929,t1929,170,100.0,86,10,4,0.6954468500758503,True,18.537514509380134,1.824039331433236,True,False
163.86,1932,t1932,300,250.0,61,9,10,0.6792846528421762,False,70.53119005078722,2.8631455191263284,False,False
163.93,1934,t1934,220,150.0,55,6,8,0.6819038806951979,True,29.516596875348064,2.1798952776218594,True,False
163.98,1935,t1935,300,1200.0,47,4,5,0.7118256614769308,False,388.5137482803925,2.847119475835076,False,False
164.09,1936,t1936,270,200.0,37,6,10,0.6778688334486976,False,53.739955800761,2.9678645731300013,False,False
164.18,1937,t1937,220,150.0,27,8,4,0.6751930345145767,False,30.20404007929468,2.286027747448176,False,False
164.19,1938,t1938,300,250.0,73,7,10,0.6928695632242022,False,75.07722056592748,3.190403981058296,False,False
164.32,1940,t1940,270,1000.0,61,8,4,0.6709458404909517,False,218.57184509725386,2.484879079087793,False,False
164.41,1941,t1941,270,1000.0,45,6,8,0.6838479848994757,False,233.2174471815474,2.70944799687113,False,False
164.51,1942,t1942,80,50.0,70,6,8,0.679579207019668,True,4.106321490904523,0.839520861457515,True,False
164.54,1943,t1943,80,50.0,40,10,8,0.6947303719884543,True,4.588859371402766,0.8732193290307569,True,False
164.61,1944,t1944,300,250.0,74,2,5,0.6812889424487821,False,82.33819235332223,2.8337839168458068,False,False
164.65,1945,t1945,270,1000.0,94,3,4,0.7090068126651153,False,233.62631420156168,2.715243134510991,False,False
164.7,1946,t1946,80,50.0,83,1,5,0.6702512708912424,True,3.2812052982074156,0.7570817716806432,True,False
164.71,1947,t1947,270,200.0,36,10,2,0.7005746512176927,False,47.598692779591396,2.9088110697774976,False,False
164.71,1948,t1948,300,1000.0,54,7,5,0.6802130898790634,False,269.0140188083394,3.0252724252724583,False,False
165.01,1950,t1950,300,250.0,87,0,2,0.7182298291956769,False,84.50025983019742,3.2800849743897036,True,False
165.02,1951,t1951,120,75.0,70,8,2,0.6947656435297763,True,7.216285172355831,1.23778642025206,True,False
165.17,1952,t1952,120,75.0,38,10,2,0.6956916197318004,True,9.587889890388801,1.0920024608492043,True,False
165.19,1953,t1953,220,150.0,59,0,8,0.7170643941235417,False,34.77584741597119,2.3061614693353016,True,False
165.22,1954,t1954,270,1000.0,92,5,6,0.6780756156401128,False,243.87961485878884,2.6561915657527218,False,False
165.43,1955,t1955,300,1200.0,42,0,5,0.7211097733501971,False,288.4224350773299,3.266098685710398,False,False
165.47,1956,t1956,80,50.0,55,4,10,0.6942608869115936,True,3.7502204683003932,0.8021962650667638,True,False
165.48,1957,t1957,270,200.0,72,9,5,0.683536152887238,True,45.491166728031004,2.509978187541876,True,False
165.56,1958,t1958,300,1200.0,38,6,1,0.6684595521238129,False,337.42093017462986,2.908733076577552,False,False
165.86,1960,t1960,300,250.0,75,7,10,0.6884203537779,True,65.07295660209168,3.2032000873565103,True,False
165.92,1961,t1961,170,500.0,23,6,8,0.6815698046974564,False,97.58219809868119,1.5306357388882934,False,False
165.93,1962,t1962,170,100.0,28,3,5,0.6874762331933539,True,15.564305024356628,1.77885506780209,True,False
165.95,1963,t1963,120,75.0,68,6,8,0.6773465904216892,True,9.437489628732813,1.2234760362130341,True,False
165.97,1964,t1964,270,900.0,57,4,10,0.6958063358400285,False,262.39093590308454,2.714172054185194,False,False
165.98,1965,t1965,120,75.0,62,9,8,0.6766909020188174,True,9.361515164602249,1.288859458066926,True,False
166.0,1966,t1966,270,200.0,76,5,4,0.6650638441327128,True,61.42113092040702,2.823322842658882,True,False
166.19,1967,t1967,80,50.0,22,7,10,0.6902341285205237,True,3.3195712068088823,0.7559076472911743,True,False
166.24,1968,t1968,170,100.0,99,10,8,0.696417946366867,True,20.157699491276805,1.628804369031315,True,False
166.59,1971,t1971,220,150.0,26,10,8,0.6980717692577116,False,31.911147203683353,2.0963250761405896,False,False
166.64,1972,t1972,170,100.0,20,2,6,0.7040445859356493,True,17.205005567118178,1.8140038969832175,True,False
166.66,1973,t1973,80,50.0,34,5,4,0.6673447490682404,True,4.296696214850454,0.7766890253756008,True,False
166.69,1974,t1974,170,500.0,20,0,6,0.716079499963933,False,84.40266632002759,1.8196467293043856,False,False
166.84,1975,t1975,270,200.0,39,5,4,0.6695800359050573,False,56.85772445338052,2.4341241799868114,False,False
166.97,1977,t1977,300,1000.0,60,9,8,0.6787392657966229,False,340.38230179828497,3.2983697346913816,False,False
167.05,1978,t1978,270,1000.0,32,10,6,0.6937735078708748,False,295.0422215919478,2.5752233147199246,False,False
167.18,1979,t1979,120,75.0,46,9,5,0.68529609649616,True,9.75639815909919,1.114116216342337,True,False
167.47,1981,t1981,270,200.0,91,1,6,0.6541829462951826,True,45.4604396724354,2.6242996199851394,True,False
167.48,1982,t1982,300,1000.0,40,1,5,0.6722769121400842,False,288.6734867619051,2.9271797750689412,False,False
167.52,1983,t1983,120,75.0,92,10,2,0.6970802488756258,True,10.544290968176751,1.2733616458135995,True,False
167.61,1984,t1984,80,50.0,70,8,2,0.6963009973258475,True,3.627798106155852,0.8112639511687191,True,False
167.61,1985,t1985,170,100.0,62,7,10,0.6920116277682952,True,18.049107584270704,1.5606106487249427,True,False
167.92,1987,t1987,300,250.0,29,4,6,0.7106515525998396,False,60.903626565316465,2.971596444020099,False,False
167.94,1988,t1988,220,150.0,32,4,6,0.7058467033660246,False,37.5116511682454,2.041196902574673,False,False
168.02,1989,t1989,170,100.0,43,6,10,0.6735681234463904,True,19.08917369529761,1.5338802470562307,True,False
168.32,1991,t1991,300,250.0,63,4,10,0.6911468757898945,False,86.6405151144866,2.886232570271804,False,False
168.33,1992,t1992,270,200.0,51,2,3,0.6786635053138267,False,137.09649898975857,5.507210337221222,False,True
168.39,1993,t1993,300,250.0,77,7,2,0.6795148910168404,True,63.47525995816004,3.0849803451695768,True,False
168.49,1995,t1995,170,100.0,34,4,2,0.6871080903124794,True,16.19370131133058,1.638061776331654,True,False
168.52,1996,t1996,270,200.0,61,3,5,0.6893088903476686,True,44.805469902010444,2.7343131971788552,True,False
168.87,1999,t1999,170,100.0,70,0,4,0.7168641532704031,True,18.618903226617107,1.8182246606038464,True,False
168.9,2001,t2001,270,200.0,95,8,10,0.6623750034378182,True,54.9816271961699,2.809279747662131,True,False
168.94,2002,t2002,300,1200.0,29,8,4,0.6667835903477994,False,331.16473501083317,2.9689264906137725,False,False
169.01,2003,t2003,270,900.0,22,4,2,0.6889481103244117,False,287.09834177600715,2.9148172249872086,False,False
169.02,2004,t2004,80,50.0,74,7,10,0.6937535770311111,True,3.9698277858086914,0.8676861579641276,True,False
169.07,2005,t2005,220,150.0,84,5,4,0.6655966170051381,True,37.65290677203424,2.2683291821870983,True,False
169.11,2006,t2006,220,900.0,32,5,6,0.6739222851454924,False,229.43460350086096,2.212400856793229,False,False
169.17,2007,t2007,170,700.0,75,4,10,0.6865806049407633,False,129.2557808464468,1.640878857609444,False,False
169.18,2008,t2008,120,75.0,25,7,10,0.6954606873086706,True,7.952210700196706,1.107239349435956,True,False
169.2,2009,t2009,270,1000.0,68,10,4,0.696968579741,False,246.26841151673202,2.487244371118129,False,False
169.25,2010,t2010,80,50.0,20,0,1,0.7211067335705771,True,4.685162886623517,0.7957598374407621,True,False
169.3,2011,t2011,300,1200.0,24,7,6,0.6969617102385511,False,394.9766874665281,3.2136155620342626,False,False
169.39,2012,t2012,220,150.0,30,10,2,0.6984411054365749,True,27.005289129402765,2.0553680595729014,True,False
169.54,2013,t2013,170,100.0,50,8,10,0.6647096851872437,True,15.54644511447959,1.5472977075984313,True,False
169.64,2014,t2014,300,1000.0,83,5,4,0.6678668664832171,False,279.50715202440375,3.022600904673407,False,False
169.65,2015,t2015,220,150.0,33,8,4,0.6627045852075101,True,29.044833905509236,2.0308320355676672,True,False
169.72,2016,t2016,120,75.0,63,5,4,0.6639177109717346,True,10.075021848553146,1.1287051989899568,True,False
169.74,2017,t2017,300,250.0,56,4,6,0.7011379511168859,False,79.72463745679825,3.256119011080015,False,False
169.92,2018,t2018,170,700.0,42,0,5,0.7159442445498597,False,121.6559968634653,1.689353395176671,False,False
169.99,2019,t2019,170,700.0,34,4,6,0.6965233739127301,False,126.676093835927,1.6128878675652343,False,False
170.01,2020,t2020,170,700.0,44,9,2,0.6789078154464938,False,111.36837941980781,1.7696447808566167,False,False
170.05,2021,t2021,170,100.0,23,2,5,0.6770713454179883,True,13.776169443285276,1.851534939595422,True,False
170.16,2022,t2022,270,200.0,30,2,5,0.6791121003278103,False,48.24130304156324,2.6100040148299017,False,False
170.17,2023,t2023,120,75.0,90,7,6,0.692430657851962,True,7.531479821973013,1.2621136937137416,True,False
170.19,2024,t2024,270,200.0,63,9,10,0.6751071416035145,True,54.80067333377113,2.5347066915612935,True,False
170.27,2025,t2025,170,100.0,76,5,1,0.671868255552675,True,18.67790503377962,1.7659994261506764,True,False
170.52,2028,t2028,120,75.0,87,3,5,0.6911048943588972,True,8.767074148244433,1.1896162440108564,True,False
170.58,2029,t2029,80,50.0,87,1,8,0.6855138492008634,True,3.4623887860037157,0.7931281435946762,True,False
170.64,2030,t2030,270,200.0,54,6,8,0.6793818404314372,True,49.3226294772882,2.668020789260845,True,False
170.71,2031,t2031,120,75.0,25,9,10,0.677187180589626,True,8.404856427467369,1.0961104530764356,True,False
170.82,2034,t2034,270,200.0,89,3,4,0.7042348582299948,True,59.6659957769932,2.9337152253579455,True,False
170.99,2035,t2035,300,250.0,68,0,4,0.7179575368716616,False,75.91961287160927,3.1391853704564627,False,False
171.08,2036,t2036,170,100.0,50,7,10,0.697133655380679,True,15.96308801875821,1.7580224954300114,True,False
171.1,2037,t2037,120,75.0,85,6,8,0.6813763854409903,True,8.37505906870236,1.2834226817042211,True,False
171.19,2038,t2038,300,1000.0,84,10,2,0.699774744866305,False,276.84062330329266,3.2092306807893887,False,False
171.26,2039,t2039,220,150.0,90,2,6,0.705394360883603,True,29.95750128083942,2.414533716018655,True,False
171.29,2040,t2040,270,200.0,24,6,10,0.6755274276441293,False,56.459119958299034,2.568974375453271,False,False
171.53,2041,t2041,170,100.0,21,9,8,0.6745726622988722,True,18.689298433288972,1.8547827377803037,True,False
171.6,2042,t2042,270,200.0,83,3,5,0.692864978289901,True,59.11541305883358,2.541806265574399,True,False
171.84,2044,t2044,270,200.0,96,2,5,0.6749380401394359,True,51.53477199745829,2.9582575728781975,True,False
171.97,2045,t2045,80,50.0,83,2,5,0.6770214611548291,True,4.022857607785323,0.8245031775851702,True,False
172.19,2046,t2046,170,700.0,54,7,6,0.6941642265131046,False,97.39488372710487,1.6376952807748424,False,False
172.72,2052,t2052,170,100.0,25,6,10,0.6712735457579133,False,17.521757623998276,1.7569885523182334,True,False
172.75,2053,t2053,170,100.0,27,6,8,0.6833310395503523,False,19.227622431877926,1.8442931641627545,True,False
172.8,2054,t2054,170,100.0,41,10,2,0.6949077115074405,True,17.828712156317096,1.6153688293884645,True,False
172.91,2055,t2055,270,200.0,38,4,1,0.6862575563371219,False,51.107351423491224,2.7521271973958013,False,False
172.98,2057,t2057,120,75.0,28,7,2,0.6813552598631701,True,8.153671797557129,1.2271916512943817,True,False
173.01,2058,t2058,80,50.0,53,5,1,0.6738615571082882,True,3.7483643432683875,0.7383940024603054,True,False
173.08,2059,t2059,220,150.0,65,4,2,0.6845773299361052,True,34.22307469642275,1.9819972896954856,True,False
173.27,2061,t2061,170,700.0,76,1,5,0.6680880405639492,False,127.93564878208144,1.8188161100050426,False,False
173.4,2063,t2063,220,150.0,42,9,5,0.6870208412329034,True,26.848688126938406,2.226856374161701,True,False
173.61,2066,t2066,270,200.0,69,5,6,0.6698520212607644,True,51.34662140299398,2.7389716312229386,True,False
173.79,2067,t2067,220,150.0,94,6,10,0.6671047415094217,True,27.018238691440363,2.25679474595115,True,False
173.84,2068,t2068,270,1000.0,62,6,10,0.6691933133458999,False,300.4345150649151,2.4421812908645797,False,False
173.89,2069,t2069,170,100.0,95,5,6,0.6720371626537309,True,15.421264290251159,1.6229606125456448,True,False
173.98,2070,t2070,170,100.0,81,1,8,0.6871060337553079,True,15.691783914590896,1.744235694700418,True,False
174.16,2072,t2072,220,700.0,71,2,4,0.6926610580026362,False,140.53719914118324,2.2321717186316565,False,False
174.22,2073,t2073,220,700.0,62,9,5,0.688711091074912,False,143.3605119477799,1.9801515266218581,False,False
174.46,2075,t2075,220,900.0,32,3,1,0.678253887064672,False,172.1959208944981,2.110971378525978,False,False
174.58,2076,t2076,120,75.0,29,9,8,0.6766633908710766,True,9.906714361249714,1.104902036321866,True,False
174.61,2077,t2077,270,200.0,44,3,5,0.6945898605422848,False,48.648363640008675,2.4422729788951862,False,False
174.73,2078,t2078,300,250.0,49,7,10,0.6987731640912472,False,60.404068737304236,3.2535566281705792,False,False
174.96,2080,t2080,270,900.0,73,8,10,0.6669976733016806,False,211.91462307260332,2.823278469342129,False,False
175.01,2081,t2081,270,900.0,70,10,2,0.6963120188157532,False,207.52511976555212,2.5848526509236724,False,False
175.08,2083,t2083,270,1000.0,29,5,4,0.6662215385704817,False,268.9917267100381,2.734027772023502,False,False
175.14,2084,t2084,270,200.0,65,7,2,0.6831588213325734,True,57.736375490200736,2.890955612560684,True,False
175.17,2085,t2085,170,100.0,33,1,8,0.6886663746186632,True,14.490418116307948,1.8471023755353084,True,False
175.4,2086,t2086,300,250.0,61,3,4,0.7057323428835768,False,64.76376247996839,2.971722120434265,False,False
175.49,2087,t2087,270,900.0,73,2,4,0.6882160186607653,False,243.1761724897367,2.834260970801936,False,False
175.63,2088,t2088,270,200.0,63,10,2,0.6915142399778995,True,55.27971065675858,2.8128078185302114,True,False
175.67,2089,t2089,170,100.0,31,0,2,0.7132734144299452,True,19.22626240641509,1.5391905718516603,True,False
175.68,2090,t2090,220,150.0,75,3,4,0.7010258778440871,True,30.959246608115215,2.3035128676160674,True,False
175.7,2091,t2091,220,150.0,87,1,8,0.6901955086647515,True,36.377459259728774,2.3174346423758085,True,False
176.08,2092,t2092,220,150.0,61,6,10,0.6650661137456486,True,37.980392267741415,2.3127708034336645,True,False
176.1,2093,t2093,120,75.0,82,10,8,0.6935185156907392,True,8.44468940656542,1.1626665582607474,True,False
176.12,2094,t2094,170,100.0,79,5,1,0.6758149926327891,True,16.726015751233096,1.7323881525010976,True,False
176.33,2095,t2095,170,100.0,73,8,10,0.6630659016538288,True,19.026472655474684,1.8549761233541633,True,False
176.36,2096,t2096,120,75.0,96,5,6,0.6741786012188381,True,10.23020463773433,1.110714920227774,True,False
176.39,2097,t2097,270,200.0,58,6,7,0.6661019499783961,False,112.62796904222692,6.516663190386166,False,True
176.46,2098,t2098,170,100.0,24,9,10,0.6792256187960152,True,14.97407522138451,1.5977128539009873,True,False
176.5,2099,t2099,120,75.0,38,5,10,0.6625925159511682,True,9.095738801978756,1.1105015738112638,True,False
176.51,2100,t2100,270,200.0,77,5,6,0.6762772110126433,True,44.45239326237441,2.8279030452522393,True,False
176.54,2101,t2101,220,150.0,81,0,4,0.7128550528008951,True,35.50603659045072,2.057659219324293,True,False
176.55,2102,t2102,120,75.0,67,6,1,0.6643470277480034,True,9.197158227137871,1.2802671527648561,True,False
176.59,2103,t2103,270,200.0,84,10,4,0.6922858748128466,True,49.996002315786264,2.890808242741185,True,False
176.64,2104,t2104,270,200.0,78,0,4,0.7140286184115439,True,63.89664955318341,2.8233636317583,True,False
177.08,2107,t2107,120,75.0,58,10,8,0.6952303271951062,True,10.032592010335915,1.3093420119449064,True,False
177.1,2108,t2108,80,50.0,36,6,10,0.6671954581374023,True,3.7957500421857793,0.8184469590595582,True,False
177.13,2109,t2109,270,200.0,47,6,8,0.679072600577527,False,50.567185101273665,2.523131953506774,False,False
177.17,2110,t2110,300,1200.0,56,9,5,0.6841935359200805,False,396.2016527137376,3.2514524053194322,False,False
177.19,2111,t2111,270,200.0,89,4,5,0.706997330065574,True,61.701398882758276,2.5311547676627355,True,False
177.31,2112,t2112,220,150.0,25,3,1,0.6740969911415604,False,30.49823201287506,2.0604252974021886,False,False
177.46,2115,t2115,270,200.0,99,0,1,0.7222667807173474,True,56.45579041953952,2.8435151131629666,True,False
177.46,2114,t2114,120,75.0,58,0,4,0.7151787127099797,True,8.922389307313649,1.1162749430900478,True,False
177.62,2117,t2117,170,100.0,72,0,1,0.7234036269211822,True,20.318029876113933,1.622196597548001,True,False
177.71,2118,t2118,80,50.0,68,7,2,0.6849263115725887,True,4.398467734907365,0.806998166714571,True,False
177.76,2119,t2119,220,150.0,21,8,4,0.6648811601700265,False,34.55685623460939,2.1439396832932065,False,False
177.82,2121,t2121,300,250.0,71,10,4,0.6938708239832564,True,68.55036758639194,2.826271666777128,True,False
177.84,2123,t2123,270,200.0,51,8,10,0.665386765438934,False,62.352464898481216,2.4838373154615896,False,False
177.84,2122,t2122,220,150.0,31,2,6,0.7067171403325975,True,28.493467756613885,2.0519109863229303,True,False
177.94,2124,t2124,300,250.0,34,3,4,0.7025875421053872,False,85.49605088673215,2.9459826751737435,False,False
178.2,2126,t2126,170,500.0,39,6,10,0.669282215641321,False,75.23197453851627,1.6497622701267949,False,False
178.25,2127,t2127,120,75.0,39,3,6,0.6718401129353112,True,7.978439691082914,1.0992003257031913,True,False
178.35,2128,t2128,80,50.0,33,10,2,0.6929864167168032,True,4.43836010012993,0.7644876738545756,True,False
178.41,2129,t2129,300,250.0,95,9,5,0.6797663318683456,True,65.46931665634422,3.015612264556098,True,False
178.42,2130,t2130,170,100.0,28,5,1,0.6777293594468,True,14.644657003479281,1.6126490617048532,True,False
178.46,2131,t2131,300,1200.0,51,3,4,0.6979439730814613,False,397.6658636215585,2.770630011068947,False,False
178.53,2132,t2132,120,75.0,53,2,4,0.6838598801057318,True,9.328364222796527,1.2945776308789037,True,False
178.62,2133,t2133,120,75.0,98,1,5,0.6639829464193369,True,8.64616301353592,1.2629726047372372,True,False
178.65,2134,t2134,220,900.0,44,1,8,0.691694060029918,False,205.53038269946262,2.2747262317643084,False,False
178.88,2135,t2135,220,900.0,65,5,6,0.6783338486105722,False,208.08378530468886,2.230511011551721,False,False
178.97,2137,t2137,170,500.0,42,0,1,0.7245177362009404,False,87.24648067409093,1.6569575820377032,False,False
179.3,2138,t2138,170,100.0,78,2,6,0.7080134641926122,True,13.987382839662708,1.618169242774728,True,False
179.47,2140,t2140,80,50.0,54,0,1,0.7194355632951034,True,4.207004283082259,0.8440506600882092,True,False
179.53,2142,t2142,170,100.0,25,10,2,0.6944291499209285,True,16.031343891055993,1.5319840546930652,True,False
179.68,2144,t2144,300,250.0,87,7,6,0.6896891238010242,False,87.48655511306646,3.129944268896776,False,False
179.69,2145,t2145,220,150.0,86,0,1,0.7206290338473832,True,32.126404566457325,2.2737344463486266,True,False
179.72,2146,t2146,220,900.0,60,0,2,0.7145901279595281,False,227.78376085125902,2.211631604855277,False,False
179.77,2147,t2147,120,75.0,96,6,10,0.6651532379951611,True,10.631272460841036,1.1134776140573095,True,False
179.92,2148,t2148,270,200.0,28,2,6,0.7092838615754267,False,54.427109151756625,2.5361286228866136,False,False
179.97,2149,t2149,300,1000.0,60,4,6,0.6920010882526574,False,306.95891074610284,3.2103298746031985,False,False
179.99,2150,t2150,300,250.0,25,5,6,0.6741753534565426,False,64.01647983583183,2.9346064822284377,False,False
179.99,2151,t2151,270,900.0,94,10,4,0.695424074170258,False,205.35820137604512,2.5290620970707125,False,False
180.17,2152,t2152,270,200.0,74,2,4,0.685764864321799,True,43.86703274529875,2.832990139369866,True,False
180.18,2153,t2153,300,250.0,91,5,1,0.6796054389245306,True,84.58371003616226,2.7342204072906418,True,False
180.25,2154,t2154,170,100.0,29,9,10,0.6812232882382768,True,15.576682984292589,1.6585260729030087,True,False
180.29,2155,t2155,220,150.0,69,9,10,0.683181004291693,True,39.37823622482232,2.0309379124416402,True,False
180.41,2157,t2157,80,50.0,53,3,5,0.6901062451496209,True,4.439184679413685,0.7281443745932484,True,False
180.54,2158,t2158,120,75.0,93,9,5,0.6816016718976453,True,8.58465867375785,1.1309188022550893,True,False
180.61,2159,t2159,220,150.0,33,6,8,0.6748993303841583,True,31.819794813739964,2.1357739524280315,True,False
180.64,2160,t2160,80,50.0,61,1,5,0.6661339541576169,True,4.070089178155599,0.8390247550157757,True,False
180.7,2161,t2161,270,200.0,38,9,8,0.678712304871837,False,63.77511485597173,2.5797778946068655,False,False
180.72,2163,t2163,170,100.0,31,8,10,0.6614872119483372,True,14.281504368270449,1.6042276346895545,True,False
180.78,2164,t2164,270,200.0,59,8,4,0.6608402036332927,True,46.2517834738724,2.49236293390744,True,False
180.94,2165,t2165,220,150.0,32,8,4,0.6630540662272935,False,35.54861172565443,2.0707748853732237,False,False
180.95,2166,t2166,170,500.0,61,3,5,0.6918863020648104,False,73.92524866538884,1.5470673200445464,False,False
181.0,2167,t2167,170,500.0,32,8,2,0.6978056440459971,False,91.17424539440974,1.7286923297197847,False,False
181.03,2168,t2168,300,250.0,48,9,8,0.674546240592582,False,72.31579519450207,3.022508601643124,False,False
181.03,2169,t2169,220,700.0,74,5,1,0.6814439968127067,False,143.52704163932833,2.315037135299639,False,False
181.04,2170,t2170,220,150.0,99,3,6,0.6739854924947869,True,30.304009023885087,2.328491487573561,True,False
181.06,2171,t2171,220,150.0,27,4,5,0.7084395652824443,False,38.576228805670496,2.179740454542037,False,False
181.07,2172,t2172,220,150.0,76,4,6,0.6875692483057859,True,33.78046005574511,2.417033472281835,True,False
181.58,2173,t2173,270,1000.0,38,3,4,0.6933932754380139,False,226.69204457835042,2.856248746960533,False,False
181.64,2174,t2174,300,250.0,42,4,5,0.7036789557949773,False,62.38226809789307,2.734401894989972,False,False
181.71,2175,t2175,170,100.0,90,9,10,0.685099566024041,True,18.467520720731056,1.7292660248538172,True,False
181.72,2176,t2176,170,500.0,76,5,6,0.6701000282055934,False,97.0505162854754,1.7172324459746833,False,False
181.77,2177,t2177,270,900.0,78,5,10,0.6647713322988115,False,210.05545762888786,2.5102220663141055,False,False
181.98,2178,t2178,270,200.0,30,3,6,0.676087964463073,False,45.13309413651761,2.9292507933860383,False,False
182.01,2179,t2179,300,1000.0,84,3,4,0.6889335917474354,False,338.4078508977783,3.1665275631677208,False,False
182.04,2181,t2181,270,200.0,96,9,5,0.6834003051263591,True,51.27500933412772,2.59999084321026,True,False
182.12,2182,t2182,300,250.0,31,10,2,0.6958430284609716,False,60.76620738113556,2.878602583940882,False,False
182.22,2183,t2183,270,200.0,42,1,6,0.6565299540359456,False,59.57642657294957,2.819276801784029,False,False
182.56,2184,t2184,270,200.0,77,10,1,0.6911705946957862,True,43.51676177449842,2.6967661590382663,True,False
182.57,2185,t2185,300,250.0,91,9,5,0.6851629656904986,True,88.99085942207581,3.0044157431557394,True,False
182.67,2186,t2186,220,150.0,96,6,10,0.6672808399019247,True,31.236445268493128,2.22617465178191,True,False
182.77,2187,t2187,270,1000.0,66,1,8,0.6869886403677812,False,260.30778392265483,2.455151596174402,False,False
182.83,2188,t2188,220,150.0,79,5,8,0.6625378667099172,True,26.478411450663046,2.2053072356560266,True,False
182.97,2189,t2189,300,250.0,25,3,4,0.6845631017306685,False,74.15595831680803,2.7425588546977195,False,False
183.16,2191,t2191,220,700.0,94,8,5,0.660033083252359,False,136.41725497284412,2.1961567258137262,False,False
183.45,2194,t2194,220,700.0,72,7,10,0.6942058826276042,False,140.70082083973463,1.987295223021878,False,False
183.49,2195,t2195,300,1000.0,53,7,6,0.6853035231431855,False,260.97130991004667,2.9468554080348364,False,False
183.52,2196,t2196,270,200.0,86,6,10,0.6693658897705528,True,44.03246554643714,2.714708597133318,True,False
183.56,2197,t2197,300,1200.0,88,3,4,0.6802800215142369,False,390.2439062426507,2.9332518033332597,False,False
183.62,2199,t2199,300,250.0,92,4,5,0.6990135584972597,True,78.53277485657327,3.1589792259871126,True,False
183.75,2201,t2201,220,150.0,75,1,5,0.6682419417411312,True,38.3876295199082,2.2023869449526643,True,False
183.77,2202,t2202,80,50.0,72,2,6,0.7043548510105848,True,3.3987798574369252,0.7528858136765919,True,False
184.19,2206,t2206,80,50.0,96,7,2,0.6866584520078035,True,3.202731453139398,0.8682717516584431,True,False
184.27,2207,t2207,270,200.0,64,6,8,0.6769835255946569,True,48.40567350148263,2.713690486702597,True,False
184.33,2208,t2208,120,75.0,61,8,2,0.693106197831744,True,8.56919067309268,1.186313643820415,True,False
184.34,2209,t2209,270,1000.0,41,0,4,0.7163058051224467,False,236.86340341021213,2.4804774153610865,False,False
184.34,2210,t2210,170,100.0,46,6,1,0.6664907538597099,True,17.180820418979792,1.7358630313426535,True,False
184.44,2211,t2211,220,700.0,61,5,6,0.6661062094596634,False,158.37487066772601,2.0555069442523304,False,False
184.47,2212,t2212,80,50.0,84,5,4,0.6623052896172539,True,3.950219199906282,0.7797305311520373,True,False
184.58,2213,t2213,170,500.0,46,7,10,0.6897299467932339,False,75.7541047682395,1.6425533773552174,False,False
184.64,2214,t2214,170,100.0,50,1,5,0.6703077695729752,True,19.844584763566846,1.6738288512851345,True,False
184.64,2215,t2215,170,500.0,83,7,6,0.6810056344985037,False,97.33902384734324,1.6217527401094045,False,False
184.66,2216,t2216,220,150.0,47,8,10,0.6638396495275524,True,32.17437178668973,2.026242023365991,True,False
184.68,2217,t2217,120,75.0,38,4,6,0.689400045157852,True,10.497535956830598,1.269826742898575,True,False
184.73,2218,t2218,220,150.0,49,10,2,0.6910546294302138,True,27.025961474142665,2.20466220155726,True,False
184.78,2220,t2220,300,250.0,38,5,4,0.6646413656430906,False,60.17079563799594,3.1870950170469747,False,False
184.8,2221,t2221,80,50.0,71,3,5,0.687456757841696,True,3.2836206927089306,0.8518302080214479,True,False
184.83,2222,t2222,120,75.0,30,10,8,0.6969079024693859,True,7.38251852592296,1.098840274444971,True,False
184.95,2223,t2223,170,700.0,75,6,8,0.6790260369009457,False,133.32294964680386,1.6568981111367456,False,False
185.03,2224,t2224,80,50.0,62,10,8,0.6985519262381801,True,4.521955332418196,0.7317195670312436,True,False
185.2,2225,t2225,220,700.0,82,4,5,0.7006154691454963,False,168.56431002693895,2.189194362373072,False,False
185.22,2226,t2226,270,200.0,33,9,5,0.6868903730433552,False,59.127930411715404,2.8733197005129503,False,False
185.38,2227,t2227,120,75.0,70,3,5,0.6892898045030439,True,10.392256676807905,1.1915394460373074,True,False
185.42,2228,t2228,300,250.0,59,8,4,0.6590496515694143,False,74.64146326345869,3.204270347351463,False,False
185.48,2229,t2229,220,150.0,23,0,4,0.7112363556866644,False,32.113160234566045,2.122478293285566,False,False
185.53,2230,t2230,270,200.0,73,0,8,0.7118515677795325,True,64.28730821243167,2.9056449004547327,True,False
185.64,2231,t2231,170,700.0,78,5,8,0.6648692911939006,False,118.54643791334429,1.8430357611510324,False,False
185.68,2232,t2232,220,700.0,94,1,5,0.6723322808481824,False,126.58170621465364,2.0041629707565396,False,False
185.74,2233,t2233,220,150.0,85,5,1,0.6770717835431193,True,32.26526082232618,2.391437524711382,True,False
185.84,2234,t2234,170,100.0,33,7,4,0.6794689573403975,True,17.91488563082239,1.7021388376300846,True,False
185.87,2235,t2235,300,250.0,66,0,8,0.7129169979624035,False,88.7145003049928,2.711171792934449,False,False
185.95,2236,t2236,300,250.0,84,1,6,0.6526560216218933,True,73.49579318085675,2.906291654983386,True,False
185.96,2237,t2237,300,250.0,45,5,6,0.662192267088652,False,75.56947270938178,3.0583960423753753,False,False
186.03,2238,t2238,80,50.0,20,5,8,0.6609800871882044,False,3.204980826172317,0.8188499746851838,True,False
186.16,2239,t2239,300,250.0,81,8,5,0.6562406034054936,True,64.7484169598429,2.810614870408754,True,False
186.16,2240,t2240,300,1200.0,50,5,4,0.6607567201484107,False,362.1895142277112,2.840347494631854,False,False
186.18,2241,t2241,270,900.0,85,3,6,0.6719743869919933,False,276.8131844331775,2.5154204377409943,False,False
186.21,2242,t2242,170,100.0,87,8,2,0.6946747405417758,True,15.66673033463663,1.559132025682536,True,False
186.38,2244,t2244,270,200.0,62,3,5,0.6910861902311648,True,61.994511159385524,2.5292514912867814,True,False
186.4,2245,t2245,300,250.0,71,6,1,0.6685916054491824,False,85.01559488436203,2.789428382637324,False,False
186.52,2246,t2246,170,100.0,73,1,5,0.6681423018978855,True,19.23163940016154,1.7748527065660742,True,False
186.57,2247,t2247,220,700.0,29,9,5,0.6824092322491548,False,159.96553469632605,2.2941855887741003,False,False
186.6,2248,t2248,220,900.0,88,7,2,0.688355949634314,False,193.1170079512702,2.2115354582305136,False,False
186.62,2249,t2249,270,200.0,33,3,4,0.6760826029021341,False,49.16471836793805,2.568493424924234,False,False
186.68,2250,t2250,220,900.0,23,4,2,0.6864679651555651,False,209.83413138376002,2.4012676817270613,False,False
186.79,2251,t2251,120,75.0,92,5,6,0.6583566035650608,True,8.669106143821846,1.2069287464560337,True,False
186.85,2252,t2252,220,900.0,70,2,5,0.6790632137499143,False,199.93313547851636,2.09761379324913,False,False
186.96,2253,t2253,170,100.0,47,6,8,0.6748536979811085,True,19.982196768378646,1.6442773099395602,True,False
186.97,2254,t2254,120,75.0,71,5,6,0.6607716533119413,True,7.586407912994048,1.2349719045873628,True,False
187.0,2256,t2256,300,1200.0,46,2,5,0.6748901312930978,False,349.0976801656992,2.9434450860992554,False,False
187.0,2257,t2257,300,250.0,95,3,5,0.6928466482447234,True,72.2649314757808,3.267442034491626,True,False
187.01,2258,t2258,300,1000.0,24,3,5,0.6945718970980107,False,279.2833565947645,2.729728739194,False,False
187.14,2259,t2259,170,700.0,77,10,1,0.692649644340332,False,109.45133010134455,1.5712117111333335,False,False
187.33,2260,t2260,120,75.0,50,7,10,0.685343529675551,True,9.6174560000404,1.3030346694629475,True,False
187.39,2261,t2261,300,1000.0,44,2,6,0.7056984206570398,False,277.17091019517784,3.1138470963076035,False,False
187.46,2262,t2262,300,1200.0,51,8,2,0.6962119123976069,False,382.23219412410407,3.201551319034924,False,False
187.49,2263,t2263,300,1000.0,54,4,5,0.6960113415807682,False,258.6460963513353,3.213743315933387,False,False
187.5,2264,t2264,170,700.0,37,4,6,0.6911942260728768,False,116.92000673573989,1.8532814349462898,False,False
187.8,2266,t2266,220,900.0,93,3,10,0.670581525237741,False,223.49723078854004,2.2426911996436054,False,False
187.82,2267,t2267,120,75.0,47,8,10,0.6661450383551831,True,9.105420520626557,1.0801023651848565,True,False
187.85,2268,t2268,120,75.0,51,5,6,0.6631384020638843,True,10.144844235689899,1.214672217426104,True,False
187.89,2269,t2269,80,50.0,35,2,6,0.7008411189105657,True,3.9825655145047216,0.7210358165596459,True,False
188.03,2270,t2270,300,250.0,93,5,1,0.6789610145389234,True,74.34473726562959,2.908374632762894,True,False
188.12,2271,t2271,120,75.0,88,10,2,0.692535998380071,True,9.505925477468711,1.2756598161006507,True,False
188.57,2272,t2272,220,150.0,37,3,4,0.6719691326622732,True,33.568688391047594,2.416202707186362,True,False
188.6,2273,t2273,300,250.0,61,5,1,0.6808124609148117,False,69.32595731376755,3.26226419962806,False,False
188.6,2274,t2274,170,500.0,62,4,5,0.6914992965673347,False,71.80142725835387,1.6875695443063536,False,False
188.62,2275,t2275,300,1000.0,99,10,4,0.6907722593535195,False,355.3781347663533,3.042774007071408,False,False
188.94,2276,t2276,300,1200.0,73,2,4,0.6876317488535449,False,304.7764689006762,2.8116589133541163,False,False
188.97,2277,t2277,300,250.0,28,9,10,0.686979756521742,False,80.33350623102531,2.8229252357275234,False,False
189.11,2279,t2279,170,700.0,78,6,10,0.6714092386418083,False,106.87446357942996,1.7088323539458155,False,False
189.18,2280,t2280,80,50.0,56,7,4,0.6814617600117713,True,3.4393003154672726,0.7479189221317137,True,False
189.32,2281,t2281,170,500.0,89,5,6,0.6654578158407886,True,75.97473524957745,1.6643904977922666,True,False
189.36,2282,t2282,300,250.0,31,9,5,0.6780177142708385,False,88.52025582205597,2.794148696532627,False,False
189.46,2283,t2283,80,50.0,98,7,2,0.6838454973082945,True,4.214046445732554,0.8736189871522417,True,False
189.52,2284,t2284,170,100.0,58,10,6,0.6891547043801239,True,17.138372902166815,1.5592703396640883,True,False
189.62,2285,t2285,170,500.0,39,2,4,0.6832872956946557,False,95.97429866273447,1.6919386666458391,False,False
189.69,2286,t2286,220,150.0,56,6,1,0.6644764400068653,True,32.21196944262603,2.3284900169496514,True,False
189.84,2287,t2287,80,50.0,24,5,10,0.6607325723195018,True,3.9538456096725207,0.8035961271344934,True,False
189.87,2288,t2288,270,1000.0,84,8,2,0.6915443408163214,False,315.5736192677234,2.859757550191569,False,False
189.95,2290,t2290,120,75.0,95,9,2,0.6744581206760256,True,7.9718253018817995,1.2830592821613598,True,False
190.01,2291,t2291,120,75.0,98,5,1,0.6764528783631821,True,8.456730924942839,1.2754112138066975,True,False
190.04,2292,t2292,270,200.0,30,10,8,0.7001630695315982,False,58.159586214015675,2.534955529695943,False,False
190.12,2293,t2293,120,75.0,79,6,10,0.6672377205356389,True,9.375915706296613,1.1881615269150165,True,False
190.26,2294,t2294,300,1000.0,55,4,8,0.6844771705178933,False,280.1456699214891,2.894817330374969,False,False
190.28,2295,t2295,80,50.0,28,3,5,0.6900886409742323,True,3.7879753251870474,0.8145577271891078,True,False
190.31,2296,t2296,170,500.0,58,6,1,0.6666175778733948,False,88.8765404447777,1.790964151192605,False,False
190.36,2297,t2297,80,50.0,79,6,1,0.6625418929825936,False,4.269979239851635,0.7300000453177944,True,False
190.42,2298,t2298,220,900.0,72,6,8,0.6769388058396683,False,200.52584734370546,2.0318990659517113,False,False
190.54,2299,t2299,220,150.0,72,6,8,0.6728082115410566,True,31.93424645129672,2.3870859759920044,True,False
190.65,2300,t2300,120,75.0,45,1,5,0.6702101225265944,True,8.747531226549816,1.2826135486840748,True,False
190.74,2301,t2301,170,100.0,51,3,5,0.6918690499729295,True,15.229332456840348,1.6031110911022175,True,False
190.79,2302,t2302,220,150.0,74,8,2,0.6869701206666617,True,29.879346941539406,2.2708083467097446,True,False
190.83,2303,t2303,170,100.0,64,5,6,0.6677308413421545,True,19.82841912918222,1.7539879687353834,True,False
190.88,2304,t2304,220,700.0,65,3,5,0.6936138507916527,False,162.02417912536822,2.21242564006591,False,False
190.89,2305,t2305,80,50.0,76,5,6,0.6699584063334932,True,4.658517182056809,0.7653543563441301,True,False
190.91,2306,t2306,220,150.0,89,3,4,0.6741119318272096,True,30.354874765481668,2.123776811031609,True,False
191.06,2307,t2307,220,150.0,84,10,2,0.6939877399509311,True,27.987206895857586,2.2308864573936797,True,False
191.29,2308,t2308,170,100.0,59,7,10,0.6872188409002219,True,15.060724471037153,1.6487291762504175,True,False
191.33,2309,t2309,220,900.0,43,10,2,0.6954104466903739,False,211.7311904073154,2.3933051979982958,False,False
191.34,2310,t2310,270,200.0,47,3,4,0.6762118750088472,False,48.18219436754106,2.693101125549331,False,False
191.35,2311,t2311,80,50.0,84,8,5,0.6586979731555656,True,3.9530072420992433,0.8383826945556694,True,False
191.44,2312,t2312,270,200.0,22,9,5,0.6737140266520883,False,52.70860247579545,2.644821973597632,False,False
191.55,2313,t2313,220,150.0,41,6,1,0.6585477217896084,True,37.070463776898244,2.007357925348098,True,False
191.61,2314,t2314,300,1200.0,28,2,6,0.702254963199021,False,330.8838184219256,3.1829842605590404,False,False
191.66,2315,t2315,300,250.0,27,10,2,0.690630699295028,False,84.75381109522631,2.741322521161184,False,False
191.76,2316,t2316,220,150.0,48,3,5,0.6891497555940015,True,33.35884973800151,2.1610784576097593,True,False
191.81,2318,t2318,270,900.0,94,0,5,0.7108820263255292,False,244.11474760348673,2.939850398630352,False,False
191.81,2317,t2317,300,1000.0,64,2,6,0.6974665306017073,False,283.2421382920504,3.223804395333188,False,False
191.92,2319,t2319,220,700.0,29,1,5,0.6722365867427292,False,165.1991590783591,2.015603076048275,False,False
191.94,2320,t2320,270,900.0,77,8,10,0.6684043194062612,False,286.7961005681983,2.8822139029598883,False,False
191.95,2321,t2321,170,100.0,27,5,10,0.6629485875397785,True,14.9708434607668,1.5738950257084328,True,False
192.08,2323,t2323,300,250.0,90,3,4,0.672095819326852,True,71.98643057671063,3.0390639773754833,True,False
192.1,2324,t2324,300,250.0,99,4,5,0.6870774924541698,True,70.27876310365576,2.83048906693501,True,False
192.11,2325,t2325,270,1000.0,83,5,1,0.6783544874625852,False,308.1974631196514,2.72278472049282,False,False
192.13,2326,t2326,170,100.0,82,4,5,0.6889181244232682,True,17.149613481782154,1.655247380073002,True,False
192.25,2328,t2328,80,50.0,56,2,4,0.6790297315989445,True,4.287105287167024,0.7508647161916207,True,False
192.28,2329,t2329,170,500.0,48,5,10,0.6651202824556496,False,89.79058829188169,1.5337518820220097,False,False
192.28,2330,t2330,120,75.0,94,9,10,0.682648343209489,True,7.596737275400482,1.2706481958759224,True,False
192.38,2331,t2331,270,200.0,54,9,4,0.6732951560414254,True,48.6522424065636,2.795759013040965,True,False
192.4,2332,t2332,170,500.0,91,0,2,0.7097065072185195,False,97.48135226407227,1.7182611023546102,False,False
192.4,2333,t2333,170,500.0,88,5,1,0.6740440643800001,False,95.19642744888269,1.5495288005369847,False,False
192.43,2334,t2334,220,150.0,40,9,10,0.6845775581634811,True,33.274357180503195,2.2892928776041575,True,False
192.49,2335,t2335,170,500.0,41,6,1,0.6608074340204829,False,83.06910505898958,1.5638593151268783,False,False
192.61,2337,t2337,170,500.0,36,0,1,0.7217986349886173,False,88.43808903307622,1.682975212412649,False,False
192.71,2338,t2338,270,900.0,67,2,6,0.6927738666563399,False,204.44356648898935,2.540562307818548,False,False
192.72,2339,t2339,170,100.0,35,9,2,0.6762714198009665,True,17.688869935468908,1.8386562838506162,True,False
192.74,2340,t2340,300,250.0,73,8,2,0.6886613849199952,True,63.93882199395111,2.945680543655135,True,False
192.84,2341,t2341,120,75.0,73,2,6,0.6881750559898797,True,8.828598840164924,1.2380534983793665,True,False
192.92,2342,t2342,270,200.0,48,2,4,0.6810313187851474,False,60.436275322037595,2.951726055125602,False,False
193.13,2344,t2344,220,150.0,45,1,6,0.6550335678561221,True,37.213630899064114,2.0931488909088833,True,False
193.23,2345,t2345,270,900.0,42,7,10,0.6890566459003992,False,224.29323585563108,2.770422547987761,False,False
193.5,2346,t2346,170,100.0,93,6,1,0.6568479520067398,True,13.955417125734618,1.763917499509783,True,False
193.56,2347,t2347,220,150.0,75,8,5,0.661106195510636,True,32.09483007145158,2.187377068316164,True,False
193.61,2348,t2348,220,150.0,83,4,6,0.6867785233696012,True,28.3785354349186,2.341701956694194,True,False
193.75,2349,t2349,170,500.0,24,9,2,0.6780484529434088,False,74.7686494423129,1.8331814113522364,False,False
193.76,2350,t2350,300,1200.0,84,9,2,0.6736159454230022,False,305.84922120549487,2.890636853830551,False,False
193.93,2352,t2352,270,900.0,82,4,2,0.6821467876706355,False,230.48986510169394,2.9205944431882074,False,False
193.93,2351,t2351,300,250.0,66,6,10,0.6693236327915928,False,82.09180082233769,3.289652509234991,False,False
193.94,2354,t2354,220,150.0,39,10,8,0.6955679899591481,True,31.861388699867533,2.0183243134052713,True,False
194.1,2355,t2355,120,75.0,50,8,5,0.6634662534186052,True,9.662867447818527,1.1068243539397056,True,False
194.17,2357,t2357,220,700.0,87,7,10,0.6846836948005731,False,144.20732434922974,2.2227612553056746,False,False
194.38,2358,t2358,80,50.0,35,2,6,0.6898422215367489,True,3.5640606905199563,0.8638517106879484,True,False
194.39,2359,t2359,220,150.0,76,7,4,0.6834147066297177,True,36.4365861495394,2.001765824870065,True,False
194.48,2360,t2360,120,75.0,25,6,10,0.6651938268024277,True,7.905746367104812,1.2009259239287573,True,False
194.49,2361,t2361,170,100.0,35,8,10,0.6644444148363179,True,19.951918493183932,1.7670033388557091,True,False
194.55,2362,t2362,220,150.0,20,8,5,0.6657791101684148,False,27.87744944302624,2.2858282158265553,False,False
194.79,2363,t2363,220,150.0,63,7,10,0.6803982027227434,True,27.458313438019065,2.0422028878545713,True,False
194.84,2364,t2364,300,1000.0,59,0,6,0.7110145766313211,False,256.2738027872833,3.2589487985774896,False,False
194.96,2366,t2366,270,200.0,38,6,10,0.6673206169330458,False,44.06358773497985,2.7550905814557316,False,False
194.96,2367,t2367,170,100.0,33,9,4,0.6752599195872636,True,19.5627785275408,1.7566888270859375,True,False
195.01,2369,t2369,220,900.0,36,0,8,0.707787119541617,False,182.14129684048177,2.2015665839101235,False,False
195.09,2370,t2370,300,1000.0,42,7,4,0.6853285943153052,False,335.29017499138394,2.728634287908025,False,False
195.23,2372,t2372,220,700.0,27,4,6,0.688625134720391,False,156.73986971047614,2.1063271766101686,False,False
195.25,2373,t2373,80,50.0,29,8,10,0.6667377083577734,True,3.2702291654131597,0.8042436001776884,True,False
195.27,2374,t2374,80,50.0,74,5,1,0.6698198497590667,True,3.7721243935169357,0.7267456069729304,True,False
195.3,2375,t2375,220,900.0,22,7,4,0.6810302042471809,False,198.35962476810505,2.146833139307435,False,False
195.31,2376,t2376,170,100.0,84,5,10,0.6610745434732033,True,16.032852784836685,1.6530020885918149,True,False
195.41,2377,t2377,270,200.0,91,9,8,0.6704634975989122,True,44.233380502097354,2.8356694320757243,True,False
195.44,2378,t2378,220,700.0,88,7,10,0.6823724204864704,False,180.23997887968113,2.2692109356401464,False,False
195.5,2379,t2379,80,50.0,21,6,1,0.6591416596332716,True,4.533092054748395,0.777073297289044,True,False
195.51,2380,t2380,300,250.0,54,2,4,0.6768188742276263,False,65.37562647080466,3.235825068719847,False,False
195.6,2381,t2381,80,50.0,76,0,1,0.7167708441070268,True,4.156379860962339,0.8592523050625265,True,False
195.74,2384,t2384,300,250.0,46,6,8,0.6749342291284174,False,63.257612998799544,3.079178793506218,False,False
195.79,2386,t2386,270,200.0,89,8,2,0.6903188238882619,True,57.57828915620828,2.592148245654415,True,False
195.82,2387,t2387,170,100.0,69,0,1,0.7180176090430681,True,16.314222510221036,1.570074409550967,True,False
195.86,2388,t2388,300,1200.0,63,1,8,0.682377329098887,False,353.3065847269213,3.102630680388529,False,False
195.95,2389,t2389,120,75.0,44,0,1,0.7192394386803885,True,8.310844343436186,1.2768795967111606,True,False
196.19,2390,t2390,300,1200.0,72,7,2,0.6855992540287952,False,327.02841414697247,3.1495067126344525,False,False
196.4,2391,t2391,270,200.0,98,5,1,0.6718541194305522,True,50.46450231521123,2.602298616376399,True,False
196.52,2392,t2392,80,50.0,88,1,6,0.6573635631656664,True,4.3102504424325,0.7588744759174658,True,False
196.64,2394,t2394,220,150.0,31,2,6,0.6914760437726806,False,33.74408702099527,2.1675394640976133,False,False
196.67,2395,t2395,300,250.0,22,9,4,0.677185387862185,False,78.45244613286,3.190053451182999,False,False
196.79,2398,t2398,270,200.0,41,0,6,0.7060509517653614,False,60.16795621917916,2.8169381082946687,False,False
196.79,2397,t2397,80,50.0,45,2,4,0.6726906785612555,True,3.601343355923916,0.873322584876339,True,False
196.83,2399,t2399,220,150.0,24,5,10,0.6632837192704059,False,34.44799265205625,2.3627675530714027,False,False
196.89,2400,t2400,220,150.0,63,3,4,0.6742360847584968,True,37.165536755817804,2.268376878782646,True,False
196.94,2401,t2401,220,150.0,28,5,6,0.6721414200250052,False,35.65970509215605,2.113544498564817,False,False
197.02,2402,t2402,120,75.0,55,1,5,0.6680485216745412,True,8.642293027703893,1.2063477141646863,True,False
197.05,2404,t2404,300,250.0,23,0,4,0.7062682952395979,False,62.721131247256665,2.755618701305277,False,False
197.09,2405,t2405,120,75.0,56,5,10,0.6592747115516645,True,10.626802890784179,1.0811832974449642,True,False
197.11,2406,t2406,300,250.0,83,8,10,0.6689851360087996,True,60.765245005402555,2.7075121305848655,True,False
197.17,2407,t2407,120,75.0,87,5,6,0.668106773442687,True,10.337350255619693,1.2325137651499372,True,False
197.2,2408,t2408,170,100.0,58,0,2,0.7049205588923309,True,18.29107829633011,1.6368557058610176,True,False
197.23,2409,t2409,270,1000.0,27,7,10,0.6781331538949228,False,306.21697066800994,2.963269150462756,False,False
197.26,2410,t2410,120,75.0,59,10,6,0.690802276959188,True,10.686127629276228,1.0828388893607306,True,False
197.35,2411,t2411,300,250.0,50,7,2,0.681143935614886,False,62.99097780451232,3.170069349061175,False,False
197.38,2412,t2412,80,50.0,74,6,8,0.6708437263640309,True,3.9849406281777133,0.8615495484328058,True,False
197.44,2413,t2413,300,1000.0,22,6,10,0.6632308712610514,False,271.51965672929106,2.9261134228550607,False,False
197.65,2414,t2414,220,150.0,43,7,4,0.6768177819804191,True,29.630623830273414,2.265477657764585,True,False
197.65,2415,t2415,270,1000.0,65,7,4,0.6788636081589925,False,301.31196162930746,2.6804849026553415,False,False
197.68,2416,t2416,220,150.0,47,4,10,0.6821056595086148,True,28.883937402043284,2.339421879775741,True,False
197.9,2417,t2417,300,250.0,49,6,10,0.6592229205024971,False,67.12606032503002,2.8412505281903697,False,False
197.91,2418,t2418,170,500.0,69,1,5,0.6701182179077171,False,88.86386806156108,1.6093282270765346,False,False
198.12,2420,t2420,80,50.0,87,4,6,0.6842608138441649,True,4.21734614844839,0.8676771053128789,True,False
198.25,2422,t2422,170,100.0,95,7,2,0.6767777235692549,True,17.3722755103076,1.696501810931378,True,False
198.35,2423,t2423,220,150.0,38,6,8,0.673009033654932,True,28.394140758544953,1.9839538282716445,True,False
198.39,2424,t2424,170,500.0,38,5,6,0.670326819792015,False,92.5027545607899,1.5747564957037692,False,False
198.44,2425,t2425,270,200.0,50,5,10,0.6615198839872979,True,49.303145665074666,2.9252107756843593,True,False
198.49,2426,t2426,220,700.0,31,9,4,0.6728983467716079,False,126.20455574955109,2.136974761679808,False,False
198.86,2429,t2429,300,1000.0,88,7,6,0.6767937036267154,False,242.48294566725073,3.115587827916511,False,False
199.08,2431,t2431,220,150.0,69,4,6,0.6861577793854635,True,31.81094209081494,2.1464513072281877,True,False
199.14,2432,t2432,270,200.0,61,1,5,0.6659725202162293,True,58.35406567676949,2.7983893981531422,True,False
199.17,2434,t2434,120,75.0,86,9,10,0.6864681888183932,True,8.970745534925154,1.2420614573413218,True,False
199.34,2435,t2435,270,200.0,81,1,5,0.6680837364785714,True,58.100780181695036,2.891666981675804,True,False
199.35,2436,t2436,170,100.0,85,8,10,0.6711876151068055,True,15.546310910218963,1.5553477390706332,True,False
199.36,2438,t2438,300,1000.0,72,5,6,0.6663284652143565,False,328.4548658169861,2.82614200801857,False,False
199.36,2437,t2437,300,1200.0,20,8,10,0.6733460446228512,False,375.6088176521637,2.7493515888863405,False,False
199.39,2439,t2439,80,50.0,51,10,6,0.6924168980866711,True,4.165661583414907,0.8190119962401057,True,False
199.65,2440,t2440,220,150.0,37,4,10,0.6838942129851091,True,34.51665601092732,2.068644577674016,True,False
199.69,2441,t2441,80,50.0,73,10,8,0.6972388119781471,True,3.8864699030777303,0.8219670456175638,True,False
199.77,2442,t2442,120,75.0,91,9,8,0.6726364094651157,True,8.941640933146699,1.289575049496488,True,False
199.89,2444,t2444,80,50.0,77,4,10,0.6856469953920736,True,3.5233235631984816,0.7385638914558258,True,False
199.95,2445,t2445,120,75.0,65,2,4,0.6748190468082124,True,10.77997757526124,1.2654294359596874,True,False
200.22,2446,t2446,170,500.0,42,3,5,0.6909489423003033,False,91.70089648493908,1.5954077941913547,False,False
200.26,2447,t2447,80,50.0,98,3,4,0.6763335448815088,True,4.568047868185399,0.7219008000804035,True,False
200.3,2448,t2448,270,900.0,72,8,2,0.6919431140771634,False,208.60440006246463,2.6126977670005087,False,False
200.45,2449,t2449,270,900.0,57,3,5,0.686538145272479,False,203.48597474851522,2.8808836054592213,False,False
200.49,2450,t2450,270,200.0,38,7,2,0.6786728357645365,False,52.2611278604084,2.8303320395239155,False,False
200.56,2451,t2451,170,100.0,66,5,1,0.6738477037086078,False,15.403487153458283,1.6480736493098505,True,False
200.57,2452,t2452,170,100.0,40,3,1,0.670023233136911,True,13.956744650375018,1.572722639004572,True,False
200.59,2453,t2453,220,900.0,75,3,1,0.6722049502923546,False,233.60952501316345,2.3175635243275443,False,False
200.62,2455,t2455,300,1000.0,94,8,5,0.6618717097832284,False,265.57296868578123,2.729567122704302,False,False
200.64,2456,t2456,80,50.0,21,2,9,0.6730776460970755,False,15.221204234078915,1.5583588980031085,False,True
200.69,2457,t2457,300,250.0,96,5,1,0.6696274163011022,True,66.99257020744935,3.286530147963534,True,False
200.72,2458,t2458,120,75.0,57,5,6,0.6624100777282512,True,8.740239644887064,1.189933277702602,True,False
200.86,2459,t2459,270,900.0,61,9,6,0.6701344584438563,False,242.27221104010587,2.504045451112207,False,False
200.87,2460,t2460,80,50.0,35,0,1,0.7204368317249626,True,4.348139353269423,0.7795636274838992,True,False
201.08,2461,t2461,80,50.0,40,3,4,0.6783890558020603,True,4.643281887025176,0.7417720775885446,True,False
201.12,2462,t2462,170,100.0,48,2,6,0.6869031895638936,True,18.752705200163206,1.7403062487810999,True,False
201.17,2463,t2463,80,50.0,37,2,6,0.6885957924392824,True,4.638155269979038,0.7564778339084084,True,False
201.26,2464,t2464,120,75.0,92,1,6,0.6596469585690196,True,8.087545722838518,1.180500189417281,True,False
201.39,2465,t2465,300,1200.0,81,10,6,0.6939992267916043,False,332.5814070725805,2.9998348813108517,False,False
201.59,2467,t2467,80,50.0,58,6,1,0.6613894931072729,True,4.582723425160465,0.8193724945817042,True,False
201.61,2468,t2468,80,50.0,29,5,1,0.6716655346417468,True,4.338799734566481,0.8529999781096728,True,False
201.78,2470,t2470,300,250.0,73,3,4,0.680403456504201,False,81.38911190046346,2.7180586604304233,False,False
201.81,2471,t2471,270,200.0,23,7,2,0.6743560457159125,False,45.95855712970244,2.767999264223134,False,False
201.88,2473,t2473,120,75.0,65,2,6,0.6902545432571634,True,7.37498519858593,1.1493859013787175,True,False
201.94,2474,t2474,120,75.0,96,8,2,0.6873609184622868,True,9.990359200136458,1.1318726165042523,True,False
201.98,2475,t2475,170,500.0,80,6,8,0.6751310348000152,False,91.43208797185206,1.7062746471913273,False,False
202.01,2476,t2476,300,250.0,88,5,6,0.6647440579918681,True,86.64878830047242,2.819137155660382,True,False
202.19,2477,t2477,270,200.0,35,10,1,0.6879251129919868,False,44.94952430520954,2.895162531623538,False,False
202.27,2478,t2478,170,700.0,59,3,4,0.6762035691922987,False,142.10954817936258,1.6221636993949244,False,False
202.42,2480,t2480,300,250.0,50,10,4,0.6862134808331158,False,85.42576517303901,3.275593840309228,False,False
202.43,2481,t2481,300,250.0,35,4,5,0.6907219437529847,False,63.814393455390544,2.7120378148814934,False,False
203.02,2483,t2483,270,1000.0,57,10,8,0.698876217556766,False,276.94671876077706,2.507812034321276,False,False
203.06,2484,t2484,170,100.0,82,3,4,0.6720876796266345,True,18.349836520488413,1.7064224798409728,True,False
203.06,2485,t2485,300,1200.0,46,0,2,0.7064043295326661,False,338.284179266801,2.994296644561625,False,False
203.08,2486,t2486,220,150.0,82,5,1,0.6736628906155786,True,36.20811409926808,2.275759971263813,True,False
203.08,2487,t2487,170,100.0,60,7,4,0.6746945178139945,True,18.471513444920937,1.8149127007636976,True,False
203.09,2488,t2488,300,1200.0,72,2,4,0.6769048476902298,False,429.5977846198453,3.077909644959713,False,False
203.35,2490,t2490,220,150.0,83,7,4,0.6767828092758964,True,38.14862039965729,2.351414436037736,True,False
203.38,2492,t2492,270,900.0,58,10,2,0.6859465468475892,False,242.94742923916652,2.643110183527204,False,False
203.5,2493,t2493,220,700.0,94,0,5,0.7059210524656854,False,132.08307101357465,2.148647539487532,False,False
203.56,2494,t2494,270,900.0,67,6,8,0.6710365959221968,False,214.7658563740812,2.7258058448320424,False,False
203.64,2495,t2495,220,900.0,82,9,8,0.6747658630939953,False,214.02839597985434,2.1249843155194315,False,False
203.68,2496,t2496,300,1200.0,58,9,5,0.6694964127857131,False,305.68910365600937,3.0096674078129664,False,False
203.68,2497,t2497,170,100.0,87,0,8,0.7027598386892462,True,15.528611545084278,1.698618493707661,True,False
203.77,2498,t2498,300,1200.0,72,4,5,0.6863156866961068,False,315.1400846298803,2.8613541063855896,False,False
203.8,2499,t2499,120,75.0,66,7,5,0.676017009899664,True,7.582205120130947,1.1282056075599465,True,False
203.86,2500,t2500,170,500.0,67,7,5,0.6780788515198525,False,68.42855253621748,1.8104539647599611,False,False
203.89,2501,t2501,270,200.0,33,2,4,0.6727749325546071,False,44.28439708165014,2.835009823043574,False,False
203.98,2503,t2503,270,200.0,52,8,2,0.6890443667597077,True,45.699571157229855,2.498522726309576,True,False
204.02,2505,t2505,220,700.0,61,10,1,0.6832950722706088,False,173.9240007909691,2.0568880840669257,False,False
204.07,2506,t2506,270,1000.0,94,4,6,0.688016805615936,False,285.8814772136475,2.4353711603113224,False,False
204.11,2507,t2507,80,50.0,69,10,8,0.6943068750238125,False,4.075298213516188,0.8252169258770721,True,False
204.17,2508,t2508,270,200.0,59,9,10,0.6883210068602071,True,56.62503548971131,2.4824292404475976,True,False
204.19,2509,t2509,270,200.0,93,9,8,0.6706787276502971,True,43.32218760519918,2.461474277294957,True,False
204.2,2510,t2510,300,1000.0,21,1,8,0.6778582440553709,False,319.33945261994506,2.7024375275596557,False,False
204.27,2512,t2512,80,50.0,66,4,10,0.6873647221508988,True,3.5581291511769937,0.8500586453521306,True,False
204.36,2513,t2513,170,100.0,52,4,6,0.6836646513217991,True,18.25841361508037,1.5850203646753267,True,False
204.49,2514,t2514,170,700.0,36,3,4,0.6742281078522837,False,128.27683415784776,1.6158328561463924,False,False
204.73,2515,t2515,220,150.0,75,0,2,0.7016844247601947,True,29.373943074607038,2.19449626410779,True,False
204.9,2516,t2516,300,250.0,23,5,6,0.6670313586502125,False,84.01899277900343,2.9706335864218305,False,False
205.27,2517,t2517,270,900.0,87,2,6,0.6918801190586867,False,252.8823220007547,2.6948634256480584,False,False
205.29,2518,t2518,300,250.0,38,5,1,0.6756202994699337,False,69.57979416637168,2.8110961905155785,False,False
205.3,2519,t2519,170,100.0,32,7,5,0.6739254563076372,True,16.78589210978027,1.6077621480932733,True,False
205.39,2520,t2520,300,250.0,71,10,8,0.689828919341518,False,87.72782973194066,3.154670586737242,False,False
205.64,2521,t2521,120,75.0,96,1,5,0.6701527284156666,True,10.365153163796823,1.3024523831932928,True,False
205.67,2522,t2522,80,50.0,33,0,1,0.7216102769086451,True,4.177281735296775,0.7965671413696112,True,False
205.74,2523,t2523,220,150.0,61,0,2,0.7032329180831726,True,37.9720361070639,2.07667116131112,True,False
205.82,2525,t2525,80,50.0,61,1,8,0.6734295407127251,True,4.303741097301089,0.762339911405025,True,False
205.82,2524,t2524,300,250.0,76,1,8,0.675263411436932,True,65.0938078250836,2.886395704800423,True,False
206.01,2526,t2526,300,250.0,39,9,8,0.672847334915473,False,73.59703409682716,2.9836218790258497,False,False
206.04,2527,t2527,170,500.0,48,5,6,0.6630989132953901,False,73.28042073045795,1.711781139248662,False,False
206.11,2528,t2528,120,75.0,99,2,6,0.6872991833441797,True,8.42852675866525,1.1108181605975092,True,False
206.15,2529,t2529,300,250.0,26,0,2,0.7047504415396909,False,88.63159451894548,3.0343633483025485,False,False
206.41,2530,t2530,80,50.0,90,8,10,0.669287305548576,True,3.997231357905612,0.8499227585347543,True,False
206.42,2531,t2531,270,200.0,60,6,1,0.6635923699117942,True,52.52111907988228,2.61599515734599,True,False
206.66,2532,t2532,80,50.0,24,1,5,0.67218034051402,True,3.6783412507292548,0.7666339908494761,True,False
206.67,2533,t2533,270,200.0,21,9,10,0.6901367685411849,False,46.70666499160424,2.636970503397366,False,False
206.71,2534,t2534,220,150.0,66,3,4,0.6701517275134198,True,28.374280846247768,1.9940670638741893,True,False
206.77,2535,t2535,270,200.0,77,7,4,0.6788293349085602,True,51.94471933968156,2.6254549990435274,True,False
206.78,2536,t2536,220,150.0,59,9,10,0.685742214988543,True,33.973065619773834,2.090952096290238,True,False
206.86,2537,t2537,170,100.0,95,1,6,0.6618846860643058,True,16.70681564602406,1.641336146296516,True,False
207.17,2540,t2540,220,150.0,83,6,10,0.6552951287591139,True,36.26993278729611,2.1588055298058184,True,False
207.62,2542,t2542,170,100.0,80,4,6,0.685573540113545,True,16.86615161920155,1.7568946545815287,True,False
207.66,2543,t2543,220,150.0,63,3,1,0.6681690331046893,True,27.871115271596825,2.231120404724541,True,False
207.86,2544,t2544,220,150.0,67,1,6,0.6640776590096865,True,34.64477739353371,2.244128384733756,True,False
208.34,2545,t2545,80,50.0,58,1,5,0.6741674003704062,True,4.789052177884848,0.8447783684128078,True,False
208.42,2547,t2547,120,75.0,92,3,4,0.6723308747813332,True,10.771633241046635,1.2627464828351702,True,False
208.42,2546,t2546,300,1200.0,21,3,5,0.6822155641852113,False,349.2017424584488,3.0656826391803063,False,False
208.44,2548,t2548,270,1000.0,95,8,2,0.6906941460911803,False,258.63849824823217,2.7518266410662346,False,False
208.46,2549,t2549,170,700.0,48,5,1,0.6713645601472017,False,95.26091667151016,1.6824670464826075,False,False
208.54,2550,t2550,270,900.0,44,5,10,0.6637201529742186,False,204.5696555298677,2.493849405402409,False,False
208.7,2552,t2552,170,100.0,53,1,6,0.6662267724961594,True,16.57771097374635,1.6627659553603034,True,False
208.7,2553,t2553,170,500.0,88,1,6,0.6683329037129029,False,97.93582384491944,1.6321228292910623,False,False
208.72,2554,t2554,80,50.0,82,10,4,0.6817458778831201,True,4.039575337222401,0.7721700843627732,True,False
208.77,2555,t2555,300,1200.0,45,3,1,0.6703878342607773,False,374.7964698869024,3.135296424297441,False,False
208.93,2556,t2556,170,100.0,92,7,4,0.6808349300285709,True,16.97687699612288,1.7502768741925363,True,False
209.1,2559,t2559,220,150.0,86,4,6,0.687444251129456,False,29.880459215947916,1.9989020315040977,True,False
209.52,2561,t2561,120,75.0,49,2,6,0.6889838663439628,True,8.003100342901597,1.1523144466872581,True,False
209.74,2562,t2562,270,1000.0,30,9,2,0.6692720880530036,False,291.66874874387594,2.5360387220495553,False,False
209.76,2563,t2563,80,50.0,69,3,4,0.6744664391038885,True,3.766315257935792,0.7402872558730543,True,False
209.79,2564,t2564,270,200.0,39,10,6,0.6893759089224388,False,45.3165817152812,2.4389254897630144,False,False
209.83,2565,t2565,300,250.0,65,7,10,0.673978672635206,False,88.69257274076395,2.866247931702551,False,False
209.85,2566,t2566,170,500.0,20,0,4,0.7013995960014726,False,68.54138312739899,1.7065125369081475,False,False
209.88,2567,t2567,270,200.0,27,9,10,0.687609552506954,False,44.05781755177939,2.8653906957264645,False,False
209.95,2569,t2569,80,50.0,30,8,5,0.6580424574057456,True,4.591228495129091,0.8794444174549629,True,False
209.99,2570,t2570,170,700.0,39,9,10,0.6832655432749967,False,136.41438740256393,1.5804870816727081,False,False
210.09,2571,t2571,270,1000.0,95,1,8,0.677060604746655,False,301.12439250051773,2.5682041307051495,False,False
210.15,2572,t2572,80,50.0,51,7,5,0.6760291289996663,True,4.75489711787601,0.8770924905828826,True,False
210.43,2574,t2574,170,100.0,59,10,4,0.6835416269921244,True,13.989378787749088,1.6323132498657102,True,False
210.49,2575,t2575,170,700.0,31,5,6,0.6592451168476641,False,140.4048406668676,1.7324875826106614,False,False
210.52,2576,t2576,120,75.0,97,7,4,0.6828004132461812,True,8.647228452399881,1.095924032700619,True,False
210.53,2577,t2577,170,100.0,86,2,6,0.6906348556837503,True,18.626879131103085,1.758659833849499,True,False
210.58,2578,t2578,220,900.0,48,9,10,0.6790084142276785,False,164.14781152086675,2.1896704384637893,False,False
210.71,2579,t2579,300,250.0,39,6,10,0.6576198928505982,False,79.58135445851211,2.744283818789886,False,False
210.73,2580,t2580,170,100.0,85,2,6,0.692252825236742,True,15.769536998732503,1.7777534103471204,True,False
210.82,2581,t2581,80,50.0,74,0,6,0.7011865993967208,True,4.775657692332885,0.7728936468124882,True,False
210.99,2582,t2582,170,700.0,84,9,8,0.6687985700353455,False,126.02918160673846,1.712547156440671,False,False
211.19,2583,t2583,270,900.0,62,5,10,0.6597024165814008,False,255.43544124774638,2.7384296366725445,False,False
211.2,2584,t2584,300,1200.0,92,5,4,0.6569497675636242,False,391.6805895942808,3.257466820859215,False,False
211.46,2585,t2585,300,1200.0,43,6,10,0.6537241616602528,False,351.3071462875664,3.1776367905434837,False,False
211.47,2586,t2586,270,200.0,86,1,6,0.6642229123053115,True,53.84691543641759,2.632431715010667,True,False
211.5,2587,t2587,300,250.0,23,3,6,0.6679430810703352,False,72.36410883545197,3.2668046329804845,False,False
211.59,2588,t2588,220,150.0,93,6,8,0.6670240458219346,True,39.03726844900978,2.05221013794905,True,False
211.61,2589,t2589,300,1200.0,35,2,5,0.6708005104854177,False,369.21367504174106,2.8199286187178263,False,False
211.72,2591,t2591,220,150.0,62,8,10,0.6714837412557862,True,33.673265611316815,2.0117924365897304,True,False
211.77,2592,t2592,300,250.0,98,7,4,0.6847265867994395,True,69.74326495532418,3.185280726479606,True,False
211.96,2594,t2594,300,250.0,96,9,4,0.6686970465028425,True,71.65116137418835,3.1287400832074836,True,False
211.97,2595,t2595,300,250.0,90,6,7,0.65072209279701,False,283.7683077706484,8.093054547933875,False,True
212.01,2596,t2596,270,900.0,22,7,6,0.6726660113723629,False,280.69756937318414,2.782785230700603,False,False
212.01,2597,t2597,170,700.0,37,0,1,0.722760253188654,False,98.64806337978628,1.8147612133517461,False,False
212.04,2598,t2598,220,150.0,34,6,1,0.6657511891802249,True,29.262379787615835,2.1063269116337375,True,False
212.14,2600,t2600,120,75.0,31,0,6,0.702593534075453,True,9.648550929397008,1.2115364040869598,True,False
212.4,2601,t2601,270,900.0,58,8,5,0.6604637900758125,False,279.21538393278723,2.64383196634818,False,False
212.45,2602,t2602,220,900.0,97,7,3,0.6703533260729009,False,720.7431162091412,6.500833813217248,False,True
212.51,2603,t2603,170,100.0,40,7,5,0.6780907282378548,True,13.90890183387495,1.8203412467048823,True,False
212.65,2605,t2605,300,250.0,88,3,4,0.6765592921399924,True,71.16016972556037,3.0111335353908553,True,False
212.71,2606,t2606,220,150.0,50,10,6,0.6848450574106568,True,30.926110951690067,2.366186723409653,True,False
212.78,2607,t2607,220,700.0,23,6,1,0.6678668320632871,False,138.5290345152949,2.082601204887285,False,False
212.82,2608,t2608,220,150.0,36,1,8,0.6726478541901832,True,27.088623008798663,2.223522826264382,True,False
212.83,2609,t2609,300,1000.0,39,4,5,0.6819975547803665,False,293.0762455701494,2.753049552792816,False,False
212.87,2610,t2610,80,50.0,79,0,6,0.7039723300606107,True,4.144237332713077,0.8556806839361819,True,False
212.9,2611,t2611,220,150.0,73,9,10,0.6748364277613068,True,36.82145369557976,2.415411011937198,True,False
213.03,2613,t2613,80,50.0,72,3,5,0.6779794347196889,True,3.9486560020937467,0.7234381071013438,True,False
213.09,2614,t2614,300,1200.0,59,6,1,0.663766162088688,False,364.188287675592,2.9654778202421928,False,False
213.21,2615,t2615,300,1200.0,88,7,2,0.6701255914682608,False,390.0576866684762,3.043081851102347,False,False
213.26,2616,t2616,270,1000.0,91,1,5,0.6761147190296649,False,267.0771603831102,2.8701823403701527,False,False
213.31,2617,t2617,300,250.0,65,2,6,0.6938384353986738,False,66.94468724872517,3.2026094219167396,False,False
213.34,2618,t2618,300,1000.0,72,8,2,0.6861369298360233,False,273.82871931025346,2.821405960380857,False,False
213.36,2619,t2619,170,500.0,61,5,8,0.6571686672626221,False,99.86156258549889,1.6404187399072665,False,False
213.52,2621,t2621,80,50.0,29,7,5,0.6801110954912795,True,4.797675432861304,0.7882397248369628,True,False
213.52,2620,t2620,120,75.0,63,2,4,0.6687276157216967,True,8.824549519066906,1.1516721007571127,True,False
213.57,2622,t2622,170,100.0,54,4,10,0.6890480943745475,True,14.623316259643016,1.679756300261921,True,False
213.64,2623,t2623,170,500.0,91,6,1,0.659747505513581,True,80.90600242821822,1.8242290382269026,True,False
213.72,2624,t2624,170,100.0,26,0,8,0.7040071034539228,True,13.969260171056948,1.6178573352254548,True,False
213.89,2625,t2625,170,100.0,60,6,8,0.6692657467236777,True,15.686519990708325,1.6399239150913465,True,False
213.99,2626,t2626,220,150.0,93,0,6,0.7053235501260651,True,30.577588874764,2.379747083872795,True,False
214.03,2627,t2627,120,75.0,53,7,10,0.6699072810006838,True,10.558609347602546,1.222666108743858,True,False
214.04,2628,t2628,80,50.0,85,4,6,0.6831035479250486,True,4.214261162005834,0.8035064583462529,True,False
214.12,2629,t2629,270,1000.0,69,6,8,0.671462613607386,False,237.76653690538433,2.8220306607406163,False,False
214.16,2630,t2630,300,250.0,24,2,5,0.6667926820938911,False,68.38870227390049,2.816224177721587,False,False
214.19,2631,t2631,120,75.0,76,3,1,0.6663882593937437,True,9.35597970302745,1.2054077911378245,True,False
214.22,2633,t2633,120,75.0,98,2,4,0.6709352452254447,True,7.262278217636017,1.2028459680645913,True,False
214.37,2634,t2634,120,75.0,78,9,10,0.6769218810242624,True,7.311877417078437,1.0882375829196351,True,False
214.39,2636,t2636,270,200.0,49,3,4,0.6786102881153745,True,43.42148707561944,2.5792841969059737,True,False
214.53,2637,t2637,270,900.0,27,10,8,0.6854405227728695,False,275.4812398446798,2.4955038550598516,False,False
214.55,2638,t2638,270,1000.0,53,6,10,0.6499063450937145,False,252.6117089263646,2.8796636539975435,False,False
214.6,2639,t2639,270,200.0,56,6,1,0.6619832220699761,False,57.456208818917005,2.4490268579261554,False,False
214.61,2640,t2640,300,250.0,39,8,10,0.6736362482488524,False,78.18618652820024,2.776998187184086,False,False
214.65,2641,t2641,80,50.0,82,1,5,0.6718490913157382,True,3.2856387790562693,0.8772579628170801,True,False
214.73,2642,t2642,170,100.0,66,7,10,0.672091317198852,True,17.58193539066856,1.705164755594954,True,False
214.75,2643,t2643,270,200.0,69,8,2,0.6816708579059695,True,60.14809894013099,2.9672525363323765,True,False
214.87,2644,t2644,220,150.0,84,4,10,0.6906977991537232,True,34.51042803995751,2.150231702419718,True,False
214.92,2646,t2646,270,200.0,24,3,1,0.6686426760240506,False,46.17763623111233,2.922064725611966,False,False
214.93,2647,t2647,300,1200.0,99,2,4,0.6730987221391176,False,409.51712328769105,3.1484459405294967,False,False
214.99,2648,t2648,270,200.0,36,2,6,0.689218333357367,False,61.98552571177287,2.8886251365943822,False,False
215.01,2649,t2649,300,250.0,31,1,8,0.6744973586448413,False,71.47849020847389,3.0219828579909787,False,False
215.16,2650,t2650,270,200.0,47,3,10,0.6662983562714477,False,48.06062604808744,2.94334977202507,False,False
215.18,2651,t2651,170,100.0,76,0,6,0.7066477457902104,True,15.086388321199152,1.633775759544205,True,False
215.3,2652,t2652,170,100.0,24,0,8,0.705229422923306,True,19.254734867842732,1.848976317782438,True,False
215.5,2653,t2653,170,100.0,20,0,6,0.707945457541073,True,14.806100336661581,1.6750533259315645,True,False
215.61,2654,t2654,300,250.0,71,7,10,0.6742316726730567,False,82.73058982548041,3.11282189158098,False,False
215.61,2655,t2655,80,50.0,73,2,5,0.6628650102701951,True,3.8748095322420406,0.8586175528102074,True,False
215.62,2656,t2656,270,200.0,56,8,2,0.6834681074145168,False,60.015473256979234,2.674464531112551,False,False
215.67,2657,t2657,170,100.0,25,7,5,0.6820910553996357,True,18.684419580013884,1.8122929998839425,True,False
215.71,2658,t2658,220,150.0,29,1,8,0.6701358730104059,False,34.41512951998566,2.240209777462433,False,False
215.72,2659,t2659,120,75.0,81,1,8,0.6658616170886593,True,8.017022034892731,1.0939050456836008,True,False
215.78,2660,t2660,270,200.0,41,0,8,0.7064272960033013,False,60.34027228637716,2.9560573388079754,False,False
215.85,2661,t2661,270,900.0,57,10,4,0.6853014611189486,False,279.12026706901275,2.615914399246158,False,False
215.88,2662,t2662,170,100.0,26,4,10,0.6923145098373155,True,16.42129324915035,1.8121550857013489,True,False
215.97,2663,t2663,300,1000.0,69,8,2,0.6790554119328931,False,244.80786082944823,3.20476151574269,False,False
216.34,2664,t2664,170,100.0,65,10,6,0.6865788229291103,True,20.00926664821446,1.580130595103018,True,False
216.35,2665,t2665,80,50.0,51,3,1,0.6646780043217514,True,4.209231421475577,0.8385768325330478,True,False
216.42,2666,t2666,120,75.0,67,10,6,0.6882779131371949,True,10.724914120197504,1.253910701515594,True,False
216.78,2668,t2668,170,700.0,90,1,6,0.6663691207258718,False,123.75670011615242,1.6490723571716586,False,False
216.83,2669,t2669,220,700.0,90,1,5,0.6738427761560901,False,123.20751243725246,2.3387886719809687,False,False
216.9,2670,t2670,300,250.0,38,2,4,0.669044929514517,False,77.5808909995507,2.968387109864917,False,False
216.92,2671,t2671,170,100.0,49,7,10,0.6701552210377774,True,18.976038367954832,1.7591564292727437,True,False
217.0,2672,t2672,270,1000.0,22,8,2,0.6747309703609019,False,287.12922639034934,2.7730738146661356,False,False
217.06,2673,t2673,220,150.0,35,10,6,0.6899430215411176,True,29.582370456436106,2.0516785920726264,True,False
217.09,2675,t2675,80,50.0,81,7,4,0.6866142368816325,True,3.4836709128104415,0.8304433157508874,True,False
217.22,2676,t2676,170,100.0,31,2,4,0.6650722127424086,True,19.10509589324474,1.6182718014771185,True,False
217.24,2677,t2677,120,75.0,58,1,6,0.6622984049780212,True,7.7042015024087,1.2827787544336677,True,False
217.34,2678,t2678,170,100.0,93,8,10,0.6695717051020572,True,15.34243335291,1.6803585685963727,True,False
217.61,2680,t2680,300,250.0,36,5,10,0.6557650349164396,False,70.78892209585754,3.1356866355320334,False,False
218.04,2682,t2682,300,1200.0,94,5,1,0.6671939356109243,False,418.89193940091934,2.879111613195488,False,False
218.1,2683,t2683,300,250.0,63,10,2,0.6813560774490988,False,72.65157395033395,2.7839882330563546,False,False
218.24,2684,t2684,300,1200.0,74,10,6,0.6915748277769619,False,375.5975817848267,2.7033231497274706,False,False
218.35,2685,t2685,170,700.0,29,7,10,0.6723342984352038,False,103.21863705338242,1.7797852383451156,False,False
218.37,2686,t2686,270,1000.0,46,2,4,0.6673529503057422,False,266.0825944148269,2.8170262538251762,False,False
218.45,2687,t2687,80,50.0,94,6,8,0.6674415431534201,True,4.507681064411598,0.734839994784203,True,False
218.46,2688,t2688,300,1000.0,31,10,4,0.6808520985632364,False,338.33602929144087,2.999428086721932,False,False
218.47,2689,t2689,300,1200.0,21,10,8,0.681139894135594,False,413.69009787556456,3.248984536297606,False,False
218.52,2690,t2690,270,200.0,36,6,8,0.6696748941085335,False,43.49369543850945,2.807766856566695,False,False
218.58,2691,t2691,220,150.0,77,1,5,0.669622587299635,True,32.956575955613445,2.040562977095761,True,False
218.61,2692,t2692,120,75.0,97,10,6,0.6869999978880893,True,9.980053695407229,1.1647950576659571,True,False
218.68,2694,t2694,270,200.0,62,1,5,0.6716608022203089,True,44.82761502331969,2.807521845087202,True,False
218.93,2696,t2696,300,250.0,60,6,8,0.6656895780445446,False,69.90656525915091,3.04403666471414,False,False
218.97,2697,t2697,270,200.0,70,1,5,0.6736582528425694,True,59.05560336714505,2.937077198409943,True,False
218.98,2698,t2698,270,200.0,66,4,10,0.6938988863072357,True,63.383891116074565,2.531302362434327,True,False
219.01,2699,t2699,300,1200.0,31,9,10,0.678965625221959,False,308.88486440583796,3.0680739242214448,False,False
219.06,2700,t2700,300,250.0,60,6,1,0.6580002242952432,False,77.07395779830077,2.916649884269402,False,False
219.17,2701,t2701,220,150.0,36,7,6,0.6686208729630975,True,35.735494439808065,2.320276431878753,True,False
219.36,2702,t2702,120,75.0,92,7,4,0.6884641339621816,True,9.495689338476902,1.2352160635997167,True,False
219.4,2704,t2704,120,75.0,31,6,8,0.6617839683018355,True,8.605746822600343,1.235268955101758,True,False
219.47,2705,t2705,80,50.0,27,9,6,0.666139951093161,True,4.676380322447246,0.84491689691039,True,False
219.48,2706,t2706,120,75.0,57,9,10,0.6747944945357017,True,7.53127148402495,1.1910882656539405,True,False
219.54,2707,t2707,120,75.0,98,4,1,0.6819405870285612,True,9.118332252381,1.193566714297153,True,False
219.58,2709,t2709,300,250.0,39,2,6,0.6846906333568864,False,89.37928595648253,3.07464510824742,False,False
219.59,2710,t2710,300,250.0,79,1,5,0.6756157544523848,False,82.13442271232542,3.2015005275650523,False,False
219.71,2714,t2714,220,700.0,28,8,10,0.6717624528181979,False,181.41188029646455,2.207256938947179,False,False
219.73,2715,t2715,270,900.0,98,10,6,0.6886906645969942,False,259.88929226662856,2.7503363315163973,False,False
219.78,2716,t2716,170,100.0,69,0,6,0.7092172150569181,True,18.033187575150407,1.772890065435524,True,False
219.84,2718,t2718,120,75.0,90,6,1,0.654096886476005,True,10.439261705776367,1.2826896978447466,True,False
220.05,2721,t2721,270,200.0,80,7,6,0.6708306373220173,True,51.27816789944526,2.568204552752981,True,False
220.15,2722,t2722,170,100.0,94,1,6,0.6644831035451274,True,16.898135084348187,1.7247481801769349,True,False
220.18,2723,t2723,120,75.0,51,3,5,0.680002027843477,True,8.014200883648233,1.2210799010500353,True,False
220.23,2724,t2724,220,150.0,67,7,6,0.6729962063937588,True,32.698153092984725,2.09179640706086,True,False
220.35,2725,t2725,270,200.0,98,9,10,0.6768807864631695,True,45.08327543435217,2.4819009209508796,True,False
220.4,2726,t2726,120,75.0,32,2,4,0.6634140731178092,True,9.568481012498852,1.282246438692998,True,False
220.44,2727,t2727,220,150.0,32,9,10,0.6789253525520879,True,29.821062693141304,2.013035407853578,True,False
220.51,2728,t2728,300,250.0,77,8,10,0.6677353855800157,True,66.15996141833297,3.0975314214308045,True,False
220.67,2729,t2729,270,900.0,83,5,9,0.6535571737563327,False,698.6622883722993,6.759371577205142,False,True
221.04,2730,t2730,80,50.0,75,4,6,0.6850236587847295,True,3.8226390412285105,0.7638024910026995,True,False
221.33,2732,t2732,300,1000.0,80,2,6,0.6802534873564153,False,315.1085513048388,3.2805710547980165,False,False
221.47,2735,t2735,80,50.0,68,10,6,0.6841735179717211,True,4.380970538345877,0.7262808702505174,True,False
221.6,2737,t2737,270,200.0,89,5,8,0.6534334757355515,True,63.806060565031174,2.717757147460072,True,False
221.84,2741,t2741,170,100.0,60,3,1,0.6669666260534982,True,14.372590569322774,1.5561153916600161,True,False
221.85,2742,t2742,170,100.0,56,5,6,0.6554683963288926,True,17.324140282767235,1.6218283780775633,True,False
222.11,2743,t2743,270,1000.0,20,7,4,0.6902770331011199,False,295.5113957326398,2.716769867701684,False,False
222.2,2746,t2746,220,900.0,67,4,6,0.6869053674272166,False,175.74599189953722,2.3704957203424035,False,False
222.35,2748,t2748,300,250.0,52,6,1,0.6564456154131516,False,70.82593424267844,3.140129300207468,False,False
222.45,2749,t2749,300,1000.0,33,9,4,0.6707537722394522,False,267.91436279533855,3.2555713690273143,False,False
222.49,2750,t2750,220,150.0,58,1,5,0.6713601060300037,True,26.858838787448132,2.3942254389403774,True,False
222.5,2753,t2753,270,200.0,20,4,10,0.6954515752477577,False,47.76120896902599,2.8881482190722463,False,False
222.5,2751,t2751,270,1000.0,74,7,6,0.6751184640840654,False,292.46678977777765,2.4787431460212503,False,False
222.91,2754,t2754,220,700.0,82,1,6,0.6666241081408916,False,145.71187315668766,2.2997464824000073,False,False
222.96,2755,t2755,170,700.0,95,3,1,0.66920947535061,False,130.77019333853048,1.7340262615295465,False,False
223.03,2756,t2756,170,100.0,25,5,1,0.6631067235653726,True,19.404529945539675,1.6919562516183255,True,False
223.07,2757,t2757,270,200.0,26,4,6,0.6825754418968542,False,56.473285419069455,2.70425762086675,False,False
223.12,2758,t2758,270,200.0,76,5,1,0.6652752557607318,True,52.840256096201394,2.950336925540937,True,False
223.2,2759,t2759,270,200.0,95,2,5,0.6651898918829731,True,49.06038502537509,2.496107339169928,True,False
223.22,2760,t2760,170,100.0,21,0,8,0.7014272116216969,True,18.680044956407542,1.6550201138616285,True,False
223.27,2761,t2761,170,500.0,63,6,10,0.6461648848585069,False,89.85003042873092,1.8450515202662876,False,False
223.34,2762,t2762,270,900.0,76,7,5,0.6840314161098248,False,214.04587676720985,2.838990599375341,False,False
223.4,2763,t2763,170,100.0,65,8,2,0.6704930176203505,True,16.697287704764257,1.7049996834926489,True,False
223.41,2764,t2764,120,75.0,23,3,5,0.6819841691047892,False,9.232558854752066,1.1295150065393644,True,False
223.44,2765,t2765,170,100.0,83,6,3,0.6444344745707712,False,47.919005024235545,3.06979918663275,False,True
223.85,2766,t2766,170,100.0,47,0,1,0.7177132299430629,True,14.756309209556713,1.7213908999554084,True,False
223.98,2767,t2767,170,100.0,54,0,6,0.7104635374224465,True,16.782939889070317,1.772720824388309,True,False
224.01,2769,t2769,80,50.0,57,6,10,0.6424982538280034,True,3.761456918553727,0.8767575771541701,True,False
224.04,2770,t2770,120,75.0,29,3,4,0.6806202641712488,True,9.327664147114792,1.1915105381747062,True,False
224.06,2771,t2771,270,200.0,38,0,6,0.7116849333406642,False,54.27503620439465,2.7095015198447476,False,False
224.08,2772,t2772,270,200.0,62,5,6,0.6579412102204966,True,46.12690727083421,2.953917589511282,True,False
224.26,2773,t2773,300,1000.0,26,5,8,0.6559469880390224,False,296.84680445863444,3.1788395409822754,False,False
224.27,2774,t2774,220,150.0,41,8,10,0.6699628596865972,True,31.290938611432786,1.9913992049784626,True,False
224.37,2775,t2775,80,50.0,23,2,6,0.6759050842759536,True,3.991264036160551,0.7512387336265116,True,False
224.39,2776,t2776,120,75.0,40,2,4,0.6657279734736348,True,9.7644402588334,1.1457129478256811,True,False
224.44,2777,t2777,270,200.0,25,0,8,0.7027011289277245,False,58.766391612269246,2.447125629728775,False,False
224.47,2778,t2778,270,200.0,74,4,10,0.6907992104094692,True,51.8248006010841,2.5181851414846435,True,False
224.53,2780,t2780,170,100.0,40,6,8,0.6641304707539807,True,16.3390475441781,1.7415157369449292,True,False
224.56,2781,t2781,220,150.0,68,1,6,0.6625482926447404,True,31.082768585997037,2.0666985117749603,True,False
224.64,2783,t2783,80,50.0,76,5,4,0.6532189540305335,True,3.618687168803738,0.8613190032311462,True,False
224.74,2784,t2784,220,150.0,53,4,1,0.6838839571061718,True,37.99247553358306,2.3257335197070304,True,False
224.85,2785,t2785,120,75.0,47,7,6,0.671024276620566,True,9.530731159224732,1.184145543282197,True,False
224.86,2787,t2787,220,150.0,72,8,10,0.6721457843110471,True,39.08107022268313,2.070438768489208,True,False
225.07,2788,t2788,270,200.0,28,4,1,0.6857884597822302,False,49.78163801424017,2.6876241273143404,False,False
225.08,2789,t2789,300,250.0,78,2,5,0.6674682758634954,True,76.96502726104094,3.0841518825305583,True,False
225.15,2791,t2791,220,150.0,22,3,1,0.6652334676617796,False,27.192520200899803,2.308733457333645,False,False
225.33,2792,t2792,170,100.0,22,1,6,0.6647279934585122,True,20.156546301959022,1.597218138996601,True,False
225.5,2793,t2793,300,1000.0,54,9,10,0.680929027319228,False,278.18305320147635,3.0308250325887145,False,False
225.52,2794,t2794,120,75.0,47,0,6,0.7067079013405176,True,8.9661748930749,1.3197151363304993,True,False
225.64,2795,t2795,120,75.0,75,1,5,0.6733635705760702,True,9.75840031357491,1.1811528513271992,True,False
225.72,2796,t2796,220,700.0,64,4,10,0.6924138928679465,False,125.13889814886026,2.2916127872384173,False,False
225.88,2798,t2798,300,1000.0,33,2,5,0.6697010921644072,False,249.00947198222104,2.9718350395785222,False,False
225.9,2799,t2799,220,900.0,79,0,6,0.708004409980374,False,224.71464497379498,2.407963062391223,False,False
225.94,2800,t2800,300,250.0,35,0,1,0.7189411471623833,False,69.06508337395091,2.8760587045972277,False,False
225.96,2802,t2802,270,200.0,55,5,4,0.6557367567681047,True,45.06304758484018,2.436733787521423,True,False
225.96,2801,t2801,270,900.0,75,7,5,0.6797589696058102,False,276.250810729228,2.679876729592893,False,False
225.98,2803,t2803,170,500.0,33,9,4,0.6665953634613299,False,85.75128984378695,1.864087440410583,False,False
226.03,2804,t2804,120,75.0,89,9,10,0.6767186285910253,True,10.736793276440437,1.218993289677954,True,False
226.09,2805,t2805,120,75.0,93,3,5,0.6777526675408753,True,9.898906758622557,1.3116459645030594,True,False
226.23,2807,t2807,170,100.0,56,8,2,0.6725138239346102,True,18.641093057380992,1.5438839648791876,True,False
226.28,2809,t2809,300,1200.0,95,5,6,0.6603645678342684,False,361.44161636285884,2.8988741341362214,False,False
226.52,2810,t2810,300,250.0,44,3,5,0.6797797960082396,False,77.87286079936132,3.144128556192538,False,False
226.75,2812,t2812,80,50.0,60,8,5,0.6566626960924781,True,3.8213783631738423,0.7454693238315028,True,False
226.78,2813,t2813,220,150.0,29,5,1,0.6674004173121838,False,39.330702081416426,2.016593296776644,False,False
226.9,2815,t2815,170,100.0,55,3,4,0.6825900407060056,True,18.29629289237433,1.7267563674191189,True,False
226.9,2816,t2816,300,250.0,41,10,6,0.6859207142789533,False,69.0698427186463,3.1118539569928867,False,False
226.94,2817,t2817,170,100.0,32,4,8,0.6800442937742021,True,15.229254636691921,1.8263411544008137,True,False
226.98,2818,t2818,170,700.0,30,10,1,0.6787576323636582,False,115.65159053524897,1.5697695959561144,False,False
227.0,2819,t2819,270,200.0,67,6,10,0.64507895541811,True,51.71196630955978,2.8593741417700578,True,False
227.05,2820,t2820,300,1000.0,40,10,6,0.6814589666600409,False,248.80471425839298,2.870116437406496,False,False
227.08,2821,t2821,170,100.0,94,9,5,0.6653631511966656,True,14.950863837887926,1.562595524239202,True,False
227.1,2822,t2822,300,250.0,75,10,2,0.6768574174385784,False,83.27595491664009,3.2196864259691065,False,False
227.14,2823,t2823,270,200.0,98,9,6,0.6683993338894797,True,54.06086921049116,2.431544699841604,True,False
227.27,2825,t2825,270,1000.0,93,0,5,0.7010592980830384,False,242.45917805877403,2.816678621750949,False,False
227.28,2826,t2826,170,100.0,93,5,4,0.6582042034509245,True,16.36933189131852,1.6244883785841118,True,False
227.33,2827,t2827,170,100.0,42,2,4,0.6679955958223439,True,17.05964842287984,1.5435596946160173,True,False
227.4,2828,t2828,220,150.0,96,8,5,0.6591116239888103,True,31.5592256074491,2.0467367285748406,True,False
227.41,2829,t2829,300,250.0,76,10,8,0.6769252780710638,False,87.27926889897637,2.9895051089774385,False,False
227.41,2830,t2830,270,1000.0,57,6,1,0.6525733697715551,False,238.0348289895506,2.4388007459596377,False,False
227.57,2831,t2831,120,75.0,45,1,6,0.6668641002560086,True,8.916445441069575,1.3056948784342344,True,False
227.6,2833,t2833,300,250.0,79,4,8,0.6818740745653846,False,79.76657407919704,2.7167993116573546,False,False
227.68,2834,t2834,270,1000.0,23,3,4,0.6845204217100673,False,286.6917426774492,2.545314520250347,False,False
227.77,2835,t2835,120,75.0,83,2,6,0.6778176492571012,False,7.835353713861711,1.2561371110985964,True,False
227.9,2836,t2836,270,200.0,83,3,5,0.6755923819062565,True,60.28957863427459,2.74125718718197,True,False
228.01,2837,t2837,220,150.0,31,9,10,0.6787664378373865,False,37.91457070644644,2.4092497409591624,False,False
228.34,2840,t2840,220,150.0,96,7,6,0.6731859729063364,True,27.642158954392794,2.012658532092292,True,False
228.35,2841,t2841,220,700.0,97,10,4,0.6764917232586382,False,162.95366326274362,2.145515913055479,False,False
228.52,2842,t2842,120,75.0,41,0,2,0.7000636145270789,True,9.9047221312161,1.190474820892817,True,False
228.77,2843,t2843,170,500.0,98,7,6,0.6753044352663916,True,89.12033923362105,1.7223199216799452,True,False
229.21,2845,t2845,120,75.0,31,1,5,0.6753269658312155,True,9.240582492077463,1.2915204467948735,True,False
229.26,2846,t2846,270,200.0,32,3,5,0.6776627160863132,False,52.489247038238894,2.48419726574958,False,False
229.37,2847,t2847,170,100.0,82,4,10,0.6878222816772542,True,17.732507739396844,1.7998925134225285,True,False
229.4,2848,t2848,300,250.0,94,5,6,0.6565654582957648,True,72.56521551892382,3.0712727648900104,True,False
229.5,2850,t2850,170,700.0,46,4,1,0.6814808724047675,False,102.86171704394023,1.7430258469389377,False,False
229.52,2851,t2851,270,200.0,69,5,1,0.6633090756326068,True,64.04836887541802,2.8342213727358367,True,False
229.58,2852,t2852,80,50.0,26,4,10,0.6894965027103759,True,4.785395976123194,0.8128037755671862,True,False
229.66,2853,t2853,120,75.0,73,3,6,0.6639924012671103,True,7.361786688486623,1.2226040584628446,True,False
229.7,2854,t2854,80,50.0,24,0,1,0.7139705060373176,True,4.533292065629445,0.754514347565347,True,False
229.84,2855,t2855,220,150.0,76,4,6,0.6783321148770989,True,33.138090146733774,2.4093877080522006,True,False
229.96,2856,t2856,170,700.0,51,1,5,0.6772510931812579,False,108.91807052143446,1.7735897509141918,False,False
230.11,2857,t2857,270,900.0,66,2,4,0.6702178657240788,False,241.18853869335217,2.8276544367879355,False,False
230.25,2858,t2858,170,500.0,77,7,5,0.6755719720318757,False,80.1129446591594,1.6738057034289617,False,False
230.47,2859,t2859,300,250.0,79,10,6,0.6770864539935068,True,77.04333066712923,2.786916069183114,True,False
230.49,2860,t2860,300,250.0,50,10,1,0.6743109412548465,False,85.85158155473378,3.1852769544919024,False,False
230.81,2861,t2861,220,700.0,84,5,6,0.6590163309480314,False,134.24698648629263,2.210144888279574,False,False
230.98,2862,t2862,220,700.0,56,4,2,0.6779120337354047,False,163.58324567061985,2.2789331110206588,False,False
231.16,2863,t2863,220,150.0,94,7,5,0.6714687144094201,True,33.68325276610087,2.1079888465589143,True,False
231.18,2864,t2864,300,250.0,61,8,10,0.6742850504430079,False,69.07427771326154,2.876113959629178,False,False
231.21,2865,t2865,80,50.0,85,1,5,0.6729627379842994,True,3.9303973650534996,0.7892061243688107,True,False
231.26,2867,t2867,170,100.0,36,4,6,0.6803476543977387,True,16.187087502254954,1.861900182003097,True,False
231.37,2868,t2868,300,1200.0,73,2,5,0.6657152521393009,False,308.30105570644747,3.1740600587539705,False,False
231.66,2870,t2870,120,75.0,92,8,2,0.6744942141225847,True,7.439417146490998,1.305932970072064,True,False
231.94,2873,t2873,300,250.0,92,8,10,0.6702075312523296,True,75.70651386604555,2.9158517614387187,True,False
231.96,2875,t2875,170,100.0,67,3,5,0.6735176435827688,True,15.422619816225067,1.7432124593196856,True,False
231.96,2874,t2874,300,1200.0,69,6,10,0.6476080429764145,False,428.65972948229563,2.8025388411009056,False,False
232.26,2876,t2876,270,200.0,61,3,5,0.6756294725292952,True,45.36718092071112,2.499056077490625,True,False
232.3,2877,t2877,170,700.0,71,0,1,0.7152732777347531,False,100.57269305390057,1.782487687016285,False,False
232.37,2879,t2879,220,150.0,64,9,10,0.6745992908988206,True,37.71532235359051,2.0922474058884006,True,False
232.39,2880,t2880,120,75.0,43,1,8,0.6678468462853477,True,7.2752415438140305,1.3182530417369571,True,False
232.5,2881,t2881,170,700.0,95,1,8,0.6697923708981022,False,108.49261722836606,1.7485800405577732,False,False
232.67,2882,t2882,120,75.0,61,6,8,0.6664300431570829,True,10.017070011693116,1.263741961336095,True,False
232.7,2883,t2883,220,150.0,41,5,6,0.6552441861472525,True,39.46537164025261,2.1745057799782086,True,False
232.8,2884,t2884,80,50.0,94,2,4,0.666221690227779,True,4.799965390432188,0.8162542329319046,True,False
232.85,2885,t2885,120,75.0,90,8,5,0.661511573327216,True,8.887771780024279,1.170191649729083,True,False
232.89,2886,t2886,120,75.0,38,4,5,0.677765785502941,True,8.593765857614944,1.2888140871258644,True,False
233.11,2887,t2887,220,150.0,58,0,2,0.7016445240547191,True,28.26823442871712,2.395117870554157,True,False
233.12,2888,t2888,270,200.0,21,1,8,0.6655249850186018,False,57.091030874560836,2.5119396741803586,False,False
233.36,2889,t2889,300,250.0,93,0,6,0.7031009884474332,True,79.32839533256887,3.040374061439948,True,False
233.38,2890,t2890,300,1200.0,90,0,1,0.7103759939982398,False,310.52734796645586,2.8731402063964246,False,False
233.5,2893,t2893,170,500.0,44,8,10,0.6723855624454648,False,76.41201559091489,1.5804109603180923,False,False
233.5,2892,t2892,170,500.0,45,5,1,0.6654735607866212,False,89.91647805690037,1.7821316026827017,False,False
233.59,2894,t2894,270,200.0,50,0,1,0.7055766559364569,False,64.66101504686003,2.8751639129815283,False,False
233.59,2895,t2895,300,250.0,23,1,5,0.6749341498912801,False,81.4228530558306,2.814727673909287,False,False
233.65,2897,t2897,270,900.0,87,10,6,0.6789753915803033,False,203.9671757998841,2.588727138281837,False,False
233.67,2899,t2899,220,150.0,55,3,5,0.6776990648968911,True,35.47082239081086,2.0471043737998738,True,False
233.72,2900,t2900,220,900.0,38,9,5,0.667486554839399,False,164.42399065386897,2.308376708423349,False,False
233.87,2901,t2901,270,1000.0,98,3,6,0.66629473505995,False,308.54888210098807,2.676203433990142,False,False
234.0,2902,t2902,220,900.0,30,3,4,0.6802381950940478,False,200.31687579386622,2.399225995853712,False,False
234.03,2903,t2903,300,1200.0,71,3,4,0.6760416130103487,False,415.6947642188127,2.965317574114443,False,False
234.14,2904,t2904,220,700.0,32,0,2,0.7031938153918066,False,159.65453225702012,1.9841704374580431,False,False
234.16,2905,t2905,80,50.0,40,6,10,0.6439125487835528,True,3.409500460857794,0.7584680729910094,True,False
234.27,2906,t2906,80,50.0,23,10,6,0.6746525504153639,False,3.718514782437431,0.8359699147115096,True,False
234.39,2907,t2907,270,900.0,80,1,5,0.6706921335601211,False,271.4153888604579,2.6537828430713524,False,False
234.42,2908,t2908,220,900.0,80,3,5,0.6797272654171351,False,159.09444203652976,2.1360708488899443,False,False
234.47,2909,t2909,120,75.0,78,0,6,0.7044696353451513,True,9.949122166838633,1.3098301870734965,True,False
234.55,2910,t2910,120,75.0,51,3,6,0.6623770221769328,True,10.775887176211137,1.2434230418085137,True,False
234.78,2912,t2912,270,200.0,28,3,6,0.664711663551576,False,62.757067389357225,2.901684963689153,False,False
234.83,2913,t2913,170,500.0,77,2,5,0.6618091289146967,True,76.61327557999503,1.547768452650317,True,False
235.02,2915,t2915,80,50.0,37,8,10,0.6683460330147374,True,4.2977164430085795,0.8241768454104097,True,False
235.07,2916,t2916,270,1000.0,45,2,4,0.6684794382414053,False,277.45045582050034,2.439331024906862,False,False
235.15,2917,t2917,220,700.0,35,1,8,0.6613429468566911,False,183.04157769223238,2.383477232922214,False,False
235.3,2918,t2918,300,250.0,78,8,2,0.6764349965067996,True,63.53793903191232,3.071126961352445,True,False
235.34,2919,t2919,270,200.0,91,7,4,0.6858796742572794,True,48.30175221026349,2.6982226786586807,True,False
235.45,2921,t2921,220,150.0,80,2,4,0.6645180312947591,True,27.196331336792987,2.3304078253932463,True,False
235.48,2922,t2922,170,700.0,31,7,5,0.6736215219394135,False,116.80958067504228,1.6621433232994902,False,False
235.52,2924,t2924,220,700.0,91,5,6,0.6577214842424893,False,127.97584304075836,2.1136848331897453,False,False
235.71,2925,t2925,80,50.0,38,10,8,0.6727949543278244,True,3.212977693682213,0.8366976394899747,True,False
235.83,2926,t2926,270,200.0,23,0,2,0.6985381209021523,False,58.94588092242552,2.461824769203874,False,False
235.84,2927,t2927,300,1000.0,41,9,6,0.6706135290298719,False,351.9339214952059,2.86007039507679,False,False
236.07,2928,t2928,170,100.0,48,7,4,0.6877442625903155,True,18.53439716326722,1.7121827460747545,True,False
236.17,2929,t2929,270,200.0,70,7,5,0.669557273318807,True,59.08542248288476,2.534648149501922,True,False
236.17,2930,t2930,270,200.0,88,1,5,0.6665349575555853,True,57.81119313957853,2.5477857146700433,True,False
236.25,2932,t2932,270,1000.0,38,8,10,0.6705612941726243,False,270.1665580939292,2.855749279961569,False,False
236.26,2933,t2933,270,1000.0,89,0,6,0.7058109093049149,False,311.81481372194065,2.7614986024010997,False,False
236.32,2934,t2934,120,75.0,98,7,4,0.689571559156691,True,7.797580367008156,1.1658479815453908,True,False
236.36,2935,t2935,170,700.0,77,7,4,0.6913623097917391,False,109.98102158872287,1.6518092757911893,False,False
236.41,2937,t2937,120,75.0,67,8,10,0.6665582501073538,True,9.205430652700159,1.1351863840552032,True,False
236.41,2936,t2936,220,900.0,37,6,8,0.668683624112123,False,184.25681864810986,2.2648985983684926,False,False
236.52,2938,t2938,220,150.0,50,4,5,0.6797926516110641,True,35.6788882822066,2.0794043083142895,True,False
236.61,2939,t2939,300,250.0,90,6,10,0.6464649644745485,True,74.30981395154693,3.2320318715561402,True,False
236.61,2940,t2940,300,1200.0,74,3,4,0.6719289625683235,False,328.17849308537757,3.2165970070407917,False,False
236.71,2941,t2941,170,700.0,48,1,8,0.657244549458019,False,100.0231885267283,1.8351937883483993,False,False
236.94,2942,t2942,80,50.0,60,6,10,0.6489663318517241,True,4.432235637332414,0.8132086423441853,True,False
236.94,2943,t2943,220,150.0,95,7,5,0.6717483096706126,True,26.68193268521006,2.254708567020078,True,False
237.01,2944,t2944,120,75.0,43,9,6,0.6666094402674562,True,8.002104346578662,1.1053748393042533,True,False
237.25,2945,t2945,220,700.0,31,2,5,0.6641551281545847,False,153.39150062421552,2.3142137881173137,False,False
237.49,2947,t2947,300,250.0,47,4,6,0.6823228831279657,False,88.92992667988146,3.038490397036675,False,False
237.5,2948,t2948,270,900.0,90,3,10,0.6621008506844803,False,277.11067134215625,2.451631603074037,False,False
237.52,2949,t2949,270,200.0,86,1,6,0.6689574849175551,True,47.98719254774677,2.815003438218457,True,False
237.63,2951,t2951,120,75.0,85,0,6,0.7009513577854832,True,8.401471539806728,1.1866937472044934,True,False
237.73,2952,t2952,170,700.0,92,7,6,0.6773805283792456,False,142.10242155243353,1.8556562009143398,False,False
237.95,2954,t2954,80,50.0,89,2,5,0.6602802074096747,True,4.252679189125149,0.7835635045712966,True,False
237.95,2953,t2953,220,700.0,55,10,2,0.6724487306282685,False,163.21130638473306,2.1831849178242266,False,False
237.98,2955,t2955,220,150.0,70,4,10,0.6911372393228351,True,29.490978748884284,2.0116381706214934,True,False
238.0,2956,t2956,170,500.0,72,8,5,0.6638635236788534,False,92.59045099858962,1.8164162832610442,False,False
238.0,2957,t2957,300,1000.0,81,9,6,0.668859433280289,False,250.17987778185545,3.2270790139202323,False,False
238.12,2959,t2959,300,250.0,37,7,6,0.6732410996298425,False,65.99132942612076,3.1758682864715073,False,False
238.13,2960,t2960,300,1000.0,40,4,6,0.6780846072835883,False,294.1787811703142,2.9161823357866314,False,False
238.3,2962,t2962,170,100.0,22,6,1,0.6487785690427906,True,13.851171573591659,1.5957277858967711,True,False
238.33,2963,t2963,80,50.0,67,10,8,0.6749212370594497,True,4.719127959369953,0.7786486592521454,True,False
238.4,2964,t2964,170,100.0,75,10,7,0.676768014063302,True,15.781501429787923,1.6173346566640212,True,True
238.42,2965,t2965,220,700.0,81,3,1,0.6613369801267258,False,152.8623657164325,2.0834975787304466,False,False
238.44,2966,t2966,220,150.0,25,8,10,0.6688092669233885,False,29.340475891774823,2.085200779293407,False,False
238.56,2968,t2968,170,100.0,71,6,10,0.6514176718813564,True,16.936175586978155,1.5628377971490233,True,False
238.69,2970,t2970,300,250.0,53,7,4,0.686943245414086,False,84.42037561560564,3.101144120668203,False,False
238.81,2971,t2971,270,200.0,53,10,7,0.6788148356002178,True,50.993837363346906,2.6413141489040046,True,True
238.88,2972,t2972,220,150.0,20,7,6,0.6691844594554274,False,30.561122628568892,2.218354884048292,False,False
238.94,2973,t2973,80,50.0,98,4,5,0.6817789803970246,True,3.8655573575103217,0.7939648847560054,True,False
238.96,2974,t2974,270,200.0,95,5,4,0.6606223012000877,False,47.43645636814044,2.7866996221860854,True,False
239.17,2977,t2977,270,900.0,64,9,2,0.665015107830405,False,249.2932829466889,2.4988345802051946,False,False
239.52,2978,t2978,170,500.0,77,10,8,0.6770049941364426,False,83.51972657887522,1.6470302349194716,False,False
239.58,2979,t2979,120,75.0,76,0,1,0.7008733046359096,True,10.316390374140042,1.0897822638946615,True,False
239.63,2980,t2980,300,1200.0,22,5,4,0.6568180369942679,False,289.81975965529404,2.9564761562792263,False,False
239.65,2981,t2981,220,150.0,69,2,4,0.6668098524870457,True,36.272281963483216,2.24346152636682,True,False
239.69,2982,t2982,170,500.0,93,2,6,0.6735179629386259,True,79.90799320690775,1.8144012063875652,True,False
239.78,2984,t2984,220,150.0,69,1,8,0.65322812000732,True,34.38049626761895,2.022674893279573,True,False
239.8,2985,t2985,270,1000.0,34,5,6,0.6539752363758214,False,294.2647154444892,2.5487986394008475,False,False
239.89,2986,t2986,120,75.0,76,6,8,0.6647181334480624,True,10.112454302148839,1.116292377078156,True,False
239.94,2988,t2988,80,50.0,74,2,6,0.67547827034652,True,4.249561229225878,0.7641869647154435,True,False
239.94,2987,t2987,220,150.0,35,2,5,0.6626567850796631,False,35.09385144849829,2.0052487411850852,False,False
239.96,2989,t2989,300,1200.0,86,1,6,0.6710090018858706,False,314.7184151073072,3.196766746655734,False,False
240.01,2990,t2990,80,50.0,42,4,5,0.6837255826072659,True,4.032722912888916,0.8711897363788744,True,False
240.06,2991,t2991,270,1000.0,49,9,10,0.676689486899026,False,281.40569118860935,2.8936080514987235,False,False
240.1,2993,t2993,120,75.0,50,5,4,0.6530898580725643,True,8.922530316451091,1.144464405655982,True,False
240.1,2992,t2992,270,200.0,77,10,8,0.6728730760718955,True,50.32386309820862,2.9161293362581153,True,False
240.19,2994,t2994,220,150.0,32,2,5,0.6588118311962515,True,27.62491672608691,2.212590586294813,True,False
240.2,2996,t2996,270,200.0,99,8,10,0.6648412634031026,True,62.597708495383074,2.450693192927114,True,False
240.2,2995,t2995,220,150.0,44,6,10,0.653819985110396,True,37.699211035669954,2.3537690243354725,True,False
240.44,2998,t2998,220,700.0,63,10,8,0.6749977963686394,False,144.40518853970184,2.2246421280051045,False,False
240.44,2997,t2997,300,250.0,61,5,4,0.6556102427292948,False,66.57778216381851,3.139982063970319,False,False
240.45,2999,t2999,170,100.0,74,4,5,0.6856332527733023,True,14.52538137323177,1.6300805949482808,True,False
240.62,3000,t3000,170,500.0,50,7,10,0.6682957942846814,False,72.66883760212082,1.6772503517227102,False,False
240.73,3001,t3001,170,100.0,78,3,4,0.6678985651351388,False,17.84556964063958,1.6604154062354253,True,False
240.84,3002,t3002,170,100.0,94,5,10,0.6519064008847774,True,18.84190830491825,1.792483351357664,True,False
240.85,3003,t3003,300,250.0,96,5,1,0.6614207562375555,True,62.550306992571834,3.15556609730677,True,False
241.2,3006,t3006,300,250.0,65,0,6,0.7023629972964403,False,86.34743133236188,3.249103584168037,False,False
241.32,3007,t3007,300,250.0,91,3,4,0.6639487756506178,True,73.14809850820363,3.152732166299344,True,False
241.42,3008,t3008,80,50.0,41,7,4,0.6826125623239861,True,3.7911862784034076,0.8334362237155729,True,False
241.59,3010,t3010,120,75.0,44,5,8,0.6522362300964236,False,7.496444372100699,1.312888250419606,True,False
241.69,3011,t3011,270,1000.0,35,0,6,0.6975724040171781,False,242.6550358062034,2.5315257590637255,False,False
241.83,3012,t3012,80,50.0,75,3,5,0.6755409019269742,True,4.564655148383939,0.7723704617575868,True,False
241.84,3013,t3013,220,700.0,33,2,5,0.6612177763905084,False,172.24096630712594,2.4073792837336003,False,False
241.93,3014,t3014,300,250.0,99,8,10,0.6671266199532223,True,67.49623580284094,3.0124074624136616,True,False
242.09,3015,t3015,300,1200.0,42,8,5,0.6599944350234582,False,309.41756917561366,3.084533841916923,False,False
242.1,3016,t3016,220,150.0,41,5,1,0.663623007779471,True,32.31261968805676,2.354476932641346,True,False
242.15,3017,t3017,120,75.0,82,0,8,0.6977755678876316,True,10.343005917505145,1.1714993851797089,True,False
242.18,3018,t3018,170,100.0,56,2,4,0.6690558372554866,True,17.323628193725163,1.836975198532049,True,False
242.22,3019,t3019,270,1000.0,38,0,1,0.7024380203613733,False,306.87646444957414,2.8685783028123666,False,False
242.26,3021,t3021,220,150.0,37,4,8,0.6774932597407436,True,27.518007972318838,2.177145285165592,True,False
242.33,3022,t3022,300,1200.0,45,1,5,0.6686349250711403,False,326.70559553930957,3.1223250891698062,False,False
242.34,3023,t3023,220,150.0,56,8,5,0.6562027281411708,True,34.75502634724493,2.314376833014091,True,False
242.43,3024,t3024,170,700.0,76,6,8,0.667005952597283,False,134.6352513884301,1.5510905738908345,False,False
242.48,3025,t3025,120,75.0,81,6,8,0.6630740153635192,True,9.869259877818527,1.09430366548368,True,False
242.68,3026,t3026,80,50.0,50,6,10,0.6561742520748547,True,4.748469229436876,0.8440973773610848,True,False
242.73,3027,t3027,270,900.0,99,9,6,0.664890426432865,False,260.7036187538805,2.86850140134863,False,False
242.86,3029,t3029,170,100.0,81,4,8,0.6793740612125954,True,15.034070239805738,1.8326210332989472,True,False
243.23,3031,t3031,120,75.0,57,4,8,0.6812172466550102,True,8.039137998725163,1.2380334534343211,True,False
243.24,3032,t3032,220,150.0,68,8,5,0.6586608553965293,True,38.27815416369246,2.1497123561634117,True,False
243.37,3033,t3033,120,75.0,21,10,4,0.6722185554601322,True,8.926026115138276,1.1444837490093456,True,False
243.4,3034,t3034,80,50.0,25,7,4,0.6845424928956882,True,3.2306801715394164,0.7718722824812665,True,False
243.44,3035,t3035,270,1000.0,47,9,5,0.6633934904092776,False,218.5069816253045,2.9089930324865905,False,False
243.56,3036,t3036,300,250.0,92,0,1,0.6977974417723276,True,83.55571153845054,3.1983371558607505,True,False
243.57,3037,t3037,120,75.0,88,8,2,0.6783369632433304,True,8.62325311959637,1.16633551797078,True,False
243.64,3038,t3038,300,250.0,70,1,8,0.6554660191456352,False,79.50036772701601,2.8826038881911655,False,False
243.81,3039,t3039,80,50.0,38,3,5,0.6776122657066165,True,4.170988211295184,0.8600366372409497,True,False
244.01,3040,t3040,300,250.0,71,1,5,0.6645188932363842,True,65.2959715051893,3.166840640576823,True,False
244.19,3043,t3043,270,1000.0,36,3,6,0.6608256120987263,False,269.7863857057037,2.887245967785597,False,False
244.24,3044,t3044,220,150.0,26,0,8,0.6991225180683405,False,32.1298453087497,2.2724122521529004,False,False
244.28,3045,t3045,270,200.0,46,7,5,0.6738955252953822,False,57.95304952610338,2.4823320840658294,False,False
244.35,3046,t3046,270,200.0,64,6,10,0.6584814337000242,True,62.52765604651675,2.5075132443157475,True,False
244.55,3047,t3047,120,75.0,78,5,4,0.6519062196928908,True,8.516868994346979,1.244255130399986,True,False
244.57,3048,t3048,300,250.0,65,1,5,0.6666591820383232,False,79.60542950657644,2.982893582128553,False,False
244.67,3049,t3049,300,250.0,51,4,10,0.692745161203045,False,88.02325317795646,2.9121836173831355,False,False
244.76,3050,t3050,220,900.0,79,9,10,0.6725638789792273,False,208.52465305505874,2.2227315505779974,False,False
244.79,3052,t3052,170,700.0,84,5,4,0.6544502771172148,False,100.57247452340427,1.6392707045080612,False,False
244.82,3053,t3053,80,50.0,28,1,5,0.6625826650642234,True,3.7567942333528532,0.7614928699580258,True,False
244.85,3055,t3055,300,250.0,61,1,6,0.66684548851482,False,70.41594360598442,2.812835039128115,False,False
244.93,3057,t3057,120,75.0,93,2,6,0.6773993716062563,True,9.231932328069721,1.13407718547834,True,False
244.94,3058,t3058,270,1000.0,38,2,5,0.6574016026808801,False,296.14404283353855,2.958082524609907,False,False
244.94,3059,t3059,300,250.0,46,1,8,0.651485160301184,False,77.84380934482836,3.0134732492044574,False,False
244.96,3060,t3060,220,900.0,20,0,4,0.6966282707481098,False,201.03761076645355,2.371778483674149,False,False
245.02,3061,t3061,170,500.0,52,10,8,0.6709060222594484,False,78.99867442908212,1.7532646048369833,False,False
245.02,3062,t3062,300,1000.0,26,7,4,0.6864338248559563,False,262.1372709374756,2.9272027545844503,False,False
245.23,3063,t3063,170,100.0,91,5,4,0.6507694533930523,True,17.970545995825805,1.6700667085399088,True,False
245.43,3064,t3064,220,150.0,55,0,1,0.699423674755063,True,37.29413273100045,2.383023561914596,True,False
245.43,3065,t3065,170,100.0,46,10,6,0.6704161660737232,True,18.54661976363849,1.5451402722968985,True,False
245.5,3066,t3066,270,200.0,42,1,8,0.6475839186336219,False,63.65621073917314,2.6400399289780476,False,False
245.68,3068,t3068,220,700.0,86,2,3,0.6543718877115129,True,164.16521343049178,2.0845695791626513,True,True
245.68,3069,t3069,300,250.0,88,9,8,0.6648307804528203,True,78.5736270377803,3.131025717070769,True,False
245.74,3070,t3070,80,50.0,91,2,4,0.6712569023285587,True,3.7866129022547104,0.8481723909688613,True,False
245.86,3071,t3071,170,100.0,32,7,5,0.6698257966076564,True,18.963499353780783,1.5910182252103933,True,False
246.22,3074,t3074,170,500.0,83,4,8,0.6830235683885767,False,100.60148324466971,1.6135611182096088,False,False
246.39,3075,t3075,170,100.0,82,5,10,0.6542989395337485,True,13.601146299469864,1.7842912594247797,True,False
246.42,3076,t3076,170,500.0,61,0,1,0.7010173830781435,False,88.90064555730017,1.6079876332204437,False,False
246.42,3077,t3077,300,250.0,40,2,4,0.6734139461001692,False,74.48888409513128,2.8090981562994535,False,False
246.53,3078,t3078,170,100.0,82,6,10,0.6607424716926903,True,16.954470984893653,1.592917874633985,True,False
246.76,3079,t3079,300,1200.0,80,7,4,0.6821133301770189,False,319.7875876994972,3.005936338187936,False,False
247.21,3080,t3080,120,75.0,46,2,3,0.6568666317754646,True,8.898671780098436,1.2562764588386683,True,True
247.51,3082,t3082,270,200.0,51,4,10,0.6881469246456507,True,46.507706638115785,2.4953480604322236,True,False
247.52,3083,t3083,80,50.0,61,7,4,0.6778792453916604,True,3.7942403126585837,0.822159537765719,True,False
247.54,3084,t3084,170,100.0,40,2,4,0.6693538489963476,True,17.773624257873884,1.8144649699842572,True,False
247.61,3085,t3085,220,900.0,83,10,4,0.6742048510175961,False,162.819813355857,2.165282287110194,False,False
247.88,3087,t3087,80,50.0,51,6,8,0.6653947168744306,True,4.723307769436114,0.7982775299150879,True,False
248.04,3088,t3088,120,75.0,28,6,10,0.6629582889255032,True,7.330022324984252,1.1572867404629705,True,False
248.05,3089,t3089,80,50.0,75,1,6,0.6627652454111902,True,4.725299161099731,0.7232048106694808,True,False
248.22,3090,t3090,300,250.0,39,6,10,0.6651297898136598,False,87.57188670203938,3.1142707103634253,False,False
248.45,3091,t3091,120,75.0,97,1,8,0.6437607017994109,True,9.075523510198874,1.1083887084518467,True,False
248.55,3092,t3092,220,700.0,49,4,10,0.6898146528194045,False,146.39503714695329,2.355024886034598,False,False
248.61,3094,t3094,80,50.0,38,6,8,0.6676690043551238,True,3.2679776031649728,0.8530472494509994,True,False
248.66,3095,t3095,80,50.0,22,3,4,0.6662519819557874,False,4.340201704040063,0.8288954169635514,True,False
248.67,3096,t3096,220,150.0,30,2,4,0.6715489538346026,False,30.734746556110164,2.092939324616905,False,False
248.69,3097,t3097,300,250.0,74,5,4,0.653336246143373,False,88.1107370976896,3.083283575075711,False,False
248.7,3098,t3098,80,50.0,53,1,6,0.664940607169633,True,3.3739008923573435,0.7631530093511625,True,False
248.92,3100,t3100,120,75.0,52,6,8,0.6698978060862031,True,9.169222855907256,1.2869754908548452,True,False
248.98,3101,t3101,170,500.0,25,5,1,0.6657812142905483,False,91.65922305489093,1.5306425107691584,False,False
248.99,3102,t3102,300,250.0,53,6,10,0.6610838606840533,False,66.21601384378683,3.1185836029115004,False,False
249.07,3103,t3103,220,150.0,28,3,10,0.6579872952092523,False,39.21520765849286,2.324898874633845,False,False
249.2,3105,t3105,170,100.0,23,8,2,0.6802008906451303,True,19.975031210785207,1.6995517066949293,True,False
249.28,3107,t3107,220,150.0,44,1,8,0.6461879493018843,True,29.74929595208191,2.1574007645387354,True,False
249.28,3106,t3106,170,100.0,81,8,5,0.6610698201067805,True,17.990316996209668,1.5668168233045818,True,False
249.81,3109,t3109,170,700.0,77,6,8,0.6720820317826609,False,130.4311433388321,1.6840290101048618,False,False
249.83,3110,t3110,270,200.0,49,10,6,0.6724385094189155,False,61.19912688457661,2.570503411175083,False,False
249.85,3111,t3111,120,75.0,53,8,2,0.6820275394988945,True,9.635993528052788,1.1217834279918732,True,False
249.88,3112,t3112,220,700.0,27,3,1,0.6575184223423732,False,125.43875106969847,2.3203914132742964,False,False
249.93,3113,t3113,300,1000.0,29,1,8,0.6485666518543083,False,293.4050252495723,2.8391244179631223,False,False
249.94,3114,t3114,170,100.0,80,9,8,0.6671163466619457,True,19.826426953811026,1.5977723772625845,True,False
249.96,3115,t3115,300,1200.0,28,7,2,0.6659797463055622,False,408.7300268677427,2.702325445298111,False,False
249.99,3116,t3116,120,75.0,62,10,7,0.6808207207063953,True,8.50352002779236,1.2374017639214216,True,True
250.37,3118,t3118,300,250.0,46,6,1,0.6512336643286015,False,88.97075691209088,2.7007616909965777,False,False
250.39,3119,t3119,270,200.0,58,0,1,0.6964052172347625,False,63.65628270742876,2.8016407786442836,False,False
250.4,3120,t3120,80,50.0,70,1,6,0.667072461692907,True,4.77957354945893,0.7685203665459889,True,False
250.54,3121,t3121,170,500.0,52,8,10,0.6693662693723397,False,88.53571853247809,1.8275399413504723,False,False
250.55,3122,t3122,270,900.0,59,10,7,0.6827864881104492,True,257.93348631938494,2.9129625387860174,True,True
250.56,3123,t3123,80,50.0,67,3,4,0.6623351241348534,True,3.244520587438273,0.8799207839285181,True,False
250.64,3126,t3126,270,900.0,22,4,5,0.6875027695360182,False,214.27552518761215,2.7668429173404876,False,False
250.64,3125,t3125,120,75.0,92,9,8,0.6693562015468887,True,7.695456950419365,1.31007279674371,True,False
250.7,3127,t3127,300,1200.0,30,9,10,0.6685207832178246,False,331.778141945096,3.2419789335320366,False,False
250.77,3128,t3128,300,250.0,80,7,5,0.6720114624936852,False,88.76596808945227,2.8145932451249243,False,False
250.77,3129,t3129,220,900.0,25,8,5,0.6634306055228266,False,160.65060694770546,1.9839264099970126,False,False
250.95,3131,t3131,220,900.0,96,3,5,0.679642202210666,False,168.5600923265497,2.114042570400866,False,False
250.95,3130,t3130,120,75.0,53,4,10,0.6852750264296831,True,8.378430511247577,1.1714969950546066,True,False
250.98,3132,t3132,300,1200.0,62,2,4,0.6675261565760923,False,349.55551848239446,3.1485215187859628,False,False
251.08,3133,t3133,300,250.0,77,5,6,0.6503039134664869,True,64.61433435337992,3.1663278549501337,True,False
251.09,3134,t3134,80,50.0,31,3,6,0.6570172816749336,True,3.6415058897369152,0.8131398831630149,True,False
251.09,3135,t3135,300,1200.0,75,6,10,0.657118850137039,False,419.6271339774357,2.845421980643375,False,False
251.21,3136,t3136,80,50.0,96,9,4,0.6625201228587699,True,4.307054365948592,0.8466459038606486,True,False
251.23,3137,t3137,80,50.0,80,5,6,0.6528800170153389,True,3.7703243943611673,0.7553489005469461,True,False
251.3,3138,t3138,170,700.0,78,1,6,0.6691616791257157,False,105.12362822072092,1.6695897024933706,False,False
251.31,3139,t3139,220,150.0,63,3,6,0.6594591178596166,True,36.51077280473906,2.3260057469337787,True,False
251.62,3140,t3140,270,900.0,57,3,6,0.6618521173206061,False,256.2993779302249,2.9220259771876425,False,False
251.65,3142,t3142,80,50.0,62,10,1,0.6699531839682111,True,4.205576671173127,0.7827423554577412,True,False
251.8,3143,t3143,270,200.0,76,6,10,0.6532331398009649,False,56.74733773012058,2.568711851836171,True,False
251.9,3145,t3145,300,250.0,41,0,2,0.693975540302291,False,76.04115728169484,3.074574907045326,False,False
251.92,3146,t3146,270,200.0,55,7,4,0.6799038423020091,True,52.28771924792456,2.8187721287009495,True,False
252.08,3148,t3148,120,75.0,71,4,10,0.6870001925677561,True,8.855137475152716,1.0884027649565722,True,False
252.09,3150,t3150,170,700.0,68,1,5,0.6647616784296057,False,107.92948611523664,1.6183112754197861,False,False
252.09,3149,t3149,270,200.0,46,4,10,0.6886908553830676,False,60.390233920171205,2.527407520813747,False,False
252.23,3151,t3151,80,50.0,24,4,10,0.684173704942073,True,4.272525587628457,0.8077847864084537,True,False
252.66,3153,t3153,270,200.0,51,3,4,0.6646706034703381,False,53.60883036125933,2.7062601282212726,False,False
252.94,3154,t3154,300,1200.0,38,5,1,0.661722256671404,False,369.5640844871395,2.9394043308757833,False,False
253.17,3156,t3156,80,50.0,41,8,2,0.6838176553755833,True,3.4266703948335033,0.8688583243867376,True,False
253.42,3158,t3158,300,250.0,20,4,5,0.6831608959634796,False,86.8358211885361,3.2930013654471875,False,False
253.45,3159,t3159,220,700.0,72,4,8,0.6786197636874717,False,178.11439743138047,2.2339785416647673,False,False
253.54,3160,t3160,220,150.0,79,4,1,0.6772594367748539,True,29.83724679915102,2.262693182928503,True,False
253.65,3161,t3161,270,200.0,33,1,5,0.6607231115276802,False,50.8658464371547,2.8386401860700037,False,False
253.74,3163,t3163,300,250.0,38,7,6,0.6652089520845007,False,75.35679207310942,2.9929914590409683,False,False
253.74,3162,t3162,270,200.0,41,4,1,0.6792964298575387,False,56.250477020842865,2.9539094784205537,False,False
253.75,3164,t3164,120,75.0,60,5,10,0.6566436274097401,False,8.223153716977993,1.1576756115502127,True,False
253.79,3165,t3165,80,50.0,83,0,5,0.6962947787880444,True,4.612560497348242,0.8311028222400975,True,False
253.89,3166,t3166,170,100.0,41,6,10,0.6494251436716122,True,19.504574213027105,1.865752618603533,True,False
254.0,3167,t3167,220,150.0,48,0,6,0.6928776226035013,True,31.264283809491594,2.0899523317031488,True,False
254.01,3168,t3168,220,900.0,59,9,4,0.6647003870682612,False,159.45280697912995,2.193954113529824,False,False
254.09,3169,t3169,170,100.0,48,6,8,0.6680485729651894,True,18.180807424042538,1.8588119602322952,True,False
254.21,3171,t3171,120,75.0,78,9,6,0.6610007997223896,True,9.910031355395859,1.244548410957456,True,False
254.28,3172,t3172,300,1200.0,98,1,6,0.665035112209868,False,353.7483976538913,3.0218060261833872,False,False
254.29,3173,t3173,80,50.0,38,7,4,0.6818879472741507,True,4.260468518927601,0.8115992826457529,True,False
254.52,3175,t3175,270,200.0,99,4,10,0.6859208975098982,True,50.69248588658776,2.4960399850015933,True,False
254.59,3176,t3176,170,100.0,33,8,10,0.6653871258030747,True,20.133020216430975,1.6111652396959886,True,False
254.91,3179,t3179,80,50.0,29,5,1,0.6577444782046425,True,3.6895671879476293,0.8345589328308911,True,False
255.04,3180,t3180,300,1000.0,27,3,5,0.6754575399846345,False,292.0698644252515,3.2669795622412794,False,False
255.09,3181,t3181,170,500.0,22,0,8,0.6942685292454351,False,72.90956396660316,1.5615698680059276,False,False
255.12,3182,t3182,270,200.0,27,5,6,0.6554045984932139,False,45.1978607835239,2.78100078872012,False,False
255.16,3183,t3183,270,900.0,49,9,6,0.6633629655461236,False,205.02497663820597,2.445866730321868,False,False
255.27,3184,t3184,270,200.0,36,2,6,0.6792820508407978,False,49.671358920865245,2.855048147295649,False,False
255.33,3185,t3185,80,50.0,98,1,5,0.6567653159637932,True,3.512967133241472,0.8379346371795567,True,False
255.54,3187,t3187,80,50.0,53,8,5,0.659570175230552,True,4.238162753701965,0.7373726331656599,True,False
255.65,3188,t3188,220,700.0,64,3,4,0.6607853732191132,False,153.50166109532188,2.4080396547542327,False,False
255.67,3189,t3189,300,1200.0,44,4,10,0.6876331462263668,False,393.30905495115746,2.735146523857493,False,False
255.68,3190,t3190,300,250.0,44,6,8,0.6702697833240675,False,60.36783129817189,2.9479937008916632,False,False
255.72,3191,t3191,120,75.0,91,3,5,0.6713565710031236,True,7.631511529736604,1.311721108794173,True,False
255.76,3194,t3194,300,250.0,47,2,6,0.6749530764906485,False,72.93718434010043,3.285132224588564,False,False
255.76,3193,t3193,120,75.0,60,1,6,0.6609910766323372,True,7.963062477518874,1.2256835311720031,True,False
255.78,3195,t3195,170,500.0,21,0,5,0.6977995498789501,False,86.30718106630707,1.6720255242294335,False,False
255.83,3196,t3196,270,1000.0,88,3,4,0.6569778475729128,False,254.94476644898992,2.6042620854646352,False,False
255.94,3197,t3197,80,50.0,92,9,10,0.6645585493716499,True,4.71059969492187,0.7989357514053533,True,False
256.16,3198,t3198,170,500.0,44,7,10,0.6643380602171697,False,101.59814787218274,1.745924800765373,False,False
256.33,3199,t3199,170,700.0,59,3,6,0.6580232567923759,False,134.03810798898425,1.8044409111029167,False,False
256.45,3200,t3200,270,200.0,65,8,2,0.6855719689347383,True,52.77015648509562,2.6602521582657266,True,False
256.54,3201,t3201,300,1000.0,73,7,2,0.6619168180461177,False,343.64443854419244,2.917556399496051,False,False
256.6,3202,t3202,270,900.0,27,10,7,0.684712940166422,True,236.69896957689423,2.5959812325820684,True,True
256.81,3203,t3203,120,75.0,82,4,5,0.6789058598623918,True,8.253315463749384,1.158172166657459,True,False
256.86,3204,t3204,170,100.0,58,8,2,0.6872911962227102,True,18.62941511564221,1.7026443146670833,True,False
256.95,3205,t3205,270,900.0,45,3,10,0.6539560108435287,False,204.935313386131,2.5382058208943907,False,False
257.02,3206,t3206,120,75.0,84,8,2,0.6889760389649227,True,7.583854121416736,1.1935505405768005,True,False
257.05,3207,t3207,300,250.0,40,2,6,0.6707106816275022,False,65.71412831806424,2.9634920702829586,False,False
257.11,3208,t3208,170,700.0,70,4,5,0.6809099244833258,False,105.47369947195186,1.6850942651858443,False,False
257.14,3209,t3209,220,900.0,60,1,5,0.659060676311184,False,159.4154045429543,2.366431686432859,False,False
257.33,3210,t3210,170,700.0,31,2,3,0.6593114809581371,True,109.76619139863361,1.6490795537023897,True,True
257.41,3211,t3211,300,250.0,81,1,6,0.6632019217663572,False,87.09137957763932,3.221908073355387,False,False
257.73,3212,t3212,120,75.0,31,2,4,0.6635838152627523,True,9.1953493533328,1.2313720925636893,True,False
257.85,3213,t3213,300,1200.0,59,4,10,0.6831371499685062,False,360.8218757547907,3.033618924579156,False,False
257.99,3214,t3214,300,1200.0,36,8,10,0.667661565105195,False,419.65081189452604,2.7717377261521277,False,False
258.04,3215,t3215,80,50.0,57,4,5,0.6766999078118411,True,3.7777608476486413,0.7776496175382894,True,False
258.16,3217,t3217,270,200.0,81,10,4,0.6699774206639109,True,46.62444404308861,2.9581619896801774,True,False
258.25,3218,t3218,270,900.0,92,2,6,0.6665531346616188,False,220.39977760138495,2.7121469978947976,False,False
258.28,3219,t3219,220,900.0,93,7,4,0.6838323701468495,False,173.86894109117782,2.1138718268849233,False,False
258.37,3220,t3220,120,75.0,29,0,5,0.6931002255480377,True,10.555702100121822,1.2254990152036511,True,False
258.7,3221,t3221,80,50.0,20,5,6,0.6517046883415315,True,4.519299462450634,0.7856295130784903,True,False
258.73,3222,t3222,220,150.0,54,3,5,0.673511621401243,True,31.365904478149726,2.06580720927713,True,False
258.98,3225,t3225,300,250.0,93,1,5,0.655136129451627,True,66.01984439049579,3.1829107352324475,True,False
259.04,3226,t3226,120,75.0,82,5,1,0.6600202553072164,True,7.295293379540156,1.2783606296616121,True,False
259.28,3227,t3227,270,200.0,49,3,1,0.6537762357137075,False,60.60840135418927,2.5780762426775454,False,False
259.35,3229,t3229,270,200.0,56,10,7,0.6866008631812754,True,53.60601701596019,2.7551998958595187,True,True
259.63,3230,t3230,80,50.0,95,3,4,0.6532464724396363,True,3.8070990656854997,0.8135217165717636,True,False
259.69,3231,t3231,270,1000.0,23,0,5,0.6946688877037436,False,253.2234564520173,2.8724264220967655,False,False
259.79,3233,t3233,270,1000.0,21,3,5,0.6756235707913999,False,223.47011515497437,2.7950165811746097,False,False
259.79,3232,t3232,270,200.0,70,6,1,0.6474656577086962,True,61.27438720543583,2.9231180742496354,True,False
259.9,3234,t3234,220,150.0,33,3,4,0.6557637248090253,False,35.82269132040833,2.1269860875614244,False,False
260.02,3235,t3235,270,200.0,79,3,6,0.6542709734747102,True,50.800329286577664,2.6529418134064873,True,False
260.58,3236,t3236,270,200.0,50,0,1,0.6918852947082491,True,47.85118357247999,2.5596581277629173,True,False
260.66,3237,t3237,270,1000.0,25,6,10,0.6518673074648466,False,273.40996208027633,2.874484602939809,False,False
260.66,3238,t3238,300,250.0,67,5,10,0.6527674215282121,False,81.79418667924166,2.721926663697971,False,False
261.1,3240,t3240,170,700.0,43,0,6,0.6944507368180979,False,110.93567854796963,1.7442113213445976,False,False
261.47,3243,t3243,220,900.0,77,5,4,0.6496777030386874,False,229.73881306533372,2.2466768185671917,False,False
261.8,3244,t3244,80,50.0,48,7,6,0.6613129548609925,True,4.064950354749659,0.8089375291280035,True,False
261.84,3245,t3245,220,700.0,77,6,10,0.6480866279822163,False,157.7917526631615,2.2330334217292087,False,False
261.98,3246,t3246,270,200.0,81,2,3,0.6617074331571561,True,52.544892340485056,2.7264712297076286,True,True
262.12,3247,t3247,270,900.0,27,3,5,0.6715192811937537,False,267.6386963282208,2.768131160900189,False,False
262.2,3248,t3248,270,900.0,67,7,5,0.6679794150619932,False,196.12314474749047,2.445772784684189,False,False
262.44,3250,t3250,170,100.0,96,6,1,0.6499470112211889,True,18.708680685093718,1.8041758033555915,True,False
262.5,3251,t3251,120,75.0,82,9,8,0.6715512593341327,True,8.334705172318106,1.1003109036456602,True,False
262.54,3252,t3252,300,1200.0,22,8,2,0.6906271848522908,False,295.2628470778699,3.2244305793311296,False,False
262.7,3253,t3253,220,700.0,22,8,2,0.6860713078219117,False,141.40903959236496,2.1151832902928422,False,False
262.78,3254,t3254,270,200.0,54,6,1,0.6523787376634319,True,50.33010603748024,2.7330462374859996,True,False
262.8,3255,t3255,300,250.0,45,7,6,0.6636688775819545,False,87.92049293818805,3.2600520657328818,False,False
262.92,3256,t3256,270,200.0,74,3,4,0.6520566321310267,True,56.19525066068578,2.552669822477455,True,False
263.09,3257,t3257,270,1000.0,30,8,2,0.6816065483321402,False,273.9931048971465,2.4647577945431145,False,False
263.14,3258,t3258,220,150.0,61,3,4,0.654597681306588,False,36.67130376399503,2.2967072275428855,True,False
263.15,3259,t3259,170,100.0,81,1,5,0.6574640735292611,True,16.697981908543827,1.8040188015273828,True,False
263.21,3260,t3260,120,75.0,39,5,10,0.6489687397643145,True,10.492643596092446,1.2373935157254663,True,False
263.33,3261,t3261,300,1200.0,75,8,2,0.6772310840321639,False,404.8944140152174,2.8950136863570624,False,False
263.37,3262,t3262,300,250.0,46,10,7,0.6884510277358317,True,72.42568555982726,3.2558423024753074,True,True
263.48,3263,t3263,80,50.0,88,4,1,0.6751186830785697,True,3.846423285588201,0.8094714445908375,True,False
263.61,3264,t3264,220,150.0,78,5,10,0.6514200316356948,True,28.853583837693368,2.305793704718218,True,False
263.61,3265,t3265,270,200.0,79,10,4,0.6720085389172993,True,47.335444661908795,2.6440943788632905,True,False
263.77,3268,t3268,80,50.0,70,9,10,0.6668495602023988,True,4.432822991240432,0.7485370878157422,True,False
263.79,3269,t3269,220,150.0,40,7,4,0.6795639045620944,True,29.957738023567916,2.347193579501414,True,False
263.98,3270,t3270,270,200.0,27,9,8,0.6737024159656319,False,64.01142958057746,2.564874153081138,False,False
264.05,3271,t3271,120,75.0,52,0,1,0.6936297706322659,True,10.543579303415262,1.2246347667138808,True,False
264.05,3272,t3272,170,100.0,50,9,2,0.6608432672122584,False,16.900239215472375,1.7633459443950705,True,False
264.16,3273,t3273,300,1000.0,35,9,8,0.669636549464501,False,327.7551413402465,2.7130713722973443,False,False
264.27,3274,t3274,220,150.0,94,3,4,0.650913909498638,True,35.61798821960065,2.3516365590342296,True,False
264.33,3275,t3275,300,250.0,65,2,4,0.665894320775679,True,61.057921092408,2.7346538390217483,True,False
264.38,3276,t3276,270,200.0,65,6,1,0.6547618295768298,True,64.35727967751596,2.5427367534550163,True,False
264.83,3277,t3277,300,250.0,63,7,10,0.660459480831008,False,73.41267629494814,3.203208542885365,False,False
264.88,3278,t3278,300,1000.0,40,9,8,0.6656520002933929,False,350.8406280592168,2.7293191461655866,False,False
264.9,3279,t3279,220,150.0,57,3,6,0.6567677358233978,True,29.84797634606212,2.009046897122054,True,False
264.91,3280,t3280,300,250.0,45,10,7,0.690264188999297,True,77.65924169661257,2.7905678763241055,True,True
265.0,3281,t3281,270,900.0,95,1,8,0.6447237803556836,False,220.62977890613624,2.690318718462779,False,False
265.19,3282,t3282,220,150.0,60,6,8,0.666272569475768,True,29.715476290085864,2.205784860449477,True,False
265.27,3283,t3283,300,1000.0,58,4,5,0.6787480914737861,False,349.4642659334482,2.8900840714171006,False,False
265.37,3284,t3284,170,100.0,64,2,4,0.6681586161783474,True,17.80959803573486,1.7626669028086273,True,False
265.42,3285,t3285,270,200.0,55,3,6,0.6592145629251117,False,62.29768683756176,2.6787985946888475,False,False
265.46,3286,t3286,300,250.0,87,7,5,0.6640280085789351,True,84.53285768052358,3.283689935635315,True,False
265.55,3287,t3287,220,150.0,99,7,4,0.6815548082890343,True,36.10983762928177,2.286980601454604,True,False
265.75,3288,t3288,120,75.0,43,7,4,0.6835058939414355,True,10.739334888875078,1.1117368730138857,True,False
266.0,3289,t3289,270,1000.0,83,8,2,0.6729431290181874,False,306.5184035972491,2.934174478086947,False,False
266.04,3290,t3290,300,1000.0,96,5,1,0.6622505168677387,False,268.5784820667038,3.0329008479243846,False,False
266.1,3291,t3291,300,1000.0,34,2,3,0.6640554663121948,True,273.3411289532337,2.866626146078461,True,True
266.17,3292,t3292,170,100.0,59,1,6,0.6591945499976967,True,19.799889749051232,1.7651688127174883,True,False
266.2,3293,t3293,300,1200.0,30,3,4,0.6534778131268472,False,413.90923876755335,3.192975893710842,False,False
266.32,3295,t3295,170,100.0,82,5,1,0.6582621731970507,True,15.377062280070911,1.6265276045824086,True,False
266.56,3296,t3296,120,75.0,75,0,4,0.6919523719998144,True,9.430576262891378,1.2966869176959102,True,False
266.58,3297,t3297,300,250.0,90,10,4,0.6739990348056201,True,69.42110544374883,2.909484264902651,True,False
266.63,3298,t3298,120,75.0,91,9,10,0.6690947508165326,True,7.91114030657357,1.2229152347994765,True,False
266.69,3299,t3299,300,250.0,87,4,10,0.6787310736358027,True,80.37226430421154,3.02611354636517,True,False
266.92,3301,t3301,300,250.0,88,4,1,0.6771984912351802,True,81.59452933379747,3.2104288914154155,True,False
267.01,3302,t3302,80,50.0,68,8,10,0.6637165156212729,True,4.038562716931532,0.8643594836182553,True,False
267.06,3303,t3303,220,150.0,83,9,10,0.6712950376183837,True,27.02756697398904,2.126157995841008,True,False
267.17,3305,t3305,300,250.0,79,7,5,0.6663296302255383,True,72.44638001655154,3.275399476586693,True,False
267.35,3306,t3306,220,700.0,48,10,7,0.6920410870374928,True,147.44492042880225,2.314558385556278,True,True
267.63,3307,t3307,300,1000.0,66,3,1,0.6501088928176152,False,295.8525993718769,3.0904717860086937,False,False
267.64,3308,t3308,270,200.0,88,6,10,0.6443815620892387,True,44.23057805572056,2.496295497083966,True,False
267.66,3309,t3309,170,100.0,55,7,6,0.6598036818484972,True,19.94467591563046,1.8251369415872762,True,False
267.83,3311,t3311,220,900.0,76,10,4,0.6759497207761743,False,229.5706807532231,2.128369534381951,False,False
267.91,3312,t3312,220,900.0,37,8,5,0.6619609535441228,False,219.66201741830264,2.1035793868249453,False,False
268.03,3313,t3313,120,75.0,90,7,5,0.6685852194392093,True,9.855789915732078,1.188878931094384,True,False
268.1,3314,t3314,220,150.0,31,8,5,0.6581299162914221,True,30.037271621067212,2.0411351857885474,True,False
268.33,3315,t3315,270,200.0,36,3,5,0.6674970773880605,False,63.60468380554314,2.9068630496007626,False,False
268.43,3316,t3316,300,250.0,40,9,4,0.6606630459935626,False,83.64503718746592,3.037230541343848,False,False
268.47,3317,t3317,120,75.0,36,5,10,0.6538222976696476,True,10.068298984248596,1.3114289624936342,True,False
268.51,3318,t3318,80,50.0,81,1,5,0.6597454587253425,True,3.3488707735731795,0.8405686974173867,True,False
268.68,3319,t3319,300,250.0,28,9,10,0.6734513186841978,False,71.01487548930471,3.209839739327195,False,False
268.69,3320,t3320,300,250.0,40,10,4,0.6716873930273175,False,86.96909087745607,2.7090620214899044,False,False
268.76,3321,t3321,270,200.0,43,4,1,0.6792367032286584,False,53.998931255563676,2.804765523580906,False,False
268.76,3322,t3322,120,75.0,49,3,6,0.6554384534847912,True,9.349542219141254,1.1627297188361323,True,False
268.84,3323,t3323,80,50.0,97,2,3,0.6663565388041328,True,3.7969537381737553,0.8139892341909688,True,True
269.14,3325,t3325,120,75.0,96,9,10,0.6693904741286957,True,10.79229758993517,1.155066484172008,True,False
269.2,3326,t3326,270,900.0,66,4,5,0.6745813114624922,False,267.07552710915866,2.6377253938644136,False,False
269.43,3328,t3328,80,50.0,44,5,1,0.6605275963997762,True,3.268506006555107,0.7988823346192833,True,False
269.48,3329,t3329,220,700.0,29,0,1,0.6953393570378025,False,171.34959442165933,2.3252174229322478,False,False
269.65,3331,t3331,270,200.0,42,7,5,0.670795696868607,False,46.6048576356589,2.9092331811401957,False,False
269.74,3332,t3332,270,200.0,71,3,6,0.6579118662332772,True,51.695095558581826,2.5610153670915548,True,False
269.75,3333,t3333,170,500.0,65,7,6,0.662189790029709,False,81.8948732274038,1.81427809787093,False,False
269.87,3334,t3334,270,1000.0,52,5,10,0.6561765183829213,False,240.0295200130578,2.8313781114521794,False,False
269.95,3336,t3336,220,150.0,45,8,2,0.6687409331044903,True,30.748307983102492,2.161496966697512,True,False
269.99,3337,t3337,270,200.0,93,10,7,0.6937824471149246,True,56.24006975761127,2.9451199028024075,True,True
270.23,3338,t3338,220,150.0,76,7,5,0.6667879647494167,True,35.450743183250445,2.3196764336485116,True,False
270.29,3339,t3339,270,200.0,76,7,4,0.6854179578807885,False,48.73571826049565,2.9152323357386756,True,False
270.36,3340,t3340,300,250.0,97,6,10,0.6469245975141206,True,66.04456329216714,3.11854305752705,True,False
270.37,3341,t3341,120,75.0,89,0,4,0.6935439912264848,True,7.742613397224202,1.0968823444006754,True,False
270.66,3344,t3344,80,50.0,65,1,5,0.6619812162175024,True,4.270875355499615,0.8770023837033455,True,False
270.71,3346,t3346,220,150.0,59,9,6,0.6595038880533829,True,33.905985507312984,2.3307658305517123,True,False
270.72,3347,t3347,270,900.0,36,4,1,0.675060150982267,False,232.59060791607368,2.9557711243213713,False,False
270.82,3348,t3348,80,50.0,83,5,6,0.6542527763928826,True,3.2984738424825526,0.8695017176452962,True,False
270.83,3349,t3349,170,100.0,43,9,8,0.6617471421057067,True,13.881346428041063,1.8493980453253474,True,False
270.87,3350,t3350,270,900.0,81,0,5,0.6900321766163354,False,259.08965471380395,2.9053798073245374,False,False
270.91,3351,t3351,120,75.0,67,1,5,0.664172258559819,False,10.206214739224626,1.122936259234856,True,False
270.92,3352,t3352,270,200.0,77,9,10,0.6715848464643036,True,53.47072971430857,2.9336017535127588,True,False
270.95,3353,t3353,170,500.0,72,0,4,0.6951037780686218,False,92.83587832782729,1.7007181140522876,False,False
271.11,3355,t3355,220,150.0,53,0,6,0.6898183887484027,True,34.55015968043616,2.070221806866742,True,False
271.36,3357,t3357,270,1000.0,31,5,1,0.6627477111384474,False,310.0406212361787,2.565890139860271,False,False
271.38,3358,t3358,220,150.0,83,7,4,0.6811177805413545,True,28.54045581313723,2.283385259166614,True,False
271.59,3359,t3359,220,900.0,25,9,8,0.6640943810817744,False,192.538392067602,2.0967375459384474,False,False
271.66,3360,t3360,220,150.0,75,6,1,0.6570972596519599,False,34.78686487198904,1.9846114967608852,True,False
271.67,3361,t3361,120,75.0,66,4,8,0.6743040350803889,True,7.239721667114231,1.183677490710453,True,False
271.71,3362,t3362,270,200.0,48,2,4,0.6703776256729622,False,50.91057988473463,2.6243614239383954,False,False
271.8,3363,t3363,220,900.0,23,10,1,0.6718565818273083,False,201.2198741654363,2.153216465508223,False,False
271.85,3364,t3364,170,100.0,80,9,10,0.6737353313531994,True,17.95196921789844,1.7901502344561233,True,False
271.94,3365,t3365,220,150.0,80,4,10,0.6805871188297533,True,29.10036608507306,2.1459432976336736,True,False
271.96,3366,t3366,170,100.0,98,8,2,0.6707967811090672,True,15.114696643108724,1.8608155692295434,True,False
272.06,3367,t3367,80,50.0,77,1,8,0.6409577662870314,True,3.39360986407978,0.778777885221882,True,False
272.11,3369,t3369,220,150.0,99,5,1,0.6587494235823451,True,33.8666814037002,2.098698243271055,True,False
272.22,3370,t3370,270,200.0,41,0,1,0.6908407517152282,False,53.481135884969575,2.684948828981645,False,False
272.31,3371,t3371,80,50.0,24,10,7,0.695488979990808,True,3.845396790529088,0.7973827391137227,True,True
272.33,3372,t3372,120,75.0,66,1,8,0.6434410724997524,True,9.84576248247203,1.304513482689886,True,False
272.55,3375,t3375,120,75.0,50,4,8,0.6762486210454478,False,10.600801973400937,1.1524124367938102,True,False
272.75,3377,t3377,220,150.0,59,5,10,0.6523096546819296,True,30.602829062216998,2.0277857681076386,True,False
272.83,3378,t3378,120,75.0,76,2,3,0.668611589846232,True,9.51575580446935,1.1944036352122716,True,True
272.85,3379,t3379,270,900.0,28,6,10,0.6494167722305048,False,280.8342687530079,2.469877659323643,False,False
272.91,3381,t3381,270,900.0,42,8,5,0.6605494997837755,False,215.61134350785784,2.7592373089638094,False,False
272.96,3382,t3382,220,900.0,59,3,6,0.6603358107267935,False,164.3214502610796,2.188031806707655,False,False
273.15,3383,t3383,80,50.0,90,10,6,0.6682464058972039,True,3.7922932948810155,0.84412706739038,True,False
273.16,3384,t3384,80,50.0,72,4,10,0.6824060431198249,True,3.8493056404103525,0.8057919151930606,True,False
273.24,3386,t3386,270,1000.0,71,4,6,0.6739310969560983,False,234.18728170118595,2.440538235156512,False,False
273.3,3387,t3387,170,100.0,44,8,10,0.6660243671270293,True,18.545890850873047,1.5798594163962882,True,False
273.3,3388,t3388,170,500.0,74,2,4,0.6663782549776848,False,94.45705992539924,1.747779556463054,False,False
273.43,3390,t3390,220,900.0,55,2,4,0.6624588716963129,False,198.8064264069827,2.078373030618211,False,False
273.55,3392,t3392,220,900.0,60,2,6,0.6624787386350531,False,236.1475215609345,2.315361931695831,False,False
273.62,3393,t3393,220,900.0,44,1,6,0.6614413256644094,False,208.82626107320138,2.0782223299017644,False,False
273.89,3395,t3395,220,700.0,83,0,8,0.6895116201989882,False,138.31755598387014,2.082404081064739,False,False
273.92,3396,t3396,270,200.0,24,6,8,0.6685292999044344,False,45.61502432640776,2.4412944280084954,False,False
273.93,3397,t3397,300,250.0,53,3,6,0.6565372763304395,False,68.60759413322643,3.297889786777727,False,False
273.95,3398,t3398,220,150.0,26,1,5,0.6601454800552893,False,32.71845100946748,2.0771089055589886,False,False
274.07,3399,t3399,170,100.0,86,7,6,0.6583541760472967,True,20.295036566265257,1.6499623898423537,True,False
274.13,3400,t3400,220,900.0,99,7,4,0.6830776067487093,False,225.65002434495779,2.1150844608050727,False,False
274.19,3401,t3401,300,250.0,65,7,6,0.6607692743445326,False,88.11584606646213,2.780323059411683,False,False
274.2,3402,t3402,80,50.0,37,9,8,0.6602206752783207,False,3.6703421009608213,0.7446782013313398,True,False
274.29,3403,t3403,120,75.0,61,5,1,0.6610051017773649,True,8.324023850521096,1.1919860982438721,True,False
274.31,3404,t3404,170,700.0,64,2,3,0.6708215398674892,True,122.53077844723548,1.737207923070274,True,True
274.35,3405,t3405,270,200.0,30,10,6,0.6703121444459265,False,59.22682781827624,2.5930233488484995,False,False
274.37,3406,t3406,270,200.0,98,2,4,0.6586178760805684,True,60.69246418302311,2.6263905758878026,True,False
274.44,3407,t3407,300,250.0,55,1,5,0.6561992371208502,False,89.34634796095857,3.141884349545535,False,False
274.49,3408,t3408,170,500.0,93,9,5,0.6593822872677587,True,88.59589401159435,1.6300806189356236,True,False
274.51,3409,t3409,170,100.0,32,1,8,0.6458747125882189,True,15.68776391986568,1.7603970016369253,True,False
274.56,3410,t3410,170,100.0,81,9,10,0.6758428065443173,True,20.132482437232703,1.637301927207424,True,False
274.59,3411,t3411,300,1200.0,72,6,10,0.6456851034525614,False,334.8591660426741,2.9272140999410086,False,False
274.74,3412,t3412,270,200.0,75,9,5,0.6616253081890703,False,47.084212957619066,2.7838086699922844,True,False
274.8,3413,t3413,220,150.0,46,9,5,0.6576494686919555,True,32.595676960909906,2.2580145270650336,True,False
274.87,3414,t3414,170,100.0,75,5,1,0.6632156664084843,True,16.741195172180518,1.6543367903760355,True,False
274.93,3415,t3415,300,250.0,25,5,6,0.6567499026832068,False,80.29365345322186,3.1881840764668605,False,False
274.95,3416,t3416,300,250.0,66,3,10,0.6500053521651197,False,83.68417562743866,2.7494968945227303,False,False
275.06,3418,t3418,300,250.0,93,0,4,0.690458369173916,True,79.04055987972815,2.965202485791135,True,False
275.29,3421,t3421,170,100.0,31,2,3,0.6729872908883212,True,16.248100798692814,1.7076558336391974,True,True
275.29,3422,t3422,80,50.0,76,4,2,0.6737619748788783,True,4.049292061037768,0.7802280582544815,True,False
275.31,3423,t3423,270,200.0,89,7,2,0.657935148351862,True,55.98872741803399,2.941494732795759,True,False
275.46,3424,t3424,220,150.0,50,6,8,0.6645668957245275,False,30.294330686394318,2.3719613325858817,True,False
275.58,3425,t3425,220,150.0,85,0,4,0.6920798684571045,True,33.98215447757956,2.022397706650556,True,False
275.62,3426,t3426,300,250.0,69,2,4,0.6610277003771389,True,63.127282824657044,2.819744747279768,True,False
275.89,3428,t3428,80,50.0,37,3,5,0.6635553176584811,True,4.061051343710562,0.7478094330144809,True,False
276.02,3429,t3429,300,250.0,42,1,6,0.6574691658177879,False,83.64770781426589,3.1143747627611997,False,False
276.12,3431,t3431,270,900.0,21,9,6,0.6618959921104971,False,290.77991827861536,2.8682005687962695,False,False
276.14,3433,t3433,270,1000.0,78,10,1,0.6675479117292238,False,224.05745548728888,2.881922295365253,False,False
276.2,3434,t3434,80,50.0,92,4,2,0.6758689171994826,True,4.745109399106504,0.8510694344431633,True,False
276.33,3435,t3435,220,700.0,62,3,6,0.6528147126220124,False,184.0730727602996,1.9809680796996607,False,False
276.44,3437,t3437,170,100.0,77,1,6,0.6535764491680988,True,16.382829668580563,1.5969243891595017,True,False
276.53,3438,t3438,120,75.0,45,5,10,0.6546941282549577,True,9.043107765027765,1.168861771468262,True,False
276.57,3439,t3439,170,100.0,99,0,6,0.6914526876401014,True,19.948937172412293,1.6983174129518932,True,False
276.65,3441,t3441,80,50.0,81,1,8,0.6482596798749161,False,3.546314600282883,0.7285988294347796,True,False
276.72,3442,t3442,120,75.0,85,6,10,0.6420280680501768,True,8.9072184006135,1.2316821730516812,True,False
276.75,3443,t3443,270,200.0,54,3,6,0.649166600187754,True,48.99893014087393,2.657863253490968,True,False
276.95,3445,t3445,270,200.0,26,1,6,0.6559355868514035,False,63.61712673186235,2.6270634070911822,False,False
277.16,3447,t3447,120,75.0,49,10,7,0.6971613822091737,False,23.497299700646114,2.3033568007766076,False,True
277.43,3448,t3448,220,150.0,33,9,5,0.659927145984783,False,33.21850335858462,2.3551063447306144,False,False
277.47,3449,t3449,220,900.0,31,4,8,0.6719803152912055,False,206.40113910455332,2.318982808040948,False,False
277.52,3450,t3450,170,100.0,32,4,2,0.6779337206736747,True,19.67202749915164,1.83293385509883,True,False
278.41,3454,t3454,120,75.0,38,4,10,0.6841885889240952,True,10.602317653408315,1.20523623972781,True,False
278.56,3455,t3455,170,100.0,82,5,6,0.6530230864477244,True,15.547702710786186,1.7237356880262145,True,False
278.91,3456,t3456,120,75.0,60,9,10,0.6779081322316126,True,9.08039280427366,1.2617675653477696,True,False
279.07,3457,t3457,80,50.0,75,10,4,0.6675103118334378,True,3.363007942761775,0.8318124698072987,True,False
279.12,3458,t3458,270,900.0,46,2,4,0.663389328187778,False,221.14187479050935,2.770816267991579,False,False
279.13,3459,t3459,220,150.0,35,7,2,0.6602071120514914,True,32.20126752426393,2.371187909371543,True,False
279.14,3460,t3460,80,50.0,62,10,2,0.6681282175541645,True,3.7911478921263195,0.829545402070385,True,False
279.18,3461,t3461,170,700.0,67,6,1,0.6532119811255873,False,102.1589586027415,1.6808183766253708,False,False
279.27,3463,t3463,220,700.0,70,5,1,0.6653820197469813,False,167.97405406213113,2.2960737406304355,False,False
279.49,3464,t3464,170,500.0,64,5,6,0.6555448065369518,False,79.40942423299275,1.8570420251027504,False,False
279.5,3465,t3465,220,900.0,91,4,1,0.6709671297808034,False,190.33192427937652,2.1837811101134266,False,False
279.62,3467,t3467,270,200.0,23,2,3,0.6751097268887366,True,52.29933328986672,2.554510411201605,True,True
279.65,3468,t3468,220,150.0,31,10,4,0.6695907722634357,False,31.53384588528172,2.2848049250873492,False,False
279.72,3469,t3469,270,200.0,49,7,5,0.6690343872726101,False,52.642343045813675,2.5069820854574822,False,False
279.75,3470,t3470,220,150.0,88,10,8,0.6668960836324412,True,38.361130413016596,2.032688490182877,True,False
279.8,3471,t3471,270,200.0,91,1,6,0.652073541781042,False,64.23106666054598,2.4719440798901675,True,False
280.17,3473,t3473,120,75.0,61,5,10,0.6570309123565251,True,8.863597515823505,1.1484795250000601,True,False
280.24,3474,t3474,120,75.0,46,5,1,0.6613310460187084,True,10.325080054273016,1.2752977666264727,True,False
280.39,3475,t3475,300,250.0,94,6,1,0.6494044081697423,True,68.2804515091497,2.7016264852751903,True,False
280.53,3477,t3477,170,100.0,54,1,8,0.6444229478158792,True,19.2217263953253,1.7257614909567474,True,False
280.74,3478,t3478,170,700.0,45,5,1,0.6635350917650008,False,130.99083612234762,1.7207550292154843,False,False
280.93,3479,t3479,220,700.0,37,0,2,0.6895042113144271,False,153.70344529311623,2.3612288837309596,False,False
281.03,3480,t3480,220,150.0,75,8,5,0.6567466916062817,True,35.34836335988119,2.0935098832221213,True,False
281.06,3481,t3481,220,900.0,95,9,2,0.6567548634064748,False,222.20592010520195,2.203597952815437,False,False
281.23,3483,t3483,220,150.0,44,5,6,0.6518420922243946,True,27.168843677609946,2.0925603915814626,True,False
281.23,3482,t3482,270,900.0,53,9,10,0.6799321514051623,False,257.9375861962594,2.587653500171966,False,False
281.34,3484,t3484,270,900.0,77,1,8,0.6468369503980231,False,215.3710780915318,2.5741374145576836,False,False
281.41,3485,t3485,270,200.0,56,9,4,0.6567064517403581,False,56.50438384306614,2.867005733590469,False,False
281.64,3487,t3487,300,250.0,68,2,3,0.6771897141691436,False,161.63535868866984,6.34605403929244,False,True
281.74,3488,t3488,270,200.0,30,0,4,0.693668937754629,False,46.97871681553384,2.839442820610619,False,False
281.86,3489,t3489,300,250.0,47,8,2,0.6728115121535525,False,72.82038254413429,2.7376389629696627,False,False
282.0,3491,t3491,80,50.0,92,2,3,0.6615881017039426,False,12.604493253934251,2.3008419537958154,False,True
282.11,3493,t3493,80,50.0,70,5,1,0.6595210565963675,True,4.006095583877088,0.8558503779427972,True,False
282.11,3492,t3492,170,100.0,29,5,1,0.6617613021311067,True,18.086508252211825,1.5897322005483978,True,False
282.21,3494,t3494,300,250.0,31,7,4,0.6788242364319169,False,87.9503694516899,2.97131897690991,False,False
282.28,3495,t3495,120,75.0,64,0,6,0.6930543005539659,True,10.673905539625897,1.1610067953258993,True,False
282.36,3497,t3497,220,150.0,58,9,6,0.6580662540864689,True,28.221735950177948,2.2018648255372555,True,False
282.52,3498,t3498,220,700.0,73,2,9,0.6541258051577852,False,337.3826427825588,5.288556294430115,False,True
282.63,3499,t3499,270,200.0,40,6,1,0.6518469866730141,False,61.02391003218314,2.468576415641221,False,False
282.77,3501,t3501,220,700.0,40,9,10,0.6757416901952408,False,179.1338310263637,2.0181761064206665,False,False
282.77,3500,t3500,270,1000.0,57,1,6,0.6482887376120879,False,307.03196335106213,2.959403867134472,False,False
282.87,3502,t3502,270,200.0,60,8,5,0.659193939592338,True,56.14221130980614,2.8779474429643854,True,False
282.96,3503,t3503,220,150.0,60,3,5,0.6658663931234933,True,30.97663321164711,2.042788911029762,True,False
283.01,3504,t3504,270,200.0,32,3,5,0.6681312470792052,False,50.94120449282762,2.852523896782856,False,False
283.08,3505,t3505,80,50.0,76,8,10,0.6682860616026706,True,3.5763007880606814,0.8295491177436768,True,False
283.27,3508,t3508,300,250.0,27,4,10,0.6859354838122799,False,79.3950531211996,2.7265945952547668,False,False
283.37,3509,t3509,270,1000.0,26,4,2,0.6799572280783831,False,322.3771433265786,2.600175092101467,False,False
283.67,3512,t3512,80,50.0,81,7,2,0.6624336364771283,True,3.769824583201145,0.7431787164978096,True,False
283.71,3513,t3513,170,100.0,20,6,8,0.6606837396282188,True,14.139429800340126,1.8240932583343128,True,False
283.78,3514,t3514,300,250.0,36,5,10,0.6593209607760614,False,88.70903340012597,2.795913777859128,False,False
283.84,3515,t3515,220,900.0,33,0,1,0.6864321184991055,False,166.59915731156275,2.126203625462115,False,False
283.87,3516,t3516,300,250.0,49,4,10,0.6814734408027009,False,77.19683336635269,2.8257686179909074,False,False
284.01,3518,t3518,170,500.0,72,5,10,0.6553912082272068,False,92.8221706596153,1.7980589608629345,False,False
284.06,3519,t3519,170,100.0,70,1,5,0.6523319190450998,True,17.750424454223307,1.7332191779709551,True,False
284.07,3520,t3520,270,1000.0,27,1,8,0.6430286729285242,False,277.6008184737377,2.7504487842554632,False,False
284.09,3521,t3521,270,1000.0,52,1,5,0.6547159473308645,False,224.60619362926298,2.7013108313560648,False,False
284.12,3522,t3522,170,100.0,46,9,10,0.6716350382095179,True,18.7642388004398,1.8081223149497752,True,False
284.29,3523,t3523,300,250.0,97,2,4,0.6595297234422042,True,60.50952751885702,3.1991741695794804,True,False
284.3,3524,t3524,80,50.0,34,9,8,0.6564244435909362,True,3.9527058693492725,0.7951393107028987,True,False
284.42,3526,t3526,170,100.0,90,10,2,0.6700681147415428,True,17.359316280407132,1.7877641870175662,True,False
284.42,3525,t3525,270,200.0,58,6,1,0.6480667136062205,True,51.252945199055475,2.870420916411485,True,False
284.44,3527,t3527,300,250.0,83,6,1,0.6505360460007628,True,66.30554968801455,2.7105987637775946,True,False
284.48,3528,t3528,220,900.0,38,6,8,0.6630522466538362,False,188.99734784410475,2.0076900569655463,False,False
284.52,3529,t3529,270,200.0,41,0,6,0.6946238812095533,False,50.5015253631279,2.4462244695151276,False,False
284.74,3532,t3532,220,150.0,52,3,6,0.6517654500021808,True,31.884245066938046,2.268450611823566,True,False
284.79,3533,t3533,170,700.0,99,10,7,0.682042336383172,False,280.84624706021066,4.759077329142895,False,True
284.82,3534,t3534,220,150.0,38,5,1,0.6639567427551514,True,37.40716854121702,1.9836950550824148,True,False
284.86,3535,t3535,220,700.0,27,7,5,0.6650618813453397,False,134.23065260963884,2.390577954318356,False,False
284.9,3536,t3536,220,150.0,87,2,6,0.6584858305290188,True,33.85970988216543,2.0143652097397693,True,False
285.06,3537,t3537,120,75.0,25,8,10,0.6705025221887989,True,10.557888104936131,1.1644421203398734,True,False
285.08,3538,t3538,300,1200.0,97,0,5,0.6854881997506755,False,416.18464875486603,2.988447597926001,False,False
285.11,3539,t3539,170,500.0,62,10,8,0.6691403437779743,False,75.69958343812837,1.839217949661843,False,False
285.34,3540,t3540,270,1000.0,78,5,1,0.666108274566715,False,322.3890699848538,2.681546830601363,False,False
285.4,3541,t3541,300,250.0,69,0,2,0.6851223089063204,False,70.293912447014,3.199439375077387,False,False
285.55,3542,t3542,300,250.0,30,0,8,0.6848498493334698,False,68.53314933823903,3.2180986030318444,False,False
285.58,3543,t3543,170,100.0,23,9,10,0.6737845192635094,True,14.4311881912609,1.5465047015995526,True,False
285.61,3544,t3544,300,1200.0,47,7,2,0.6646156304142524,False,390.0644731916565,2.9583245109172713,False,False
285.62,3545,t3545,120,75.0,77,4,2,0.6757662653349973,True,10.100389936987998,1.2799655904537517,True,False
285.69,3546,t3546,300,250.0,98,9,8,0.6588781365372992,True,86.34606613875653,3.001775740016816,True,False
285.82,3547,t3547,80,50.0,73,1,5,0.6508782950509139,True,3.507355330978948,0.8094860418082626,True,False
285.83,3548,t3548,270,900.0,57,6,10,0.6446181733558399,False,204.9521660031712,2.5857695978107995,False,False
285.89,3550,t3550,270,200.0,45,0,4,0.6890522256662032,False,53.663787066428924,2.9230795235433984,False,False
285.96,3551,t3551,170,700.0,64,0,4,0.6845278478195457,False,142.2919525447412,1.5859268162177786,False,False
286.12,3552,t3552,170,100.0,25,3,6,0.654312322820319,True,18.378272329541304,1.5899297878240972,True,False
286.12,3553,t3553,300,250.0,35,8,10,0.6726746535632048,False,64.9886762828002,3.157348994661458,False,False
286.25,3554,t3554,80,50.0,29,10,2,0.6719692139851734,True,3.2546026385826585,0.7823541699897849,True,False
286.26,3555,t3555,170,100.0,84,5,1,0.6620427757420474,True,17.633460878140937,1.866460239973937,True,False
286.28,3557,t3557,170,100.0,81,1,5,0.6532913958165623,True,18.5062064825852,1.6933555094381867,True,False
286.4,3558,t3558,170,100.0,32,9,6,0.6604871108229214,True,17.38083944137337,1.6176743328111867,True,False
286.53,3559,t3559,80,50.0,70,1,6,0.6445796295265128,True,3.2630363821988233,0.8076318941256293,True,False
286.56,3560,t3560,270,1000.0,72,2,5,0.6536617524454443,False,296.36468975476436,2.7853284692759956,False,False
286.68,3562,t3562,220,150.0,83,6,8,0.6591993835389413,True,28.472786289960588,2.2282290917342,True,False
286.72,3563,t3563,270,200.0,36,0,1,0.6821116579473051,False,47.32896154047373,2.481699915422591,False,False
286.95,3565,t3565,170,100.0,20,6,10,0.6409824765553899,True,16.530546972655063,1.6553073362693962,True,False
287.03,3567,t3567,220,150.0,88,7,2,0.660579984472634,True,31.626080033805113,2.090842385736078,True,False
287.03,3566,t3566,220,900.0,47,6,10,0.6435934936909488,False,169.3776268663703,2.0856285842972935,False,False
287.09,3569,t3569,80,50.0,55,4,2,0.6778331218464791,True,4.268882599780471,0.7580930710152824,True,False
287.14,3570,t3570,300,250.0,97,2,4,0.6619213107915419,True,77.00349069395799,3.0898393863230087,True,False
287.2,3571,t3571,170,100.0,39,1,5,0.6556562345668976,True,19.494153052245817,1.848415237836064,True,False
287.28,3573,t3573,300,250.0,37,8,5,0.661592242618673,False,88.54181844739868,3.213995374840288,False,False
287.35,3574,t3574,300,1000.0,68,10,6,0.6661625682236746,False,331.06423462178094,2.862132373622054,False,False
287.36,3575,t3575,220,150.0,87,8,10,0.6686293423101225,True,28.910833533486482,2.2322335559991147,True,False
287.41,3576,t3576,300,250.0,87,9,8,0.6612827556247352,True,69.81032823375308,2.9968479164492203,True,False
287.45,3577,t3577,220,150.0,61,5,10,0.6515400507293293,True,39.240077812251585,2.0170914863061493,True,False
287.48,3578,t3578,270,200.0,95,1,5,0.6579737765422263,True,44.691506974753885,2.7634336988271953,True,False
287.49,3580,t3580,170,100.0,53,6,1,0.6529559917474141,True,15.578915625704703,1.6618587526504252,True,False
287.59,3582,t3582,300,250.0,65,7,4,0.6746559335214605,False,86.15211891154543,3.0651071274328627,False,False
287.63,3583,t3583,80,50.0,61,0,5,0.6810351024223286,True,4.602841777524638,0.7279293056659428,True,False
287.88,3585,t3585,270,200.0,67,4,10,0.6771006386533136,True,54.64716945788095,2.6245426964031653,True,False
287.94,3586,t3586,120,75.0,76,8,10,0.6708389372821019,True,9.334309283534138,1.23909953186641,True,False
288.17,3587,t3587,120,75.0,26,5,10,0.6539399163814094,True,8.964868831143374,1.1731019562038671,True,False
288.26,3588,t3588,170,700.0,64,7,4,0.6705709966692129,False,140.53740560666498,1.6015467837669468,False,False
288.33,3589,t3589,220,150.0,93,3,5,0.664176803955803,True,27.332909563898166,2.0627539009444495,True,False
288.38,3590,t3590,270,200.0,95,7,5,0.6611688255366147,True,64.42940816915944,2.9288011376099807,True,False
288.7,3592,t3592,220,150.0,38,5,6,0.6543874321980885,True,29.634501197719356,2.299633676629823,True,False
288.73,3593,t3593,170,500.0,36,1,8,0.6392965610084154,False,99.76508106047156,1.774321185687653,False,False
288.88,3595,t3595,220,150.0,75,2,4,0.6642650663938929,True,33.8908710538706,2.1699713983069304,True,False
289.16,3597,t3597,170,100.0,54,7,2,0.662799051449848,True,15.030545823280686,1.7332963482638406,True,False
289.33,3599,t3599,80,50.0,41,6,8,0.6615975776863443,True,4.763331984481798,0.8385460933463401,True,False
289.44,3601,t3601,300,250.0,58,7,2,0.6649737370875176,False,69.7235416057946,2.709500977178309,False,False
289.46,3602,t3602,300,250.0,23,0,5,0.6828450670405487,False,67.13098221623575,2.818944983723116,False,False
289.47,3603,t3603,170,100.0,78,4,2,0.6798586412277313,True,19.15755427766569,1.6207861604464116,True,False
289.48,3604,t3604,270,200.0,72,7,4,0.6665677585540105,True,57.587868922141844,2.453945801587507,True,False
289.6,3605,t3605,80,50.0,50,0,8,0.6802813138852621,True,4.356600562374156,0.7825937416057731,True,False
289.61,3607,t3607,170,700.0,82,3,5,0.6664754496948687,False,102.03925883838836,1.6686553908039776,False,False
289.61,3606,t3606,120,75.0,24,1,5,0.6602449676780485,True,10.327114231377985,1.3141915030941929,True,False
289.64,3608,t3608,170,100.0,55,1,6,0.6471187036026492,True,20.34494455924297,1.5975442266633089,True,False
289.66,3609,t3609,220,150.0,65,5,6,0.6568818653723085,True,31.842588131541486,2.4082082556245936,True,False
289.83,3611,t3611,80,50.0,42,1,6,0.6496069961972629,True,4.589503064901617,0.7457977794349978,True,False
289.92,3612,t3612,220,900.0,70,3,5,0.6625541225191532,False,229.5433881642066,2.392690363291979,False,False
289.94,3613,t3613,300,250.0,62,2,4,0.6665619468841969,False,66.15186632874888,3.0841133671610805,False,False
290.24,3614,t3614,220,700.0,20,9,8,0.6636392823304222,False,131.30892342408305,2.3164449677268983,False,False
290.27,3615,t3615,270,200.0,99,2,5,0.6499966992147171,True,51.374414839776,2.4626596715848748,True,False
290.28,3616,t3616,300,250.0,71,2,5,0.6525789470486046,False,73.19408812902856,2.771288737963867,False,False
290.42,3617,t3617,220,150.0,56,9,10,0.675891010696421,False,38.104290207091616,2.18957543525793,True,False
290.63,3618,t3618,80,50.0,51,5,10,0.6562917847204478,True,4.293384754645576,0.8308645187722963,True,False
290.64,3619,t3619,170,500.0,86,0,8,0.6819781491460184,True,75.80357582507312,1.8026523499984954,True,False
290.66,3620,t3620,270,200.0,96,0,6,0.6899880702520289,True,51.42884472410961,2.624872782713894,True,False
290.69,3621,t3621,120,75.0,60,5,1,0.6642325868938731,True,8.463110240167143,1.1029336056860386,True,False
290.72,3622,t3622,220,900.0,29,7,2,0.660930929012434,False,175.53252707879358,2.2876281032296286,False,False
290.73,3623,t3623,300,1000.0,77,0,6,0.6916189755136549,False,300.62984138360616,2.760435287247377,False,False
290.75,3624,t3624,170,700.0,71,2,4,0.6626388897646948,False,106.76869434486835,1.6806097287059778,False,False
290.83,3625,t3625,120,75.0,68,0,8,0.6836410477015595,True,8.760636228484046,1.101806394334798,True,False
290.89,3626,t3626,270,200.0,90,4,10,0.678989292546914,True,50.19797109191927,2.5128442887245828,True,False
291.1,3628,t3628,120,75.0,66,9,6,0.6628595504246447,True,10.321670077499759,1.1192651149284154,True,False
291.32,3630,t3630,220,900.0,41,0,6,0.6870432626700486,False,188.37280470610713,2.068283919966006,False,False
291.38,3631,t3631,80,50.0,76,3,5,0.6587112218869519,True,4.494198479157765,0.8572738837903776,True,False
291.56,3632,t3632,80,50.0,83,6,1,0.6553275385791325,True,3.26370722644061,0.824162481972082,True,False
291.66,3634,t3634,270,200.0,34,1,5,0.6624707349911542,False,56.98207400920624,2.4431650994885166,False,False
291.67,3635,t3635,220,150.0,98,6,8,0.6639478079507993,True,36.88345977419416,2.2153999488761347,True,False
291.81,3637,t3637,270,200.0,49,9,6,0.6651845412343337,False,61.078219026852956,2.8622380874354185,False,False
291.87,3639,t3639,300,1200.0,62,2,4,0.6587942937875827,False,430.82758147374534,2.848494696835174,False,False
291.93,3641,t3641,220,150.0,74,4,5,0.6704978670514242,True,29.250460179094283,2.3936853778785756,True,False
291.93,3642,t3642,300,250.0,32,9,6,0.6612890322278289,False,88.28070808246592,3.063623628326635,False,False
292.04,3643,t3643,120,75.0,43,5,1,0.6663786018226624,True,8.390082851024316,1.198469178257613,True,False
292.16,3645,t3645,300,250.0,60,10,7,0.6663436714736904,False,228.1584214185526,6.634775939552341,False,True
292.29,3646,t3646,270,1000.0,56,0,8,0.6852706882859898,False,241.68218427001565,2.9442756789998903,False,False
292.31,3647,t3647,80,50.0,28,5,6,0.6593264098830441,True,3.350629762596692,0.8480048897387485,True,False
292.38,3648,t3648,80,50.0,22,3,4,0.649816438682492,True,4.273707493058077,0.8746393906060916,True,False
292.47,3649,t3649,120,75.0,38,3,5,0.6611191792673947,True,9.540490322896291,1.3194233796048558,True,False
292.56,3650,t3650,220,150.0,66,2,5,0.6489355499258144,True,31.911608916756727,2.4025688825186515,True,False
292.68,3651,t3651,170,100.0,46,9,6,0.6574714334014541,True,19.10398463780707,1.8091926703653012,True,False
292.69,3652,t3652,300,1000.0,78,6,8,0.6662510336099651,False,284.2659759994635,2.999858617451627,False,False
292.7,3653,t3653,300,250.0,73,1,6,0.6520455229399843,True,69.24067374508327,3.250666039982234,True,False
292.77,3654,t3654,270,900.0,36,2,5,0.65153902074548,False,243.30777252849373,2.5066528029800166,False,False
292.88,3655,t3655,120,75.0,58,10,4,0.6654556234848337,True,9.361675206377992,1.2728979034151844,True,False
292.89,3656,t3656,120,75.0,51,7,5,0.6635276308440643,True,7.649837176043581,1.1559807323927156,True,False
292.95,3657,t3657,270,200.0,23,2,4,0.6550265897300128,False,46.60337770968377,2.675855793505073,False,False
293.02,3658,t3658,220,150.0,57,9,10,0.6717813723006744,True,27.310932712748716,2.339923378665851,True,False
293.02,3659,t3659,300,1200.0,66,8,10,0.6730043403546416,False,361.8772941251172,3.0062375052739796,False,False
293.04,3660,t3660,170,100.0,99,0,2,0.6808280445463758,True,14.628648111982542,1.7293783609569218,True,False
293.06,3661,t3661,220,900.0,74,9,6,0.6599041865516068,False,194.76345153265078,2.0940257368983777,False,False
293.12,3663,t3663,170,100.0,66,6,10,0.6399782904837964,True,19.366086666761056,1.812179661250079,True,False
293.12,3662,t3662,120,75.0,61,5,1,0.6684816964528758,True,8.15835979209018,1.1248908035775242,True,False
293.22,3664,t3664,300,250.0,80,8,2,0.6686119485771481,True,77.11950490683245,2.9160560550025814,True,False
293.36,3666,t3666,300,1000.0,88,2,5,0.6479164221487521,False,330.4017504011841,2.7744831541334314,False,False
293.51,3667,t3667,220,900.0,78,1,6,0.6544352791478513,False,202.69178211595798,2.197756179023607,False,False
293.52,3668,t3668,220,150.0,36,5,6,0.6617220635035651,True,29.158979654871487,2.187304298944077,True,False
293.55,3669,t3669,270,200.0,87,6,10,0.6426093913407871,True,63.00546477511969,2.5659624483656724,True,False
293.59,3670,t3670,170,700.0,54,0,6,0.6825590640833142,False,135.34900464129663,1.6382277409167116,False,False
293.62,3671,t3671,300,250.0,44,10,8,0.6651657187205966,False,72.14723545371798,2.736865858462393,False,False
293.86,3673,t3673,220,150.0,51,2,4,0.6513342397535944,True,38.308025189987305,2.3154156254976783,True,False
293.96,3674,t3674,220,150.0,46,7,4,0.6688185852011123,True,30.331138949043677,2.349246968408171,True,False
294.05,3677,t3677,220,150.0,27,9,10,0.6739279266728426,False,36.76154595686206,2.354460799379423,False,False
294.08,3678,t3678,300,1200.0,49,4,10,0.6808401733626424,False,368.0454433938841,3.0643822304821957,False,False
294.13,3679,t3679,270,200.0,73,2,3,0.6445345214880456,False,207.0767899765025,5.6822045961844845,False,True
294.16,3680,t3680,270,200.0,46,7,2,0.6569689770988519,False,51.03198147357245,2.6055593894166855,False,False
294.23,3681,t3681,80,50.0,37,6,10,0.6451878701806381,False,4.438954343501963,0.8589874440680756,True,False
294.38,3682,t3682,220,150.0,73,6,1,0.6576516544742166,True,37.67453091487371,2.2940511087667366,True,False
294.44,3683,t3683,300,1200.0,83,7,4,0.6710243953152718,False,420.93384044603425,3.2902669009107433,False,False
294.44,3684,t3684,220,150.0,50,6,10,0.6415407794436919,True,31.299359405429552,2.413002950877061,True,False
294.45,3685,t3685,300,1200.0,31,2,5,0.6443662755239589,False,376.43490907637283,2.9185240777291708,False,False
294.58,3686,t3686,220,700.0,28,6,8,0.6623341947559476,False,177.93391900167558,2.3299250367128583,False,False
294.65,3688,t3688,80,50.0,29,9,8,0.6597746785019957,True,4.324574023365735,0.8778750113312989,True,False
294.79,3689,t3689,170,100.0,66,6,1,0.6599292880513989,True,16.37840599342541,1.75449437580249,True,False
294.84,3690,t3690,120,75.0,79,4,5,0.6726700915285776,True,9.115493299681665,1.0949058157819016,True,False
294.95,3691,t3691,300,250.0,50,10,4,0.6675771776818037,False,67.00075186534131,2.9157807555004815,False,False
294.96,3692,t3692,300,1000.0,33,6,10,0.6441406305214848,False,245.05801072065805,2.931708207467267,False,False
294.98,3693,t3693,270,900.0,98,5,6,0.6640698040516756,False,274.97243413938355,2.476301130168584,False,False
295.09,3694,t3694,170,100.0,90,6,8,0.6584956926790105,True,15.601333582210138,1.6555700079103042,True,False
295.42,3697,t3697,80,50.0,48,1,8,0.6356390913267085,False,3.7310155260741236,0.8097464547433542,True,False
295.45,3698,t3698,300,1000.0,33,4,5,0.6747988715161878,False,353.0682050253412,3.108606701184377,False,False
295.53,3699,t3699,170,100.0,73,1,6,0.6506032402315609,True,19.64964192091966,1.7186343807900464,True,False
295.56,3700,t3700,220,700.0,54,2,6,0.660746780585105,False,143.48032001526684,2.050455354233332,False,False
296.0,3702,t3702,300,250.0,31,6,10,0.6405144845777216,False,69.2796730791008,2.928702080323389,False,False
296.28,3703,t3703,80,50.0,26,4,5,0.6707110759040459,True,4.5949480193213965,0.734898572883103,True,False
296.35,3704,t3704,220,150.0,94,8,10,0.6689524353657307,False,37.430464616395625,2.062244784924803,True,False
296.37,3705,t3705,220,150.0,86,3,6,0.6568082581820943,True,29.825504528684306,2.1504337439018792,True,False
296.4,3706,t3706,300,250.0,32,8,2,0.6706703762722718,False,67.37184794599972,3.0593919772669818,False,False
296.42,3707,t3707,300,1000.0,47,0,4,0.6800939575298215,False,267.20393451634243,3.2650442242141997,False,False
296.63,3708,t3708,220,150.0,27,6,10,0.6369608615528339,False,31.71762748514874,2.0680217474606546,False,False
296.81,3710,t3710,220,150.0,88,5,1,0.670542729190485,True,28.183747440919024,2.104709753638335,True,False
296.9,3711,t3711,270,200.0,48,10,1,0.6633254150331007,False,63.84622592232357,2.784551994756454,False,False
296.96,3712,t3712,300,250.0,43,2,6,0.6567885116400697,False,62.12177169083332,2.9435228148711263,False,False
296.99,3713,t3713,270,200.0,43,7,6,0.6569620706758238,False,59.660541235643315,2.9388084206954717,False,False
297.07,3715,t3715,80,50.0,24,7,5,0.6658392600453648,True,4.581480480591438,0.8561630971821412,True,False
297.11,3716,t3716,300,1200.0,34,3,4,0.6524022917270239,False,360.77308553807137,2.8269383483797115,False,False
297.26,3717,t3717,220,700.0,64,10,2,0.6738322912439316,False,151.00899084900317,2.0701671327774993,False,False
297.27,3718,t3718,80,50.0,59,5,1,0.6725625412733419,True,3.942604441905508,0.7529243037298485,True,False
297.43,3720,t3720,300,1200.0,87,2,4,0.6538897367767044,False,421.6733707018561,3.2948590787897385,False,False
297.45,3721,t3721,270,1000.0,47,7,8,0.6569582297513693,False,256.3305425280049,2.764981800689268,False,False
297.49,3722,t3722,120,75.0,49,5,10,0.6585966156927056,True,8.362505957719678,1.307718679622243,True,False
297.56,3723,t3723,300,250.0,38,8,10,0.6649815684765977,False,74.08597836763684,3.0202624401846156,False,False
297.67,3724,t3724,220,150.0,48,8,10,0.6610901189252477,True,28.868303802335024,2.195787026650001,True,False
297.71,3725,t3725,300,250.0,80,10,4,0.6634823007948342,True,65.40750545162409,3.1507177425050226,True,False
297.72,3726,t3726,170,100.0,86,7,10,0.6566584730325696,True,19.605253416576485,1.6233197935973167,True,False
297.79,3728,t3728,170,100.0,88,9,6,0.6561142846387565,True,19.351492615664114,1.7788934378312762,True,False
297.79,3727,t3727,170,100.0,46,10,4,0.6656433214456042,True,16.619972016530397,1.730062629428528,True,False
297.8,3729,t3729,270,200.0,59,0,5,0.6784448323664044,True,45.50237061217384,2.83321750525585,True,False
297.92,3730,t3730,170,100.0,21,8,10,0.6634504983649244,True,15.763144564428211,1.7179295911519457,True,False
298.09,3731,t3731,300,250.0,97,5,10,0.6608553500455182,True,69.44089753017197,3.043499748243692,True,False
298.1,3732,t3732,80,50.0,41,7,10,0.6591074853901001,True,3.394625794248504,0.8135157620966006,True,False
298.13,3733,t3733,120,75.0,30,6,10,0.633478310988444,True,9.516684651986662,1.301855167872019,True,False
298.14,3734,t3734,300,1200.0,47,1,5,0.6584779869579978,False,408.11899852048964,3.0194625308226275,False,False
298.39,3736,t3736,170,100.0,75,0,2,0.6827936654736301,True,14.558939079370152,1.6025663246454405,True,False
298.57,3737,t3737,300,250.0,32,0,5,0.680306602385743,False,72.91444057235367,2.8918640526337436,False,False
298.68,3739,t3739,120,75.0,47,2,6,0.6529094080739349,True,8.342601415101488,1.2027414879846152,True,False
298.87,3740,t3740,220,150.0,89,9,6,0.6585741807641632,True,34.20633615833505,2.223592275239661,True,False
299.12,3742,t3742,80,50.0,37,6,8,0.660907960643612,False,3.908226028772726,0.7813082524143297,True,False
299.4,3743,t3743,120,75.0,71,9,8,0.6621613667501375,True,8.122750122673066,1.1611809089468084,True,False
299.57,3745,t3745,300,1000.0,43,5,1,0.6745419571145417,False,308.59340803646217,3.167726438508678,False,False
299.73,3746,t3746,220,150.0,35,7,10,0.66150751750048,True,30.40271643087418,2.2205944157167083,True,False
299.74,3747,t3747,300,250.0,99,3,5,0.6634789775002287,True,73.77226985529538,3.2199378880397918,True,False
299.83,3749,t3749,220,700.0,31,2,6,0.6552818865791229,False,174.28085414886408,2.218719978975147,False,False
299.89,3750,t3750,80,50.0,61,4,5,0.6728790362041469,True,4.570162365218449,0.8543844731236266,True,False
300.11,3751,t3751,80,50.0,38,6,8,0.6570979832489217,True,4.014716257121637,0.7338965911580208,True,False
300.12,3752,t3752,170,100.0,91,6,8,0.659538205402125,True,15.792385702524156,1.7292127892893259,True,False
300.28,3753,t3753,170,100.0,99,5,1,0.6703077846389175,True,18.834001362020217,1.7772139452813205,True,False
300.56,3754,t3754,120,75.0,58,2,6,0.651432915514207,True,7.59622228860961,1.1189597060322065,True,False
300.65,3755,t3755,170,100.0,90,7,5,0.6681046566626393,True,16.668087163617646,1.7887648906685842,True,False
300.74,3757,t3757,170,700.0,34,3,4,0.6487624277106653,False,96.51441537294657,1.5419867901451831,False,False
300.78,3758,t3758,300,250.0,90,10,4,0.6677611216833589,True,82.38554107424653,3.0678657394190796,True,False
300.82,3759,t3759,220,900.0,97,9,10,0.6698575499575676,False,170.18905371498005,2.0665203904157816,False,False
300.89,3761,t3761,170,500.0,27,3,5,0.6657915797684059,False,68.26368193729714,1.716285503008806,False,False
301.27,3764,t3764,170,100.0,29,6,1,0.6621613689570377,True,15.238078631927886,1.6985207386967758,True,False
301.29,3765,t3765,80,50.0,43,0,6,0.6781645494683146,True,3.4321434761860683,0.8369450639359937,True,False
301.38,3767,t3767,270,200.0,56,4,5,0.6750036372982456,True,47.976572118554,2.677871438406072,True,False
301.46,3768,t3768,270,1000.0,38,9,8,0.6645003212333166,False,268.0896389834653,2.5078706929687384,False,False
301.61,3770,t3770,300,250.0,85,6,1,0.6643488082445635,True,73.76608937629368,3.252143630252452,True,False
301.64,3771,t3771,80,50.0,91,8,5,0.6577685795844813,True,3.7610875155691335,0.7228364619315882,True,False
301.88,3772,t3772,170,700.0,88,0,6,0.680031925145615,False,104.23033820061661,1.5955866704942891,False,False
301.92,3773,t3773,300,250.0,26,1,6,0.6530218420935964,False,85.08296484648177,2.850266686465096,False,False
301.97,3774,t3774,270,200.0,87,5,6,0.6601965897888239,True,52.56934531681653,2.72467758985117,True,False
302.01,3776,t3776,170,100.0,53,6,8,0.6619296231122643,True,17.252869285413592,1.6750284685334667,True,False
302.03,3777,t3777,170,100.0,64,5,10,0.6630689097112744,False,16.546942787785156,1.7586446680526304,True,False
302.21,3779,t3779,220,150.0,66,6,10,0.6362394114353417,True,37.018151696789495,2.052450318731549,True,False
302.3,3780,t3780,220,900.0,89,7,5,0.6703247453475684,False,223.90753974359885,2.242946235422738,False,False
302.33,3781,t3781,170,100.0,37,4,2,0.6818436502213586,True,14.483305666560458,1.8343980045796235,True,False
302.43,3782,t3782,80,50.0,92,1,6,0.6492180719183911,True,3.6278707307177167,0.860964219612575,True,False
302.54,3783,t3783,170,100.0,55,7,10,0.6638595489686522,True,19.33648586045703,1.652115604488991,True,False
302.7,3784,t3784,220,700.0,58,7,5,0.6663264322587988,False,135.91886720125166,2.307175342349991,False,False
302.73,3785,t3785,80,50.0,21,10,4,0.6698365659163583,True,4.601862083511103,0.8203910389907766,True,False
302.75,3786,t3786,270,1000.0,82,5,10,0.6590641981837156,False,249.7900547473138,2.8744151275448355,False,False
302.76,3787,t3787,80,50.0,82,9,10,0.6658685807765982,True,3.6842353860795187,0.786769596284936,True,False
302.97,3789,t3789,170,500.0,69,4,2,0.6837889590351133,False,71.12466696413149,1.6366421771709325,False,False
303.11,3790,t3790,170,700.0,38,4,5,0.6770857463704626,False,136.68615906408056,1.8330762024155958,False,False
303.13,3791,t3791,300,250.0,55,4,10,0.6764800365620561,False,62.47699853985118,3.0373118547235887,False,False
303.21,3792,t3792,120,75.0,88,10,2,0.6694841069575144,True,8.398651353050152,1.2161566599840503,True,False
303.35,3793,t3793,270,1000.0,83,1,5,0.6545650938855044,False,285.23003582255217,2.754751820244538,False,False
303.49,3794,t3794,300,250.0,69,7,5,0.6624080854318047,False,79.61760100318739,2.8823791653348643,False,False
303.5,3795,t3795,270,200.0,49,7,5,0.6585681055413504,False,52.16934500281159,2.4888745962874546,False,False
303.58,3796,t3796,170,100.0,47,8,5,0.6601953898109736,True,18.1367686897019,1.5941222256320284,True,False
303.66,3798,t3798,220,150.0,22,10,9,0.6630709688795989,True,35.15864429911608,2.1917401736380837,True,True
303.72,3799,t3799,170,100.0,20,10,4,0.6718705012646978,True,16.536651432452054,1.7474797658969532,True,False
303.73,3800,t3800,300,1200.0,49,9,8,0.6606184966268321,False,397.84383112243745,2.7840724986774363,False,False
303.9,3801,t3801,270,200.0,56,9,8,0.6568143085124772,True,45.68759718613555,2.714052034509118,True,False
303.94,3802,t3802,170,700.0,51,5,10,0.655139580886708,False,116.34339041464844,1.7100064468811098,False,False
303.96,3803,t3803,170,100.0,67,5,1,0.6723322956128058,True,14.658103352109295,1.6070860221098922,True,False
303.97,3804,t3804,220,900.0,20,5,1,0.6743163163672165,False,167.24899740920245,2.2341595900347038,False,False
304.09,3805,t3805,270,200.0,72,9,10,0.668133390979248,True,46.72321667222502,2.926566320324844,True,False
304.23,3806,t3806,300,250.0,62,2,4,0.650220123859352,False,87.97330948610485,3.040737454817569,False,False
304.27,3807,t3807,220,700.0,46,0,1,0.677877606606541,False,131.10753516307412,2.158195412008427,False,False
304.36,3808,t3808,220,150.0,73,1,6,0.65166437714669,False,33.81020933938182,2.200415707343217,True,False
304.38,3809,t3809,80,50.0,54,0,2,0.6847199739823392,True,4.083036576589551,0.8160303792298422,True,False
304.71,3811,t3811,80,50.0,41,6,1,0.666492498746339,True,4.4916196584720085,0.7813591591199462,True,False
304.77,3813,t3813,270,900.0,81,0,2,0.6866077563208742,False,289.82553341055234,2.9265027232064282,False,False
304.86,3816,t3816,120,75.0,89,9,8,0.6592602041604095,True,8.015055952236995,1.2702668163863147,True,False
304.86,3815,t3815,220,900.0,58,0,8,0.6806937360587317,False,218.97119764372766,2.132437713930379,False,False
304.96,3817,t3817,170,500.0,45,6,1,0.6685933154380789,False,95.04998408559295,1.5552383745218004,False,False
305.02,3819,t3819,300,250.0,83,9,6,0.6609848789670617,False,87.96737414026323,2.996235103421851,False,False
305.25,3820,t3820,120,75.0,39,4,5,0.6729522132612352,True,10.29742148249595,1.1562780886333586,True,False
305.38,3821,t3821,270,200.0,90,1,6,0.6478877562704228,True,57.88790570743435,2.7789053588006434,True,False
305.46,3822,t3822,220,900.0,61,7,4,0.6670120892271482,False,168.8357178081967,2.0178227061384586,False,False
305.52,3823,t3823,220,150.0,42,1,6,0.650360667811681,True,39.580987706447246,2.3163849418202758,True,False
305.75,3824,t3824,270,1000.0,71,2,1,0.6418584321300943,False,223.99455103786178,2.589785584053388,False,False
305.79,3825,t3825,220,150.0,35,9,8,0.6616571818953831,False,33.14437219872257,2.2424281824542813,True,False
305.82,3826,t3826,120,75.0,33,8,2,0.6665136354134931,True,8.423479923917323,1.2364785353888241,True,False
305.97,3827,t3827,270,900.0,27,10,2,0.6713968863568256,False,221.5630845688255,2.859020923058247,False,False
306.16,3828,t3828,220,150.0,22,0,8,0.6762083228760185,False,26.400137992091658,2.1159571780919797,False,False
306.22,3829,t3829,270,200.0,72,2,5,0.6408871318316616,True,61.88922816005514,2.7574015591330596,True,False
306.26,3830,t3830,300,250.0,34,5,6,0.6625748398112293,False,81.70705726631067,2.943654004586734,False,False
306.29,3831,t3831,80,50.0,80,2,5,0.6436515710132101,True,3.6254653925421136,0.7248012828972459,True,False
306.36,3832,t3832,170,700.0,28,1,6,0.652784121122114,False,112.08188790471416,1.7555622708722098,False,False
306.49,3833,t3833,300,250.0,31,6,10,0.6389452898733016,False,72.06486087055013,3.229033904925884,False,False
306.61,3834,t3834,270,900.0,30,8,5,0.6625736638329359,False,277.5926166931523,2.7881539673767435,False,False
306.65,3835,t3835,270,200.0,31,6,10,0.6354230507425022,False,58.50434028450222,2.678128353567731,False,False
306.68,3836,t3836,80,50.0,93,6,8,0.6642732124682009,True,3.6221784147172897,0.8718025192430625,True,False
306.73,3837,t3837,300,1000.0,35,9,6,0.6571733632059024,False,251.6543319676865,3.1303382057067153,False,False
306.98,3838,t3838,120,75.0,32,10,9,0.6653917313201888,True,8.541792029944084,1.2576308016795177,True,True
307.06,3839,t3839,300,250.0,50,1,6,0.6489851053663385,False,63.44690674391798,2.9128972150697567,False,False
307.23,3841,t3841,220,150.0,55,7,5,0.6548049252487053,True,39.36217705696207,2.140425247814221,True,False
307.3,3842,t3842,270,1000.0,36,5,10,0.6512934559356405,False,243.63148834287827,2.5065291886146657,False,False
307.48,3844,t3844,220,150.0,27,10,9,0.6676660785119668,True,32.94502874898306,2.1461190276901747,True,True
307.75,3846,t3846,170,100.0,98,5,6,0.6587315248331865,True,13.756296561289261,1.83303156279154,True,False
307.95,3847,t3847,120,75.0,89,1,6,0.6452620699256784,True,8.023840535151802,1.2298644486059689,True,False
307.96,3848,t3848,270,900.0,69,7,5,0.6572910085619129,False,226.5027782709908,2.6039986876890646,False,False
307.96,3849,t3849,170,100.0,39,9,8,0.6578322200756573,True,17.822450352071254,1.5593860958213717,True,False
308.29,3851,t3851,80,50.0,23,8,5,0.658730372374459,True,3.9245698301286582,0.7326085366391603,True,False
308.3,3852,t3852,170,100.0,77,5,6,0.6611390761547046,True,19.422858494128317,1.741271924214488,True,False
308.31,3853,t3853,300,250.0,28,5,1,0.6700866567065388,False,69.52274669397453,2.9718168028507637,False,False
308.34,3855,t3855,170,100.0,55,8,10,0.6657636702158077,True,18.08037294244235,1.8474114328871898,True,False
308.38,3856,t3856,120,75.0,98,3,1,0.6465148967794446,True,9.647812040905041,1.1180122303686932,True,False
308.38,3857,t3857,80,50.0,22,2,6,0.6538349238705895,True,3.8517208296087393,0.7369856405746754,True,False
308.63,3858,t3858,80,50.0,83,9,8,0.660257757492326,True,4.274827998142535,0.7723665109580418,True,False
308.66,3859,t3859,170,100.0,70,6,8,0.6665699300370187,True,17.591512785329478,1.7909270735184377,True,False
308.71,3860,t3860,220,150.0,48,10,2,0.6670974101681508,True,38.41254318932075,2.0026647752102575,True,False
308.76,3861,t3861,120,75.0,49,4,10,0.6722071024974817,True,9.082488755797577,1.22870110409153,True,False
308.83,3862,t3862,220,150.0,42,10,2,0.6690579235032492,True,29.621707765041002,2.4032460558570343,True,False
308.9,3864,t3864,270,200.0,73,3,5,0.6618839299912196,True,56.80617964177189,2.468464037409831,True,False
308.96,3865,t3865,120,75.0,51,1,6,0.6477874951938315,True,7.672319232033598,1.308214795462362,True,False
309.12,3866,t3866,270,900.0,83,0,4,0.6757487450458918,False,287.8656704469635,2.682911819831582,False,False
309.23,3867,t3867,80,50.0,43,2,5,0.6463607214111278,True,3.3631368433053157,0.8193941219124595,True,False
309.31,3869,t3869,80,50.0,75,8,10,0.6680305786296735,True,3.8711946825349686,0.7202419294564135,True,False
309.31,3868,t3868,80,50.0,73,2,5,0.6490156888010871,True,4.446612752873426,0.7573725794807132,True,False
309.39,3870,t3870,80,50.0,34,8,10,0.6702521488752619,True,3.699023691435977,0.8786232760898898,True,False
309.44,3871,t3871,300,1000.0,48,9,5,0.655985269731754,False,248.8208126805692,3.2910683684565494,False,False
309.51,3872,t3872,220,900.0,42,2,6,0.6561888920598444,False,233.01907908732295,2.212543841278711,False,False
309.6,3873,t3873,300,1000.0,20,10,9,0.6698949387599092,True,283.84163281882354,2.89038434627885,True,True
309.67,3874,t3874,300,250.0,70,3,6,0.6592542748366342,True,61.850864273902594,2.969433472807503,True,False
309.74,3875,t3875,80,50.0,35,0,6,0.6756879533093694,True,3.734349688801564,0.7354430921866035,True,False
309.8,3877,t3877,300,250.0,83,3,5,0.664228433209577,True,77.71851884053318,2.738973565279521,True,False
309.86,3878,t3878,170,100.0,30,5,8,0.648599687312677,True,20.16846175822745,1.5506257802961154,True,False
309.94,3879,t3879,170,100.0,32,8,10,0.6724292877159385,True,16.389324482306098,1.7444488088712626,True,False
309.98,3880,t3880,170,500.0,69,4,5,0.6750753508141923,False,90.86936224764844,1.5905066022891279,False,False
310.06,3881,t3881,170,100.0,55,10,2,0.6709792265716459,True,18.944283140983146,1.6621600399932919,True,False
310.08,3882,t3882,270,200.0,25,3,1,0.6491667806620377,False,47.21925113040752,2.4875740445014447,False,False
310.26,3883,t3883,270,1000.0,36,10,4,0.6738637579060706,False,287.19974732961794,2.573184264558327,False,False
310.33,3884,t3884,170,700.0,21,4,5,0.6709820256160902,False,117.9430829219944,1.660463314137084,False,False
310.37,3885,t3885,170,500.0,80,2,5,0.6516175568432471,True,74.59989050006675,1.7754792105957462,True,False
310.39,3886,t3886,270,200.0,70,2,6,0.6523217808853142,True,53.91134943495469,2.651585588278991,True,False
310.47,3887,t3887,220,150.0,57,10,4,0.6696431494146158,True,34.42657728535521,2.1544353227389585,True,False
310.5,3888,t3888,170,100.0,93,0,6,0.6776048609098486,True,15.019055983318296,1.5337282412538618,True,False
310.59,3889,t3889,80,50.0,43,0,2,0.6822837830126386,True,3.919830214205289,0.7398496084326971,True,False
310.61,3891,t3891,80,50.0,59,4,10,0.6741936271141987,True,4.266292516341286,0.8556184291259484,True,False
310.62,3892,t3892,300,1000.0,46,0,5,0.6759571370046947,False,251.56265541789605,3.103016125183184,False,False
310.68,3893,t3893,220,150.0,51,10,4,0.67168095309299,True,32.085595669751676,2.319150854078189,True,False
310.76,3894,t3894,220,150.0,56,3,10,0.6461337066602788,True,36.43914481660103,2.2285156950484315,True,False
310.79,3895,t3895,120,75.0,71,6,10,0.6319712563943188,True,8.686215944328591,1.1200760446831206,True,False
311.05,3896,t3896,170,500.0,50,0,10,0.6741714755039221,False,99.78000185929582,1.8092337428503118,False,False
311.07,3897,t3897,270,200.0,20,2,5,0.654167387524564,False,46.83802978624599,2.9444173457027705,False,False
311.13,3898,t3898,270,1000.0,36,9,6,0.6534380777599661,False,264.13608671745385,2.8669257854519032,False,False
311.14,3899,t3899,300,250.0,49,4,6,0.6698606568351582,False,83.14801797051696,3.265848541685184,False,False
311.31,3901,t3901,170,700.0,85,0,6,0.6794834303583183,False,120.7734282228202,1.6157149869038494,False,False
311.38,3902,t3902,220,150.0,99,6,8,0.6688207132544602,True,31.106279231703866,2.047004425279155,True,False
311.42,3903,t3903,300,250.0,61,6,1,0.6644781157959839,False,76.61463895052374,2.7949177168486736,False,False
311.44,3904,t3904,170,100.0,29,0,6,0.6751504284178186,True,16.7073106948282,1.6000940597602953,True,False
311.5,3905,t3905,120,75.0,99,4,8,0.6677973756520481,True,8.408142448801877,1.0853147973498205,True,False
311.55,3906,t3906,300,1200.0,75,7,4,0.663080029260787,False,311.6276926792937,2.7258302833368564,False,False
311.63,3907,t3907,300,1000.0,21,4,10,0.6761404212385814,False,330.8007866532035,2.8014573563045393,False,False
311.64,3908,t3908,220,150.0,65,3,6,0.6616513711580835,True,35.922453463333525,2.274278622683829,True,False
311.66,3909,t3909,170,100.0,57,0,1,0.6737282362925919,True,18.343377591808338,1.763020487334634,True,False
311.67,3910,t3910,220,150.0,62,3,6,0.6640005255531035,True,38.810511350725484,2.138286667952048,True,False
311.87,3912,t3912,170,100.0,96,6,1,0.6604452201467309,True,20.063531649403554,1.598222394017441,True,False
311.9,3914,t3914,300,1000.0,24,7,5,0.6535533702088564,False,301.7060157942028,2.745029015996739,False,False
312.37,3915,t3915,300,250.0,32,5,1,0.6659415902390746,False,80.45161693373537,2.7284423666479225,False,False
312.47,3916,t3916,300,250.0,32,3,5,0.6665260463635673,False,77.96677160761213,2.863397838108624,False,False
312.51,3917,t3917,270,200.0,23,9,10,0.6703529049778448,False,50.39416921208832,2.881529054575589,False,False
312.6,3918,t3918,300,1000.0,21,1,6,0.6502624119566215,False,343.97245211852135,2.9499703634226035,False,False
312.66,3919,t3919,220,700.0,55,1,8,0.6320547710386359,False,129.1091841752094,2.2969421462354527,False,False
312.66,3920,t3920,300,250.0,80,0,2,0.6842202891705677,True,61.86653348859656,3.1550196284440695,True,False
312.68,3921,t3921,270,1000.0,78,6,10,0.6347624979330991,False,253.29173396180505,2.4408019394523626,False,False
312.69,3922,t3922,300,1200.0,61,5,6,0.6634984764497923,False,411.09396501464,2.8660380285200873,False,False
312.74,3923,t3923,300,250.0,33,0,2,0.6861180652053381,False,76.60524231548494,2.989917534325026,False,False
312.78,3924,t3924,80,50.0,86,6,1,0.6626669824104631,True,3.2984394109764374,0.8753164927390492,True,False
312.97,3926,t3926,270,900.0,60,10,9,0.6720792218028929,True,219.9981517395581,2.571954829660422,True,True
313.12,3927,t3927,270,200.0,70,5,6,0.6596366887389783,True,46.50069446141052,2.694030664513809,True,False
313.35,3928,t3928,270,200.0,33,5,8,0.6512098753846053,False,58.49519521979198,2.881543906797158,False,False
313.36,3929,t3929,170,100.0,76,6,1,0.6648443094289204,True,16.103252964736825,1.7321780037292542,True,False
313.6,3931,t3931,220,150.0,33,6,1,0.6669780899070087,False,35.252130170720605,2.2349079285229068,False,False
313.61,3932,t3932,220,150.0,84,0,2,0.6818038857194132,False,32.062133123764276,2.2420213213271163,True,False
313.69,3933,t3933,270,200.0,93,7,10,0.6661645398074609,True,47.78206972081884,2.4477557408681503,True,False
314.0,3934,t3934,300,250.0,51,6,10,0.6313239146411038,False,64.50874696230025,3.2659554375207547,False,False
314.05,3935,t3935,120,75.0,57,2,4,0.6466239032003468,True,8.540570696911786,1.0872971653967491,True,False
314.13,3936,t3936,80,50.0,31,3,6,0.6663026968602234,True,3.730705855889204,0.8023367347538337,True,False
314.17,3937,t3937,220,150.0,75,0,2,0.6775759898232068,True,34.00577996316485,2.307472247375903,True,False
314.17,3938,t3938,300,1000.0,54,7,6,0.6532310110804891,False,255.11258146360916,3.091708142420581,False,False
314.44,3939,t3939,170,100.0,89,8,10,0.6745628837798014,True,20.398073313248883,1.8193912950263846,True,False
314.51,3940,t3940,220,900.0,52,6,10,0.6279541030149484,False,221.1754514862995,2.19164055909786,False,False
314.52,3941,t3941,270,200.0,54,8,10,0.6766538079223873,True,44.52914388544549,2.832686957303139,True,False
314.61,3942,t3942,80,50.0,85,2,4,0.6492736069545217,True,3.5900529800905674,0.7876381408104796,True,False
314.68,3944,t3944,270,200.0,48,0,1,0.6758358533849219,False,64.17302630167275,2.7741493872430434,False,False
315.09,3945,t3945,120,75.0,43,7,10,0.6684234308294935,True,8.286698371828448,1.2258135127734138,True,False
315.24,3946,t3946,80,50.0,97,9,4,0.6528289893722176,True,4.614869789544758,0.7971049933411964,True,False
315.26,3947,t3947,220,150.0,91,4,10,0.6718742794804765,True,31.991558202478473,2.0877415718306613,True,False
315.31,3948,t3948,220,150.0,89,1,5,0.650730458674461,True,30.276652114041216,2.2549353280737,True,False
315.41,3949,t3949,120,75.0,76,8,10,0.6787029135821213,True,7.478299411665308,1.176690060037374,True,False
315.44,3950,t3950,270,200.0,28,9,4,0.6552030762514399,False,64.01837249956571,2.557522694610493,False,False
315.48,3951,t3951,80,50.0,34,0,2,0.6796066518449245,True,4.280683557925968,0.767412457963529,True,False
315.69,3952,t3952,270,200.0,41,1,7,0.6305844978253673,False,146.57406339686878,6.092652920327386,False,True
315.88,3954,t3954,120,75.0,65,6,10,0.6246516876213161,True,9.233181117512487,1.2992195675482632,True,False
315.9,3955,t3955,300,1200.0,51,5,6,0.6620261367823806,False,383.1258926845151,2.7113264556428387,False,False
315.91,3956,t3956,300,250.0,44,3,10,0.6485134940655348,False,65.5239267814119,3.1378571653066265,False,False
316.0,3957,t3957,170,100.0,76,7,10,0.6706371440310855,True,15.47216442546097,1.6728351850284258,True,False
316.3,3958,t3958,220,700.0,90,0,6,0.6770780865161289,False,131.8307152290952,2.1030810964427324,False,False
316.34,3959,t3959,170,100.0,80,7,4,0.6592266104937531,True,18.363241158026494,1.7600455648041673,True,False
316.35,3960,t3960,120,75.0,69,2,4,0.6518703166336132,True,7.352677363381112,1.1680154854380669,True,False
316.38,3961,t3961,220,150.0,68,6,8,0.6710264808075528,True,30.545513640063753,2.0210554936276406,True,False
316.4,3962,t3962,170,700.0,79,3,1,0.6455916268669787,False,140.44641992868566,1.7067266748835148,False,False
316.43,3963,t3963,300,1200.0,37,2,5,0.6504922215922545,False,315.3508388828721,3.239082398279651,False,False
316.45,3964,t3964,170,500.0,88,2,5,0.6468905589785913,True,77.38009651883203,1.8388364515983382,True,False
316.51,3965,t3965,270,1000.0,67,6,8,0.6731881330095836,False,310.6477913033615,2.7463474395691367,False,False
316.61,3967,t3967,270,200.0,42,6,8,0.6691325521675736,False,47.383345392104026,2.6700544531716366,False,False
316.61,3966,t3966,170,100.0,93,10,4,0.673678000697797,True,19.020688511563378,1.7002753015676326,True,False
316.66,3968,t3968,270,900.0,41,10,2,0.6728621035786744,False,196.91988491793992,2.860234305147165,False,False
316.67,3969,t3969,80,50.0,91,9,10,0.6663540286964698,True,4.00492325686776,0.8469629202930431,True,False
316.94,3970,t3970,80,50.0,99,9,10,0.6686091299407222,True,4.647831352786344,0.8164764858090336,True,False
316.97,3971,t3971,120,75.0,82,8,2,0.6686140293718899,True,8.047317251583621,1.142739554382136,True,False
316.98,3973,t3973,270,200.0,20,9,10,0.6708191291600895,False,57.17457228313163,2.864081520002849,False,False
317.11,3975,t3975,80,50.0,22,6,10,0.6275893205355564,True,3.4318533787039858,0.7421960494725601,True,False
317.12,3976,t3976,300,250.0,76,4,10,0.6738674605575335,True,66.74188226328519,3.196637620766003,True,False
317.2,3977,t3977,80,50.0,51,6,10,0.630468200791512,True,3.7863795168454506,0.7260617485916323,True,False
317.35,3978,t3978,300,250.0,65,2,4,0.6544150921191226,False,79.49518032244701,3.1067407008759202,False,False
317.39,3979,t3979,270,1000.0,61,5,8,0.6475938596950951,False,296.4826248954774,2.860422280731044,False,False
317.54,3980,t3980,220,900.0,70,6,8,0.6651580829424041,False,193.26205597281648,2.316480607607986,False,False
317.62,3981,t3981,270,200.0,48,3,5,0.6626037072544778,False,56.18435590771783,2.467390368009359,False,False
317.66,3982,t3982,300,250.0,20,6,10,0.6332895034423484,False,88.42032260875476,3.2388518390207137,False,False
317.66,3983,t3983,120,75.0,84,3,5,0.6587598149275701,True,7.3197558326323,1.1181317328207023,True,False
317.76,3984,t3984,220,150.0,99,8,10,0.6807110371286608,True,39.191498352131404,2.0298759254743333,True,False
317.77,3985,t3985,220,150.0,37,8,5,0.6611379467451517,True,31.205908277953885,2.271789985187844,True,False
317.82,3986,t3986,120,75.0,81,6,1,0.6628951947755352,True,7.8509383308488765,1.2362782177833145,True,False
317.93,3988,t3988,80,50.0,31,7,8,0.6532272469745237,False,4.417455952751283,0.8639989017562993,True,False
317.93,3989,t3989,300,250.0,66,3,5,0.6611668004472004,False,89.2609728112602,3.0994017033421155,False,False
317.96,3990,t3990,120,75.0,35,2,5,0.6495349296172012,True,8.668455854000182,1.1607019039502322,True,False
318.12,3991,t3991,300,250.0,80,2,6,0.6547060119342746,True,78.09260809579027,3.2737332712534655,True,False
318.14,3992,t3992,80,50.0,93,3,5,0.6573516462564383,True,4.178090838174556,0.7864031535170457,True,False
318.36,3994,t3994,220,150.0,65,4,8,0.6698720948056739,True,36.60121164075637,2.115783114982219,True,False
318.39,3995,t3995,170,100.0,36,2,6,0.6570425583622558,True,19.442515638575166,1.59288195655798,True,False
318.48,3996,t3996,170,100.0,68,7,4,0.6616242601020598,True,16.051673979639208,1.8437159670583725,True,False
318.54,3997,t3997,270,200.0,29,9,8,0.6626347841606613,False,54.48522786764045,2.7321462581781235,False,False
318.68,3999,t3999,220,150.0,25,2,4,0.650734972094922,False,37.08377370815992,2.004928475809058,False,False
318.8,4001,t4001,170,100.0,52,1,5,0.6531465161676385,True,15.416051967361787,1.8192282002690163,True,False
318.95,4002,t4002,80,50.0,78,7,4,0.6639739567182005,False,3.9433840125648785,0.7526040668715295,True,False
319.05,4003,t4003,170,100.0,91,2,5,0.652126412843039,True,17.76176392398186,1.7390566201909632,True,False
319.06,4004,t4004,300,1200.0,36,6,8,0.6612631031017377,False,391.650343995,3.1762693737786964,False,False
319.11,4005,t4005,170,100.0,53,6,8,0.6574460228578848,True,18.92518332244916,1.866419177112461,True,False
319.16,4006,t4006,120,75.0,56,3,5,0.6597867951494912,True,8.535966440981374,1.1943141321571258,True,False
319.24,4007,t4007,300,1000.0,32,4,2,0.6795213616725927,False,256.8707899800693,2.8710850942141017,False,False
319.28,4008,t4008,80,50.0,65,9,8,0.6587902702956299,False,3.284627187285361,0.7329077171855057,True,False
319.45,4009,t4009,170,500.0,34,0,2,0.6815967006262078,False,72.26838237885016,1.5303970263223678,False,False
319.49,4010,t4010,220,700.0,55,6,8,0.6598792842189088,False,169.394253109752,2.000807813384913,False,False
319.57,4011,t4011,80,50.0,23,6,10,0.6298803800401681,True,3.7144430985552583,0.8493419566831379,True,False
319.6,4012,t4012,120,75.0,80,1,5,0.6555142525109524,True,7.7848564283417625,1.091765353322769,True,False
319.7,4013,t4013,170,100.0,94,4,8,0.671905319576227,True,16.249489411143276,1.6853638968699687,True,False
319.81,4015,t4015,120,75.0,36,7,10,0.6728065829686456,True,8.058129518628588,1.3157336027394637,True,False
319.82,4016,t4016,300,1000.0,53,10,9,0.6742198191850169,True,315.1605260787923,2.92521292878137,True,True
319.86,4017,t4017,300,250.0,42,6,1,0.6650679575466912,False,70.82037736596077,3.1394797343490595,False,False
320.04,4019,t4019,80,50.0,75,5,1,0.6618794251009598,True,3.5464144620274496,0.8241815909035047,True,False
320.07,4020,t4020,300,1000.0,51,8,2,0.6706724154511187,False,350.4599413748553,3.245669048430044,False,False
320.16,4022,t4022,170,100.0,45,7,10,0.6749326331274544,True,18.414586344100282,1.8138387808434515,True,False
320.22,4023,t4023,80,50.0,28,2,5,0.6546660664043601,True,4.1846307660536635,0.8548780134709157,True,False
320.27,4024,t4024,170,100.0,63,1,5,0.6578346341274001,True,17.947135956898983,1.5830848890847802,True,False
320.34,4025,t4025,170,700.0,42,5,1,0.6640725032656073,False,120.08983640521315,1.782837987692167,False,False
320.43,4026,t4026,170,100.0,32,7,2,0.6530862642235417,True,14.946696799538493,1.5936016208118775,True,False
320.46,4027,t4027,270,200.0,53,1,6,0.6465138303841557,True,44.00262047014658,2.60588733402443,True,False
320.58,4028,t4028,80,50.0,79,5,10,0.6475242534835943,True,4.496596794261344,0.7661184579000437,True,False
320.69,4029,t4029,270,1000.0,26,3,4,0.6451953609746338,False,287.5373141570156,2.4788325251527303,False,False
320.74,4030,t4030,170,500.0,96,5,6,0.6581937958649148,True,68.5724271706369,1.8356309974226044,True,False
320.94,4031,t4031,220,150.0,87,9,8,0.6550226467078991,True,35.793580941611246,2.2320580670212085,True,False
321.0,4032,t4032,120,75.0,66,4,8,0.6738978798513692,True,10.781468825645078,1.309187604332013,True,False
321.13,4034,t4034,170,100.0,36,4,10,0.6758207780130496,True,17.88171368628334,1.6945427944086118,True,False
321.14,4035,t4035,270,200.0,22,9,2,0.6527482276768068,False,58.54198903938416,2.5065335678120633,False,False
321.28,4037,t4037,170,500.0,85,9,5,0.6521222310037856,False,100.35162456783434,1.8325815086705035,False,False
321.29,4038,t4038,300,250.0,85,5,10,0.6500044350805891,False,87.79539787862139,3.1781684484611548,False,False
321.3,4039,t4039,220,150.0,64,6,10,0.6327134391060314,True,33.97872575541599,2.196531551058018,True,False
321.41,4041,t4041,270,200.0,94,5,1,0.6600477198669618,True,63.77757513622647,2.58653055547802,True,False
321.41,4040,t4040,220,700.0,90,7,4,0.6601026594020183,False,152.1089080137662,2.3629240462205603,False,False
321.46,4042,t4042,270,200.0,91,8,2,0.666515633808763,True,45.70483483732222,2.441932123321448,True,False
321.46,4043,t4043,220,150.0,23,7,10,0.6770161622830873,False,35.16749000676211,2.379579756115093,False,False
321.51,4044,t4044,270,200.0,48,9,10,0.6668109283950695,False,64.20975739344465,2.853956128401612,False,False
321.65,4045,t4045,170,100.0,24,5,6,0.6606121017657983,True,17.497942095702328,1.5925494341327922,True,False
321.7,4046,t4046,270,200.0,26,8,2,0.6686159877992545,False,44.879555302097245,2.8258806390115336,False,False
321.73,4047,t4047,300,1000.0,45,0,8,0.6718126179569597,False,301.122327805242,2.7084884686112627,False,False
321.74,4048,t4048,170,100.0,30,10,4,0.6756351073505077,False,17.455782468554577,1.6347637483633652,True,False
321.77,4049,t4049,270,200.0,59,9,4,0.6513556813930778,False,64.46191630536212,2.7641452651951215,False,False
321.91,4050,t4050,300,1200.0,39,7,10,0.6728840208556074,False,357.3413657108321,3.2160797858098777,False,False
322.07,4051,t4051,170,500.0,43,3,10,0.6446716857226855,False,81.43391009770157,1.5593324478625004,False,False
322.08,4052,t4052,170,500.0,52,4,8,0.6758505889210085,False,83.97732190987178,1.5984525065345851,False,False
322.19,4053,t4053,220,900.0,54,1,8,0.6285421371563247,False,224.27016426157766,2.3818976703877386,False,False
322.2,4055,t4055,220,150.0,36,5,6,0.6629820415486641,False,38.38512074227428,2.3658119179130797,False,False
322.2,4054,t4054,270,200.0,62,5,1,0.6622774321362892,False,62.843198702782885,2.8613576444428337,False,False
322.21,4056,t4056,300,250.0,49,1,5,0.6601086081115187,False,86.61100759071904,3.276088813336356,False,False
322.26,4057,t4057,170,700.0,45,5,10,0.646261013045644,False,130.6646731903411,1.6323182294168683,False,False
322.41,4058,t4058,220,150.0,79,9,10,0.66288289164535,True,29.786744580469477,2.0214383612498636,True,False
322.5,4059,t4059,270,200.0,21,7,10,0.668834522256677,False,46.2846125375213,2.9514763916454716,False,False
322.52,4060,t4060,270,1000.0,50,1,6,0.6490142204431393,False,295.0452337157157,2.84612756382745,False,False
322.71,4062,t4062,120,75.0,95,2,5,0.6571549268944546,True,9.055902237174958,1.1065142461458415,True,False
322.71,4063,t4063,270,200.0,66,3,5,0.6621732410646833,True,61.080786589057375,2.910658869951682,True,False
322.79,4064,t4064,270,200.0,69,4,2,0.6753391162573227,True,60.96349271701847,2.7954059511658156,True,False
322.8,4065,t4065,120,75.0,78,1,5,0.656163102615955,True,8.818022713267531,1.2641858673381283,True,False
322.81,4066,t4066,170,100.0,39,4,8,0.6715902438092549,True,18.52226573792037,1.5407383631888976,True,False
322.89,4067,t4067,80,50.0,83,10,2,0.6685333230455626,True,3.3578773863141804,0.801077937469152,True,False
322.99,4068,t4068,170,500.0,66,1,5,0.6584705072303025,False,70.07039805912557,1.6933663987586134,False,False
323.01,4069,t4069,120,75.0,37,4,8,0.6735891055997365,True,8.790239404695521,1.2879907547098728,True,False
323.36,4071,t4071,220,900.0,58,8,5,0.6634973696284304,False,222.5822909245748,2.080976310813242,False,False
323.48,4072,t4072,170,700.0,86,4,10,0.6777350291194553,False,107.06238938571559,1.6239127052158369,False,False
323.49,4073,t4073,270,200.0,50,7,2,0.6554552056057373,False,58.998117896671395,2.5781666709793654,False,False
323.55,4074,t4074,220,150.0,33,8,2,0.664500334709936,False,33.94780986164669,2.09418632348276,False,False
323.61,4075,t4075,170,700.0,30,9,6,0.6497774980229486,False,96.59798465310075,1.8363616956860684,False,False
323.65,4076,t4076,170,700.0,98,9,2,0.6488217246617323,False,113.98308156962102,1.7578730046201578,False,False
323.75,4077,t4077,170,100.0,46,9,5,0.6483364530503765,True,17.242299704605156,1.7943102763023546,True,False
323.79,4078,t4078,170,100.0,74,8,10,0.6826789982042692,True,15.095165430301089,1.6619189835854282,True,False
323.92,4080,t4080,80,50.0,69,10,4,0.6713790718701642,True,3.5252883264033175,0.8613101483863688,True,False
324.03,4081,t4081,300,250.0,24,2,6,0.6593323738616773,False,82.45102400302319,3.2759421432176246,False,False
324.03,4082,t4082,270,900.0,63,9,10,0.6652074156306248,False,253.8502016939365,2.4764805521012483,False,False
324.07,4084,t4084,270,1000.0,90,4,8,0.6755479901544085,False,315.33482873490743,2.9467544512776387,False,False
324.07,4083,t4083,80,50.0,66,5,1,0.6582885501602301,True,3.8252077643462115,0.7990565107355617,True,False
324.08,4085,t4085,300,250.0,21,5,6,0.6591305825358728,False,80.70942109773098,2.9021960584967554,False,False
324.1,4086,t4086,80,50.0,27,3,1,0.642087976147821,False,4.693266497212056,0.849973873419631,True,False
324.14,4087,t4087,170,100.0,22,6,10,0.6354898369905774,True,16.402052711497277,1.608636767859144,True,False
324.15,4088,t4088,300,250.0,92,9,5,0.6508003906560357,True,74.33475887207193,2.9731415709517504,True,False
324.16,4089,t4089,120,75.0,92,10,4,0.6733821570994275,True,9.41664686615355,1.1444037821671735,True,False
324.22,4091,t4091,170,100.0,49,2,4,0.6471284544712054,True,14.429254959274276,1.8543060521588275,True,False
324.26,4092,t4092,300,1200.0,62,9,8,0.6575043755919229,False,326.1121137430592,2.7135899496939206,False,False
324.28,4093,t4093,80,50.0,84,10,9,0.6763176046194984,True,4.263131982795986,0.773194562027947,True,True
324.31,4094,t4094,170,500.0,54,8,5,0.6596356040540436,False,101.57762674692259,1.6399151875545575,False,False
324.4,4095,t4095,120,75.0,87,3,5,0.6645119580615714,True,8.08729747281082,1.2101429917741038,True,False
324.48,4096,t4096,120,75.0,35,9,8,0.6537624698982664,True,8.047580521777775,1.1920163863341995,True,False
324.49,4097,t4097,220,150.0,85,10,4,0.6753451806241056,True,32.21052649150291,2.4125549858397544,True,False
324.55,4098,t4098,270,200.0,72,6,1,0.661023265062424,True,44.49914570722099,2.8519022145267794,True,False
324.6,4099,t4099,270,900.0,76,0,6,0.672793191452473,False,235.1728661984178,2.5921519736809677,False,False
324.61,4100,t4100,270,1000.0,35,0,2,0.6773729484318655,False,277.425642700128,2.4718203978082434,False,False
324.64,4101,t4101,80,50.0,44,10,4,0.6772689436782903,True,4.387394108033071,0.7658667795603011,True,False
324.64,4102,t4102,300,250.0,97,5,1,0.6605534458236921,True,79.79069678345624,3.130205033775889,True,False
324.67,4103,t4103,220,150.0,54,6,1,0.6632334664278422,True,37.74481710155638,2.3952431059397705,True,False
324.75,4104,t4104,120,75.0,76,3,6,0.6685588247412008,True,10.09765684717485,1.2972657654324145,True,False
324.76,4106,t4106,120,75.0,73,6,1,0.665399463765952,True,9.300463650201197,1.3012975780989153,True,False
324.76,4105,t4105,270,900.0,58,0,5,0.6716946609312676,False,261.94727141747336,2.456990603425233,False,False
324.88,4108,t4108,170,100.0,91,2,6,0.6554023930511105,True,19.06479743931256,1.5797764653886157,True,False
324.97,4110,t4110,220,900.0,46,0,4,0.6714904368116406,False,232.1313501321384,2.17847807090244,False,False
325.01,4111,t4111,80,50.0,44,7,10,0.6648660136297252,True,3.230908864422957,0.7971261351060649,True,False
325.06,4112,t4112,120,75.0,45,3,6,0.6707698300645585,True,10.26303184270753,1.1983016308801255,True,False
325.06,4113,t4113,170,500.0,24,3,6,0.6729366152814492,False,88.56152046936823,1.7876197922281087,False,False
325.1,4114,t4114,170,700.0,45,7,2,0.6516027681602893,False,118.40703631904415,1.8190324026867737,False,False
325.12,4115,t4115,170,700.0,78,3,5,0.6668039007185218,False,106.2668429054378,1.7178966871827608,False,False
325.23,4117,t4117,300,250.0,64,2,6,0.6577250118567549,True,60.34412519592041,3.0667955813968053,True,False
325.27,4118,t4118,220,900.0,29,6,10,0.6382107069174325,False,185.32422626543257,2.236199652421504,False,False
325.35,4119,t4119,80,50.0,67,2,5,0.6595940101747474,True,3.821618638934306,0.7967921327128181,True,False
325.49,4120,t4120,170,500.0,28,1,8,0.6250997559516598,False,90.28344452390624,1.787123964616707,False,False
325.53,4121,t4121,300,250.0,60,8,5,0.6558510737911446,False,81.03478986255449,2.768166816479601,False,False
325.56,4122,t4122,270,200.0,50,5,1,0.662773043573885,False,50.67994980786188,2.6493758130163343,False,False
325.97,4123,t4123,170,100.0,84,1,6,0.6452906027009432,True,15.686445412851024,1.6214493123773928,True,False
326.07,4125,t4125,300,250.0,70,9,8,0.6562694023184829,True,64.06494372806002,2.8580704334223332,True,False
326.12,4126,t4126,170,100.0,35,9,5,0.6532150495095815,True,14.454733850443558,1.7529565081092464,True,False
326.13,4127,t4127,120,75.0,43,9,8,0.6587261960902949,True,8.468937247280738,1.0937426203592253,True,False
326.17,4128,t4128,170,100.0,80,7,5,0.6498904846228611,True,18.163477817778826,1.5719207937241204,True,False
326.25,4129,t4129,270,200.0,88,6,8,0.6560898803527125,True,64.64611815295268,2.736771939530669,True,False
326.28,4130,t4130,170,100.0,40,6,8,0.65855026456384,True,19.023751504527183,1.5648858384707167,True,False
326.56,4131,t4131,120,75.0,94,5,4,0.6460923307960955,True,9.200407776760489,1.1992964682649068,True,False
326.62,4132,t4132,170,700.0,40,3,5,0.6628760045223332,False,114.31762598055523,1.6184104665158783,False,False
326.66,4134,t4134,220,900.0,72,8,10,0.6846076000583657,False,233.07093818679533,2.279631989646117,False,False
326.79,4135,t4135,120,75.0,75,7,10,0.6671508751753126,True,10.676949461888855,1.3011734358964204,True,False
327.03,4136,t4136,220,150.0,74,1,6,0.6478154573135909,True,37.012149536766685,1.9881682404259122,True,False
327.39,4137,t4137,270,200.0,43,6,10,0.6347031594457505,False,49.060809111974024,2.6978668748416927,False,False
327.64,4138,t4138,220,900.0,53,2,5,0.6619843117894343,False,221.59704121251534,2.1998521109580773,False,False
327.65,4139,t4139,120,75.0,22,5,4,0.6487526659983555,True,10.7910947107095,1.0890033239915105,True,False
327.71,4140,t4140,300,250.0,55,8,10,0.6803236298753802,False,81.88837885808933,3.2618175716602185,False,False
327.72,4141,t4141,80,50.0,69,3,4,0.641699635573323,True,3.2145819689528436,0.8197137721915742,True,False
328.04,4144,t4144,220,150.0,67,10,4,0.6791542314713911,True,33.83703827725506,2.3336065429425514,True,False
328.09,4145,t4145,170,700.0,44,6,8,0.6609614410907451,False,140.11784678513118,1.658867556937938,False,False
328.31,4147,t4147,170,500.0,70,2,5,0.6581528073718274,False,89.00601347199887,1.7048650904366551,False,False
328.33,4148,t4148,120,75.0,81,10,2,0.6704651181231127,True,7.873074525518042,1.1355517433897409,True,False
328.37,4149,t4149,170,700.0,67,10,9,0.6783734343452902,True,128.88223308846042,1.6932627191127154,True,True
328.4,4151,t4151,300,250.0,86,4,10,0.6734369952037328,True,82.75487695678977,3.0334738321567634,True,False
328.44,4152,t4152,120,75.0,81,2,4,0.6497680671999632,True,9.272652727590252,1.277428333109449,True,False
328.44,4153,t4153,300,250.0,76,5,1,0.6587742493690739,True,64.22496703398247,3.110999531939858,True,False
328.76,4155,t4155,300,1000.0,56,1,6,0.6502898148339858,False,320.4697312345409,2.8117326651004015,False,False
328.76,4154,t4154,80,50.0,87,4,10,0.6753989219663249,True,3.270267784334142,0.7387665418839242,True,False
328.94,4156,t4156,300,1000.0,62,7,10,0.6693900394899882,False,327.11599697390136,2.8766014826038053,False,False
329.09,4157,t4157,170,100.0,54,1,5,0.6545577637523632,True,20.304606930608745,1.7316014861043294,True,False
329.31,4159,t4159,300,250.0,40,8,10,0.6761253390960545,False,73.02549109772029,2.924202774198324,False,False
329.32,4160,t4160,220,900.0,69,10,2,0.6723582772991121,False,213.0731455014834,2.1839400856932576,False,False
329.35,4161,t4161,120,75.0,55,0,1,0.6717273181354052,False,9.31455578104923,1.2075389920460162,True,False
329.44,4162,t4162,170,100.0,23,10,4,0.6810018135086299,True,18.419655476896217,1.7882896275330284,True,False
329.46,4163,t4163,80,50.0,36,8,10,0.6720110141323151,True,3.936267291277865,0.8155236916418119,True,False
329.57,4165,t4165,220,150.0,89,3,6,0.6688860647940019,True,29.23922498539629,1.981389379116233,True,False
329.59,4166,t4166,300,250.0,74,4,8,0.6712936970179869,False,85.8662058673501,2.8969404672918606,False,False
329.87,4168,t4168,170,500.0,96,6,1,0.6675221411572997,True,74.7258194894386,1.818155737024632,True,False
329.96,4169,t4169,170,500.0,35,9,10,0.6613114491361941,False,75.05198600285752,1.7732724806356972,False,False
329.97,4170,t4170,300,250.0,22,0,2,0.67323367128141,False,61.56202445267952,3.144138416566682,False,False
330.22,4172,t4172,170,100.0,86,8,10,0.6741529756678507,True,17.123789118105705,1.628865710642921,True,False
330.32,4173,t4173,270,1000.0,40,1,6,0.6465406852039727,False,302.1026361307349,2.7663042407328695,False,False
330.4,4174,t4174,80,50.0,64,3,5,0.6590266662500684,True,3.5315202924135676,0.7371020318366961,True,False
330.67,4176,t4176,220,150.0,34,9,10,0.657493401971652,True,26.67084852296132,2.073603245897287,True,False
331.32,4180,t4180,80,50.0,27,8,2,0.6604669946824039,True,3.724958907964085,0.8211599193708244,True,False
331.44,4181,t4181,220,900.0,44,3,5,0.6614283147432488,False,227.60543204507263,2.1797614332301087,False,False
331.55,4182,t4182,120,75.0,28,10,9,0.6803881474765662,True,8.793532915402254,1.1687393201212832,True,True
331.67,4183,t4183,80,50.0,43,1,9,0.6250443295568302,True,3.9428630229709576,0.7604838250781062,True,True
331.78,4184,t4184,170,100.0,76,0,10,0.6697066174224151,True,16.52920160181734,1.6530009367672487,True,False
331.85,4185,t4185,170,100.0,29,2,4,0.6523548876741456,True,14.977797883337784,1.6948974449700087,True,False
331.94,4187,t4187,120,75.0,53,1,5,0.6568972751439827,True,9.66077176674832,1.0803865512635658,True,False
332.09,4189,t4189,170,100.0,68,2,6,0.6600011782862865,True,14.490433547441732,1.6931600844883294,True,False
332.13,4190,t4190,170,500.0,59,8,4,0.6551253252046926,False,82.7619027351488,1.7476548037447823,False,False
332.35,4191,t4191,270,200.0,95,8,2,0.6626883214554226,False,47.7439191638804,2.755315027149492,True,False
332.46,4192,t4192,80,50.0,70,9,10,0.6599257157504008,True,3.443834591980324,0.7947637808106607,True,False
332.54,4193,t4193,220,150.0,39,8,10,0.6762520979726755,False,27.038666516744534,2.1692156602275343,True,False
332.6,4194,t4194,220,150.0,33,1,5,0.6591899963077695,True,28.790406567074243,2.1463245987644126,True,False
332.65,4195,t4195,270,200.0,55,7,5,0.6524748567485857,False,59.074899049388776,2.9128529863346886,False,False
332.66,4196,t4196,220,150.0,61,1,5,0.6614368630482809,True,39.14994496367168,2.305702790083639,True,False
332.84,4198,t4198,170,100.0,35,4,8,0.667124489744294,False,14.31456475688391,1.603119801288894,True,False
332.89,4200,t4200,220,150.0,68,7,10,0.6654104205183702,True,37.901313437597366,2.2332082168028973,True,False
333.07,4201,t4201,170,100.0,95,2,4,0.6548899717388446,True,19.48933308598897,1.6716623873507686,True,False
333.1,4202,t4202,170,500.0,74,3,6,0.6710905253163038,False,82.9090440461463,1.7842327245231029,False,False
333.26,4204,t4204,170,100.0,95,0,6,0.6685939942900901,True,15.230540234951524,1.5358791669024718,True,False
333.44,4205,t4205,170,100.0,20,9,5,0.6555814151860567,True,15.608194308616818,1.642663650327518,True,False
333.5,4207,t4207,120,75.0,76,10,9,0.6823625663452167,True,8.68996211095277,1.2792377796367125,True,True
333.56,4209,t4209,300,1200.0,65,2,4,0.6573743541222495,False,311.8319275005955,2.8539431688667296,False,False
333.62,4210,t4210,170,100.0,93,2,5,0.6543979330425727,True,20.192520131623603,1.792641246253628,True,False
333.65,4211,t4211,300,250.0,32,2,5,0.656892156199903,False,89.3976042456558,2.830922413191984,False,False
333.93,4213,t4213,120,75.0,62,4,10,0.6773216101936651,True,7.614469334707429,1.2923730599929724,True,False
333.94,4214,t4214,220,150.0,94,3,4,0.6444478246800384,True,28.58431746793452,2.0610917030305558,True,False
333.96,4215,t4215,120,75.0,27,0,10,0.6715050565025381,True,10.03693166132359,1.1907900912283162,True,False
334.04,4216,t4216,170,100.0,93,10,9,0.6842974968364942,False,65.20289975055177,3.513201322785775,False,True
334.07,4217,t4217,170,100.0,26,5,4,0.6513597944965702,True,17.3490902534014,1.6266724430456658,True,False
334.35,4219,t4219,270,200.0,58,7,6,0.6495745726770611,True,57.88036083223067,2.661663435155718,True,False
334.4,4220,t4220,300,250.0,86,5,4,0.6539147804248205,True,64.52790266362717,2.868082563534957,True,False
334.41,4221,t4221,120,75.0,98,1,6,0.6428665381665599,True,10.117988634989024,1.1955798338337555,True,False
334.44,4222,t4222,170,100.0,67,4,2,0.677414515750358,True,15.78114899487469,1.7811702211477094,True,False
334.76,4224,t4224,80,50.0,26,10,2,0.6680395732915914,True,3.3976111044257746,0.8037262861418919,True,False
334.79,4226,t4226,300,250.0,54,4,10,0.6792058446564585,False,64.16260303367194,3.2025386000230096,False,False
334.81,4228,t4228,220,900.0,37,3,5,0.6576079302665657,False,190.0824336370182,2.2791237789320076,False,False
334.85,4229,t4229,220,150.0,24,2,5,0.6531624948940867,False,29.137888715809115,2.376903110027549,False,False
334.92,4230,t4230,270,900.0,48,3,5,0.6538639534794162,False,263.5027706354521,2.6089081688437017,False,False
334.93,4231,t4231,270,1000.0,72,3,5,0.6501948562280097,False,219.7848965538247,2.58509221950002,False,False
335.17,4233,t4233,270,200.0,67,8,2,0.6586912216929808,True,50.16150646036486,2.595497993008056,True,False
335.37,4235,t4235,80,50.0,22,8,10,0.6721352378314038,False,4.455751640847291,0.7255652791267937,True,False
335.4,4236,t4236,300,250.0,75,3,6,0.6670768966281595,True,60.51126047822865,3.213632702047019,True,False
335.46,4237,t4237,270,200.0,47,8,10,0.6681007148929575,False,51.51650616165711,2.653020873101615,False,False
335.74,4238,t4238,300,250.0,93,6,1,0.6696023650008204,True,84.9729805221678,2.7703220917958795,True,False
335.77,4239,t4239,80,50.0,27,9,8,0.6611338539866709,True,4.249307343152334,0.7493166767011235,True,False
335.97,4240,t4240,120,75.0,88,9,8,0.6634933587251193,True,8.679574461884389,1.1547421812760479,True,False
336.18,4241,t4241,220,150.0,76,9,5,0.6579004535490022,True,32.75077531131082,2.33261504809282,True,False
336.38,4244,t4244,300,250.0,23,8,10,0.6641468824132802,False,86.80303984027618,2.796260725817539,False,False
336.49,4245,t4245,120,75.0,36,2,4,0.6536350488579863,True,9.883923731370693,1.1244746679002329,True,False
336.5,4246,t4246,300,1200.0,47,1,5,0.6636387924539819,False,387.87079918236543,3.185745456822309,False,False
336.52,4247,t4247,120,75.0,30,3,5,0.6465991409216313,True,8.257595353120063,1.0863284557992288,True,False
336.55,4248,t4248,170,100.0,24,4,2,0.6794484072535327,True,14.059219491744718,1.7558860597190549,True,False
336.63,4250,t4250,270,200.0,20,4,2,0.681441620926644,False,61.91005962586741,2.8103125238596935,False,False
336.65,4251,t4251,300,250.0,69,3,5,0.6492493399213805,False,81.79827287453341,2.9759934510434505,False,False
336.7,4252,t4252,270,200.0,31,7,4,0.6563087880321598,False,56.96557947357983,2.5403904527353056,False,False
336.83,4253,t4253,170,100.0,61,8,1,0.6525546001722624,True,18.76640762278373,1.6994711964515261,True,False
336.85,4254,t4254,170,100.0,98,7,10,0.6676843939261846,True,19.718047627642903,1.6382104007418714,True,False
337.08,4255,t4255,300,1200.0,24,5,4,0.656418666634506,False,319.99594876096245,3.0324130040290918,False,False
337.12,4256,t4256,170,100.0,71,6,1,0.6716409843674706,True,15.315403388912562,1.7187293606323617,True,False
337.13,4257,t4257,80,50.0,24,2,5,0.6495074268143869,True,3.448109942941212,0.7749583658378021,True,False
337.26,4258,t4258,170,100.0,31,3,6,0.6693175405137781,True,19.713104152854743,1.684302261346517,True,False
337.33,4259,t4259,220,900.0,64,5,4,0.6526984751199977,False,188.67838455170738,2.192537199954034,False,False
337.42,4260,t4260,80,50.0,82,1,9,0.6244174479525335,False,10.409066678363477,1.9387091237371814,False,True
337.53,4262,t4262,220,900.0,84,3,6,0.6715133715216844,False,195.6033780365396,2.351771978339627,False,False
337.61,4264,t4264,120,75.0,75,6,1,0.6736388313467878,True,8.581080258508027,1.1587287177926817,True,False
337.79,4265,t4265,120,75.0,60,10,9,0.662862115961769,False,22.952732577289797,2.5272652250037404,False,True
337.8,4266,t4266,220,150.0,42,10,6,0.6620959835258677,True,30.734882791145466,2.1388898387237556,True,False
337.91,4267,t4267,300,250.0,38,3,4,0.6471410500046194,False,82.16924357208629,3.2953016660291716,False,False
338.02,4269,t4269,270,200.0,69,2,5,0.652099460096281,True,45.77599655398175,2.7032433540897403,True,False
338.07,4270,t4270,270,200.0,43,0,2,0.6691771796739635,False,57.356532009670346,2.7732825844358273,False,False
338.18,4271,t4271,120,75.0,63,6,1,0.6755967213865187,True,9.786117653794344,1.315356263193917,True,False
338.23,4272,t4272,270,200.0,86,2,4,0.6561445296990084,True,48.5845493766112,2.849231154868225,True,False
338.34,4273,t4273,300,250.0,89,9,5,0.6601731111446888,True,79.19859498132193,3.1678094800519334,True,False
338.38,4274,t4274,120,75.0,71,1,8,0.621726222371088,True,8.193538556885935,1.155763657711829,True,False
338.48,4275,t4275,170,100.0,42,6,8,0.6571503940871121,True,17.022513968756584,1.863043303759438,True,False
338.57,4276,t4276,270,1000.0,98,2,5,0.6546396527125372,False,219.5776263919825,2.61492419863108,False,False
338.64,4277,t4277,220,900.0,88,3,6,0.6674912859094325,False,162.87961540589035,2.4169103093816133,False,False
338.75,4279,t4279,270,200.0,73,2,5,0.6509550414764682,True,48.68543214322638,2.8579287878235737,True,False
338.79,4280,t4280,220,900.0,62,1,8,0.6245941594621278,False,201.66701763389446,2.0488463907139836,False,False
338.8,4281,t4281,120,75.0,59,5,1,0.6610294310483592,True,7.8667900231503936,1.1841497286360951,True,False
338.86,4283,t4283,120,75.0,53,7,6,0.6521652630417017,True,9.357316800679975,1.2435427564592412,True,False
338.88,4284,t4284,270,200.0,82,2,4,0.65860382092321,True,44.64536673552228,2.863890312453916,True,False
338.89,4285,t4285,170,100.0,55,3,4,0.6436064108227088,True,16.021406016810335,1.7282908480134351,True,False
339.15,4287,t4287,300,1200.0,31,7,10,0.6699128878658428,False,329.03191023832824,2.8142978475676133,False,False
339.19,4288,t4288,300,1200.0,48,2,5,0.6535181224651206,False,356.17776224887314,3.0305039688035853,False,False
339.24,4290,t4290,220,150.0,76,8,10,0.6602721265831965,True,37.23158200982282,2.121031818526646,True,False
339.27,4291,t4291,220,150.0,84,2,5,0.6498559418340001,True,33.023716336219806,2.2824049055222413,True,False
339.31,4292,t4292,300,250.0,40,0,10,0.6732675268010588,False,86.05255764483037,2.9506768893705644,False,False
339.41,4294,t4294,170,100.0,28,6,1,0.677515453625455,True,16.243085667522976,1.7471141753833535,True,False
339.63,4295,t4295,300,1200.0,46,7,6,0.6547041395990495,False,412.95852184153233,3.2663600688987358,False,False
339.74,4296,t4296,300,250.0,95,3,6,0.6635496420094257,False,75.98094715590433,2.800528692794442,True,False
340.26,4298,t4298,170,100.0,44,5,6,0.655356152703337,True,17.70535479219161,1.5601575168037218,True,False
340.29,4299,t4299,170,100.0,75,9,8,0.6658056733687987,True,18.309483718433306,1.6201110246216137,True,False
340.37,4301,t4301,270,1000.0,47,0,1,0.667700953590879,False,277.6584235421646,2.7431078462086944,False,False
340.47,4302,t4302,300,250.0,71,9,10,0.6623093832535746,False,78.50182792342108,2.9481712526576116,False,False
340.52,4303,t4303,170,700.0,73,4,10,0.674878394429996,False,102.57055481867052,1.8021769838397963,False,False
340.62,4304,t4304,120,75.0,61,0,6,0.670652781070955,True,8.674407751171906,1.2822549670418053,True,False
340.67,4305,t4305,120,75.0,63,5,4,0.6490526874357795,True,8.83127340864505,1.123021653450508,True,False
340.72,4306,t4306,220,150.0,79,0,6,0.6726703921162026,True,37.418662586557474,2.078995180217076,True,False
340.85,4307,t4307,170,100.0,72,2,6,0.6622318213872275,True,16.133009477991664,1.5431069365784933,True,False
340.87,4308,t4308,80,50.0,73,1,6,0.6454398740698954,True,3.287653576189207,0.8739050284221517,True,False
340.92,4309,t4309,120,75.0,46,8,2,0.6609480639257878,True,8.811676137472013,1.2173697308484204,True,False
340.94,4310,t4310,170,500.0,96,7,10,0.6659228119267077,True,74.82444382548287,1.6350960569280675,True,False
341.07,4313,t4313,120,75.0,25,1,6,0.6479617432551642,True,7.6179798549265465,1.189736444827253,True,False
341.4,4314,t4314,300,1000.0,71,0,6,0.6746476509405452,False,353.2306009476818,3.214201692240503,False,False
341.51,4315,t4315,300,250.0,90,0,6,0.670411364588401,True,69.7042203405295,3.0684916426559887,True,False
341.62,4316,t4316,220,150.0,45,1,6,0.6504331750567275,True,34.20394827619838,2.1116829382169744,True,False
341.64,4317,t4317,170,500.0,55,2,5,0.6524410048155019,False,68.44378186416452,1.7001328806391303,False,False
341.68,4318,t4318,220,150.0,35,5,1,0.6632395090940587,True,32.658354677501805,2.3358691542318293,True,False
341.7,4319,t4319,220,700.0,49,6,1,0.6793958112196127,False,127.64373689876699,2.0731978638442676,False,False
341.71,4320,t4320,270,900.0,28,4,2,0.6772209703262929,False,290.21736071781527,2.82264438378329,False,False
341.84,4321,t4321,270,900.0,24,3,6,0.659686830987419,False,210.1597032692413,2.770851319115284,False,False
341.85,4322,t4322,300,250.0,31,9,8,0.6680717417196046,False,74.04021278933305,2.9239197471669853,False,False
341.93,4323,t4323,80,50.0,46,2,4,0.6610139263229277,True,4.479899369357277,0.8130354031492468,True,False
342.05,4325,t4325,170,100.0,36,3,6,0.6559012761858524,True,15.871616769172899,1.798000109825288,True,False
342.07,4326,t4326,220,900.0,41,0,6,0.6724338039632997,False,206.31667088071708,2.2932487154119716,False,False
342.07,4327,t4327,120,75.0,52,7,6,0.6510182386252503,True,10.168898782551377,1.1426797054304483,True,False
342.15,4328,t4328,300,250.0,87,0,5,0.6675174343793089,True,61.47326468951956,2.8210082476021268,True,False
342.3,4329,t4329,270,200.0,84,2,6,0.6644178516261495,True,52.24422209989864,2.827928640893591,True,False
342.72,4331,t4331,80,50.0,55,8,10,0.6626488658697143,True,4.680525193041987,0.726101510833738,True,False
342.82,4332,t4332,170,500.0,89,3,5,0.6456725349411346,False,96.51743870349779,1.8071315550680687,False,False
342.97,4333,t4333,170,500.0,41,8,2,0.6631597693139387,False,98.80567817331568,1.6442603922837213,False,False
342.99,4334,t4334,300,250.0,33,5,6,0.6578312114674522,False,89.97518102291995,3.136971696482549,False,False
343.0,4335,t4335,300,250.0,32,10,4,0.6828124439051241,False,63.97528261799898,3.0545160695631672,False,False
343.1,4336,t4336,220,150.0,50,6,1,0.675064561661887,True,33.59493178653681,2.1428158698259985,True,False
343.17,4337,t4337,300,250.0,95,8,10,0.6649780703705018,True,68.63267727445836,3.2816299508598306,True,False
343.26,4338,t4338,300,250.0,43,1,5,0.6596226832715689,False,81.84869477913811,2.784916118213003,False,False
343.37,4339,t4339,170,100.0,61,2,5,0.6488003665373737,True,15.357148757935366,1.7565690739567672,True,False
343.39,4340,t4340,300,250.0,34,5,1,0.6654053855788441,False,89.72692898986917,2.9833239249980728,False,False
343.43,4341,t4341,170,700.0,73,1,8,0.6212307378113469,False,122.70011055004954,1.5614180579834223,False,False
343.46,4342,t4342,80,50.0,75,2,6,0.6665601612602933,True,3.912286426567899,0.7516669962232999,True,False
343.55,4343,t4343,80,50.0,81,2,4,0.6633758296146509,True,3.3115636996792435,0.7625730286263305,True,False
343.63,4344,t4344,170,100.0,71,4,10,0.6706374932080627,True,20.0271931711019,1.7713352880365496,True,False
343.63,4345,t4345,170,100.0,38,5,4,0.6516538155052457,True,16.281967321819714,1.7888618768303879,True,False
343.94,4347,t4347,300,250.0,37,4,10,0.6726554100105681,False,67.92342681053938,3.1319110783271062,False,False
344.1,4348,t4348,270,200.0,75,9,5,0.6624003155884617,True,45.73950784681564,2.7371520169855685,True,False
344.13,4349,t4349,220,700.0,21,3,4,0.6463164644244365,False,172.85392454649096,2.0310431307791315,False,False
344.18,4350,t4350,300,250.0,30,7,6,0.6535800556709271,False,79.29920692141881,2.790670194763857,False,False
344.19,4351,t4351,220,150.0,49,0,6,0.6682417945507003,True,31.543450225315492,1.9948869846577706,True,False
344.2,4352,t4352,270,1000.0,41,6,10,0.6312657629235022,False,225.91288302007752,2.5373341603423802,False,False
344.28,4353,t4353,300,1000.0,44,4,10,0.6684589684770234,False,281.86568060726046,3.238774668934852,False,False
344.4,4354,t4354,220,900.0,48,9,5,0.6645829759433591,False,233.385701821341,2.3178968393908947,False,False
344.42,4355,t4355,300,250.0,32,2,6,0.6686596247017541,False,63.26473287097728,3.1335093700729475,False,False
344.54,4357,t4357,170,700.0,35,0,5,0.6695977523583895,False,136.84311457336602,1.8348025482069537,False,False
344.72,4358,t4358,220,900.0,55,2,4,0.6656904948405397,False,201.26165987445987,2.267999586064733,False,False
344.77,4359,t4359,270,1000.0,36,1,5,0.6556868962728043,False,290.0397485244456,2.869696649215429,False,False
345.09,4362,t4362,80,50.0,73,3,6,0.6583654324803172,True,3.446663170562715,0.7743416717587936,True,False
345.34,4364,t4364,170,500.0,96,4,2,0.6730847327379489,True,72.94439687206793,1.818352411707054,True,False
345.36,4365,t4365,220,150.0,92,3,6,0.6607803056488927,True,32.91495998875031,2.3648900767859384,True,False
345.49,4366,t4366,120,75.0,20,0,6,0.670307625326353,True,9.269746445460834,1.228656363357916,True,False
345.53,4367,t4367,300,250.0,59,1,8,0.6179345845935813,False,80.19935019023424,2.995119263354046,False,False
345.59,4370,t4370,170,500.0,90,9,5,0.6605479830911586,True,77.53500763148917,1.7841389032865476,True,False
345.59,4369,t4369,80,50.0,41,8,10,0.6672606907812736,True,3.427558167874813,0.7914074693218955,True,False
345.59,4368,t4368,170,100.0,45,5,6,0.6540827690562848,True,19.187299290884493,1.568435393932423,True,False
345.71,4371,t4371,170,100.0,68,3,5,0.6421672660604938,True,17.966149786206906,1.741999414821932,True,False
345.86,4372,t4372,270,200.0,65,4,2,0.6752052199013717,True,60.38362915287072,2.7942421631722127,True,False
345.91,4374,t4374,120,75.0,22,5,4,0.6542029210133227,True,10.744090105830034,1.3186264663171052,True,False
345.91,4373,t4373,120,75.0,82,4,2,0.677283297321526,True,8.023533198538535,1.1404079105561344,True,False
345.98,4375,t4375,120,75.0,25,5,4,0.6567010444112381,True,9.269216795704907,1.260511289011405,True,False
346.1,4376,t4376,170,500.0,40,1,6,0.6528551782222597,False,100.45204342791533,1.803424308122373,False,False
346.17,4377,t4377,120,75.0,88,4,1,0.6669559690033692,True,9.357007011078228,1.1643558231469326,True,False
346.22,4378,t4378,270,900.0,50,8,1,0.6548059697072788,False,256.62408455061836,2.8317723799836694,False,False
346.24,4379,t4379,170,500.0,24,5,6,0.6565832954933409,False,69.76479630020658,1.7440176773882505,False,False
346.59,4381,t4381,80,50.0,34,4,5,0.6669705669219502,True,4.199937576039819,0.8100537211126531,True,False
346.69,4382,t4382,270,200.0,45,0,6,0.6723321394864926,False,48.84654945700043,2.8015053056945094,False,False
346.78,4383,t4383,300,250.0,54,8,2,0.6591532405943267,False,67.17988917679762,3.0462495249771147,False,False
346.88,4384,t4384,270,200.0,92,10,6,0.6642847305220171,False,61.07633540161228,2.880971439789467,True,False
346.89,4385,t4385,270,200.0,63,1,6,0.6490547413244812,False,48.27778759376769,2.503340016492488,True,False
347.0,4386,t4386,220,900.0,32,6,1,0.676993937095316,False,185.97833343108857,2.248098341584659,False,False
347.06,4387,t4387,270,200.0,96,6,1,0.6727107250200762,True,58.97230224985837,2.6890957287937765,True,False
347.44,4391,t4391,270,200.0,84,7,10,0.6681865375063554,True,46.51144564543335,2.9139082894930293,True,False
347.44,4390,t4390,80,50.0,39,3,4,0.6427983169541296,False,3.6755886749768214,0.721531799960168,True,False
347.48,4392,t4392,120,75.0,63,6,8,0.6595895680235516,True,9.401164084405995,1.1266711156367726,True,False
347.62,4393,t4393,270,200.0,48,9,8,0.6641184887033943,False,50.287475520752295,2.475337913238682,False,False
347.66,4394,t4394,270,200.0,94,0,8,0.667504827136282,True,48.82883458643317,2.5337187002722654,True,False
347.7,4395,t4395,120,75.0,77,6,1,0.6746871771863415,True,9.025731703635774,1.212516544327293,True,False
347.82,4396,t4396,220,150.0,91,1,8,0.6147043544401714,True,38.075755638618375,1.9975057486637935,True,False
347.91,4397,t4397,300,1200.0,82,10,2,0.6699812433642209,False,331.0882896820865,3.070771657245639,False,False
347.94,4398,t4398,300,1000.0,96,5,4,0.659149205341195,False,259.69358181211607,2.75123828933158,False,False
347.95,4399,t4399,170,100.0,54,7,6,0.6499166363756904,True,14.120264944670591,1.8691094400732984,True,False
347.97,4400,t4400,270,1000.0,54,2,4,0.6617848667619107,False,276.1077878580237,2.518637869630502,False,False
347.98,4401,t4401,220,700.0,97,7,6,0.6525004854663584,False,145.0818617126992,2.1900887681518446,False,False
348.02,4402,t4402,270,200.0,49,8,2,0.6552268424491067,False,53.56208589233114,2.577772148845701,False,False
348.14,4403,t4403,220,700.0,30,7,8,0.649570883853215,False,168.03935643512716,2.216301536129909,False,False
348.26,4404,t4404,270,1000.0,41,9,5,0.6627676900960021,False,244.96405505780194,2.6605217253360434,False,False
348.29,4405,t4405,120,75.0,50,6,10,0.6278971143316988,True,9.930361370517298,1.224399522455726,True,False
348.36,4406,t4406,170,100.0,97,7,10,0.6704049885744101,True,18.17361936617921,1.6723679623548418,True,False
348.39,4407,t4407,80,50.0,67,8,5,0.6521422341335036,True,3.72496330769169,0.7793816877978865,True,False
348.52,4408,t4408,270,1000.0,64,5,1,0.6613539445339339,False,304.7562825383076,2.843128816886669,False,False
348.66,4409,t4409,220,150.0,33,0,6,0.6681421633634294,False,36.70086826527976,1.9886368726654384,False,False
348.7,4410,t4410,80,50.0,38,10,4,0.6784128616936882,True,3.892420964565698,0.7630919063197439,True,False
348.82,4411,t4411,120,75.0,66,3,6,0.6631468813540966,True,7.543560928370287,1.1770073462918933,True,False
348.85,4412,t4412,300,250.0,28,5,4,0.6553744030525529,False,70.78245052671342,2.7559610969831403,False,False
349.03,4414,t4414,300,250.0,23,1,6,0.6453303131646582,False,82.93897593593199,3.1820179398714323,False,False
349.3,4415,t4415,220,150.0,88,8,10,0.6694976587838299,True,33.489457779980434,2.3533086389856877,True,False
349.32,4416,t4416,270,900.0,25,6,8,0.6619799584812623,False,195.42351206610843,2.694422870745108,False,False
349.4,4417,t4417,80,50.0,34,2,5,0.6514065410248081,True,3.6305365024222582,0.8697070589216127,True,False
349.46,4418,t4418,80,50.0,88,10,4,0.6802752711264811,True,3.8869499603066866,0.7484218774304999,True,False
349.47,4419,t4419,170,500.0,30,1,8,0.6177127288898294,False,72.05762136660269,1.571761586527695,False,False
349.56,4420,t4420,170,100.0,21,6,8,0.658148541129819,True,15.901579525783571,1.7076439007763913,True,False
349.67,4421,t4421,270,200.0,61,1,5,0.6518298250140148,True,58.771202045781536,2.4857678835989994,True,False
349.82,4423,t4423,300,250.0,62,7,6,0.6488586575752131,False,72.06564894640341,2.856221873549815,False,False
349.96,4424,t4424,80,50.0,62,9,8,0.6602443007475082,True,4.702968315627541,0.7456214805497686,True,False
350.07,4427,t4427,300,250.0,44,6,1,0.6766241003092813,False,75.27729386828798,3.0010537514550255,False,False
350.08,4428,t4428,170,700.0,63,10,2,0.6657100800353981,False,96.57827667461783,1.7763910046654678,False,False
350.2,4429,t4429,220,150.0,99,4,5,0.6692133374016931,True,33.03379977713272,2.0287647871417755,True,False
350.47,4431,t4431,270,200.0,83,2,4,0.6579573512448543,True,52.950132064014674,2.5486389060724743,True,False
350.79,4434,t4434,80,50.0,22,0,10,0.668820747693609,True,4.773567247060925,0.8630532932580497,True,False
350.86,4436,t4436,170,500.0,48,7,10,0.6725790706211038,False,68.78351421771374,1.6893449263236682,False,False
350.89,4437,t4437,300,1000.0,65,9,5,0.6587690029607488,False,344.3196798379039,3.2146090869943427,False,False
350.89,4438,t4438,170,100.0,61,6,1,0.6723482849697623,True,17.469466224035163,1.81225145267297,True,False
351.16,4439,t4439,220,900.0,83,8,2,0.6513789722667912,False,220.41340823433592,2.403101839324595,False,False
351.28,4441,t4441,170,100.0,39,6,10,0.6307698387117315,True,18.69656706739352,1.598681956284644,True,False
351.3,4442,t4442,300,1200.0,54,3,6,0.6654661255451965,False,393.60367293907206,2.8803208602958534,False,False
351.4,4443,t4443,300,250.0,29,4,1,0.6691990314414836,False,68.61835208976147,3.231616244399921,False,False
351.54,4444,t4444,120,75.0,89,0,4,0.6673172947420744,True,9.40450948155519,1.1670383086988225,True,False
351.6,4445,t4445,220,150.0,74,9,8,0.6626215965507399,False,38.389664877662376,2.1287807981275204,True,False
351.67,4446,t4446,270,200.0,78,10,8,0.6612705861643665,True,59.61319922226812,2.780407131755615,True,False
351.73,4447,t4447,80,50.0,55,7,10,0.6685356710268634,True,4.017177052272822,0.7799064199012462,True,False
351.75,4448,t4448,300,250.0,78,2,5,0.6539605920224937,True,75.9003556733852,2.9777470427301638,True,False
352.04,4449,t4449,80,50.0,91,1,5,0.6542238951804012,True,3.277338224017611,0.7949465782653976,True,False
352.13,4450,t4450,170,500.0,66,8,10,0.6716898874263352,False,90.23069206705331,1.7702482665551018,False,False
352.55,4453,t4453,170,700.0,43,7,4,0.6525907940896983,False,131.58176943012654,1.568599509517083,False,False
352.69,4454,t4454,270,200.0,49,0,10,0.6706369041683082,True,43.297447138404245,2.902790708961985,True,False
352.77,4455,t4455,170,100.0,77,0,8,0.669457192132018,True,19.758104478131607,1.661381225855891,True,False
353.17,4456,t4456,270,200.0,86,6,10,0.6335851086041636,True,62.686958840486874,2.5474059170068615,True,False
353.18,4457,t4457,220,150.0,25,5,4,0.6516750968096837,False,32.438360543676616,2.204594859246398,False,False
353.19,4458,t4458,170,500.0,46,5,6,0.652859811401656,False,77.31177623859136,1.847328836231041,False,False
353.19,4459,t4459,270,200.0,75,9,10,0.6584713774066849,True,47.76910437100932,2.6479473885945373,True,False
353.2,4460,t4460,300,250.0,44,10,4,0.6821004323706182,False,89.92410541176247,3.173111738358011,False,False
353.25,4461,t4461,270,200.0,78,9,5,0.6548502895682003,True,47.841925588552776,2.524235587076613,True,False
353.33,4462,t4462,300,1200.0,80,4,2,0.6793198131932773,False,371.19862497311306,3.2705743130777623,False,False
353.59,4463,t4463,120,75.0,83,3,6,0.6615649848524744,True,7.831410198863251,1.1539173538793634,True,False
353.7,4464,t4464,270,200.0,22,4,5,0.6714112524718411,False,45.80267119714744,2.7241345491882134,False,False
353.9,4466,t4466,300,250.0,64,2,5,0.6564635620002256,False,80.39816898244777,2.9044541738843614,False,False
353.96,4467,t4467,270,200.0,97,9,10,0.660884131676733,False,43.6627215278856,2.812047156394228,True,False
354.1,4469,t4469,220,150.0,96,0,4,0.6694016155138997,True,34.61470029817475,2.2225461874648564,True,False
354.19,4471,t4471,80,50.0,45,9,8,0.6587773464379069,True,4.59079711136275,0.767890485255716,True,False
354.25,4472,t4472,270,200.0,77,7,10,0.670747139424508,True,62.07834700556273,2.576171568968306,True,False
354.3,4474,t4474,80,50.0,58,5,4,0.6480497766916719,True,4.5610469123445805,0.7786697802611894,True,False
354.4,4475,t4475,80,50.0,91,3,10,0.6409067135466935,True,4.2035065984191595,0.7917894360090878,True,False
354.56,4476,t4476,80,50.0,33,9,10,0.6570746308613802,True,3.3437530680888177,0.7678098388220728,True,False
354.58,4477,t4477,300,1200.0,52,4,6,0.6658716255166368,False,374.638540716258,2.932025474959142,False,False
354.64,4478,t4478,270,200.0,88,1,6,0.6416803735680318,True,52.84734883432961,2.7029236387060895,True,False
354.75,4479,t4479,170,100.0,23,0,4,0.6714442498702883,True,18.93313730166181,1.6174013692152118,True,False
354.78,4480,t4480,80,50.0,65,8,5,0.6546815712690153,True,3.26254062413059,0.8301880162533497,True,False
354.81,4481,t4481,170,500.0,43,7,4,0.6489471600260862,False,80.69722803518934,1.8347981082005247,False,False
354.83,4482,t4482,220,150.0,92,2,6,0.6645430988743856,True,31.98254682143989,2.2168666858137693,True,False
354.92,4483,t4483,170,100.0,20,10,2,0.6615243399731516,True,19.27195321399762,1.6156427578623382,True,False
354.96,4484,t4484,270,200.0,91,1,8,0.6144869358504943,True,53.34836993367776,2.6707626164987674,True,False
355.05,4485,t4485,120,75.0,24,2,5,0.6527424725784029,True,9.00003015449144,1.2861575064462576,True,False
355.09,4486,t4486,120,75.0,38,9,10,0.6595153200623344,True,8.691105590876159,1.170576566939509,True,False
355.2,4487,t4487,270,200.0,48,9,5,0.6571839504435031,True,44.08260858376189,2.6357711542489657,True,False
355.39,4489,t4489,220,900.0,35,0,10,0.6724167375135135,False,208.98556555586512,2.020034231909141,False,False
355.4,4490,t4490,170,100.0,40,10,8,0.6636273562592611,True,18.935837039590332,1.6300159152984806,True,False
355.99,4498,t4498,270,200.0,65,2,4,0.6603803860381391,True,60.486957710163324,2.562377561252084,True,False
356.0,4500,t4500,220,700.0,54,2,5,0.6552698049450166,False,162.0503556883793,2.1967498520676316,False,False
356.11,4501,t4501,270,200.0,61,8,4,0.6512794853672655,False,62.000305358275256,2.952367883648609,False,False
356.25,4502,t4502,270,200.0,77,0,10,0.6679869741918147,False,57.09655125362774,2.6877038935596205,True,False
356.28,4503,t4503,300,250.0,93,4,2,0.6751415987475936,True,78.16188337046694,3.1070962481460116,True,False
356.46,4504,t4504,170,100.0,41,5,4,0.6506709629760202,True,20.17858645189585,1.6547095879891154,True,False
356.51,4505,t4505,80,50.0,28,3,6,0.6639158669736067,True,3.802072450842279,0.7911666893981509,True,False
356.52,4506,t4506,170,100.0,85,1,5,0.6565700839434598,True,13.969977595813143,1.5948274244075424,True,False
356.66,4507,t4507,270,1000.0,29,10,4,0.6777150903898724,False,255.30976263570142,2.6627763263330517,False,False
356.88,4508,t4508,220,150.0,79,0,8,0.6713705098278391,True,38.6027857940078,2.4032152472311727,True,False
356.9,4509,t4509,170,500.0,92,8,1,0.6508383118515948,True,84.35778136805992,1.5357213846467825,True,False
356.98,4510,t4510,270,900.0,25,3,10,0.6433910408142212,False,199.13218365114298,2.6372330232084655,False,False
357.13,4511,t4511,120,75.0,85,0,5,0.6654624639778882,False,10.673088394516112,1.2135966602192196,True,False
357.9,4512,t4512,120,75.0,74,1,6,0.6442774327633377,True,10.744926259302972,1.224232434567413,True,False
358.0,4513,t4513,80,50.0,32,10,4,0.6734174552487416,True,3.4384098487630546,0.8335247660253396,True,False
358.02,4514,t4514,300,250.0,53,3,10,0.6396516815363982,False,75.22534421176671,3.093445548599705,False,False
358.05,4515,t4515,220,900.0,91,1,5,0.6588693489312573,False,206.37535797980846,2.372587789523335,False,False
358.23,4516,t4516,220,700.0,65,0,2,0.6652018178986662,False,174.81412980947894,2.260411467224988,False,False
358.3,4517,t4517,220,150.0,58,8,1,0.6531240071530244,True,30.611093813697998,2.400497964922885,True,False
358.44,4518,t4518,270,900.0,75,10,2,0.6635963147121502,False,213.02986044063212,2.6178875490068516,False,False
358.47,4519,t4519,80,50.0,41,1,8,0.6174996586719459,True,3.6034074765762623,0.8067779366574013,True,False
358.48,4520,t4520,220,150.0,60,4,2,0.6772209485908235,True,38.519762572789624,2.1508964426332895,True,False
358.49,4521,t4521,300,250.0,92,1,8,0.6204521270369685,True,66.05506622457256,3.233694774981039,True,False
358.62,4522,t4522,170,100.0,59,4,1,0.6652232326308358,True,18.055323905190576,1.6549897151331403,True,False
358.63,4523,t4523,170,700.0,33,8,5,0.6571701216618168,False,122.18673430653153,1.6451151071893602,False,False
358.83,4525,t4525,300,250.0,58,6,10,0.636344073098747,False,71.20205202860879,3.250701809103866,False,False
358.86,4526,t4526,80,50.0,24,6,8,0.6605677521254044,True,4.549641019172058,0.7296820467314993,True,False
358.93,4527,t4527,270,900.0,53,10,4,0.6753797728104335,False,247.04744147135796,2.695742151038097,False,False
359.06,4528,t4528,220,150.0,49,6,1,0.6743319859370337,True,36.211029567804886,2.1155388917476166,True,False
359.12,4529,t4529,170,100.0,95,2,6,0.6666829035635645,True,17.238138143425687,1.6452642246259623,True,False
359.21,4531,t4531,220,150.0,93,8,10,0.6676642714959903,True,38.84837327244748,2.419826498553885,True,False
359.31,4532,t4532,300,1000.0,40,7,10,0.6729143784541997,False,282.1403796207406,3.125408178972937,False,False
359.41,4533,t4533,270,1000.0,39,2,4,0.6627549601355581,False,257.40634890243865,2.787220484849366,False,False
359.48,4534,t4534,170,700.0,56,4,5,0.667391209240586,False,101.19910163422072,1.8100837699755752,False,False
359.5,4535,t4535,220,900.0,71,9,8,0.6611839813273306,False,228.3619443560371,2.0135566960353795,False,False
359.52,4536,t4536,80,50.0,51,4,10,0.6643464557741495,True,4.725268296437504,0.7361039497358373,True,False
359.54,4537,t4537,270,200.0,72,8,5,0.6534349010467623,True,45.21385739899738,2.8850697533669463,True,False
359.69,4538,t4538,80,50.0,59,4,2,0.679258711437189,True,3.6310107118640587,0.7715458282050736,True,False
359.76,4539,t4539,300,250.0,40,3,4,0.6393505324332288,False,88.09854714313595,2.8064842469188847,False,False
359.78,4540,t4540,220,150.0,88,5,4,0.6532397255346817,True,38.03117488531502,2.137071337067401,True,False
359.9,4541,t4541,170,500.0,87,6,1,0.6762760128849598,False,92.8963995683749,1.83599711463534,False,False
359.96,4542,t4542,170,500.0,68,8,10,0.6698931678842523,False,97.02998787880918,1.6087183274192824,False,False
360.32,4545,t4545,170,700.0,42,4,2,0.681255719026627,False,137.92082771948034,1.7045342418685503,False,False
360.34,4546,t4546,170,500.0,63,6,10,0.6328738583034387,False,84.88434969510237,1.6601334365984224,False,False
360.59,4549,t4549,170,500.0,58,9,10,0.6619071954792696,False,82.53105846138779,1.5822211237185513,False,False
360.6,4550,t4550,300,250.0,96,7,10,0.6688642727032975,True,69.13358756345954,2.8142364389823307,True,False
360.67,4551,t4551,80,50.0,64,5,6,0.6492107969918047,True,3.7856532072644784,0.7422289530750307,True,False
360.7,4552,t4552,300,250.0,68,1,6,0.6468225507747377,True,66.94562200883426,2.727331650082503,True,False
360.73,4553,t4553,80,50.0,98,6,8,0.6629385789010781,True,3.4261925004407807,0.8357345779072425,True,False
360.82,4554,t4554,270,200.0,59,5,1,0.6573835323099219,False,62.29104831600071,2.9212788581653015,False,False
360.91,4556,t4556,300,250.0,32,6,1,0.6720071592939273,False,81.2005570028112,3.271055886238927,False,False
360.98,4557,t4557,270,1000.0,75,5,1,0.6534925283303902,False,257.6195837748909,2.5607196905539458,False,False
361.02,4558,t4558,270,200.0,64,1,6,0.6493167664259095,True,63.4679707588368,2.693002810716872,True,False
361.07,4559,t4559,120,75.0,83,3,6,0.6662197314523164,True,8.625931799229258,1.1101871009204787,True,False
361.25,4561,t4561,270,200.0,87,7,5,0.6488335414317958,True,58.35236396107548,2.813365588877666,True,False
361.25,4560,t4560,120,75.0,80,5,4,0.6557571128421699,True,7.676567453735924,1.199294342625426,True,False
361.43,4562,t4562,120,75.0,31,7,2,0.6478273794637502,True,9.323257988620393,1.0896522730523992,True,False
361.48,4563,t4563,270,200.0,97,3,6,0.6684775186414519,True,50.25017952042856,2.917054890513762,True,False
361.48,4564,t4564,80,50.0,66,3,1,0.6386543984430463,True,3.5895014491442256,0.7618593616746945,True,False
361.51,4565,t4565,220,150.0,73,0,6,0.6640359867628275,True,28.695840062984885,2.2122209032764424,True,False
361.59,4567,t4567,170,100.0,72,4,10,0.6664901933253332,True,19.51456671813876,1.728806365191586,True,False
361.61,4568,t4568,170,100.0,37,2,4,0.6589080427510288,True,15.741686316336425,1.6563077489412183,True,False
361.74,4570,t4570,170,500.0,84,10,8,0.6659369909522576,False,98.44840835258756,1.6255428636915352,False,False
361.8,4571,t4571,80,50.0,30,0,4,0.6734460315395492,True,4.190622616523871,0.8346989404010299,True,False
361.93,4572,t4572,220,150.0,82,10,4,0.6711288440208915,True,30.243698827051237,2.3284713654985527,True,False
361.93,4573,t4573,220,150.0,78,8,5,0.6559483848440089,True,34.08433327621177,2.344922987009243,True,False
361.95,4574,t4574,270,200.0,59,7,10,0.6710691690674134,True,47.066872031873324,2.5479535311712627,True,False
362.31,4575,t4575,170,500.0,45,7,10,0.6732299675042469,False,98.55738532003144,1.809470301092069,False,False
362.36,4576,t4576,300,1200.0,59,8,5,0.6584115989653104,False,313.00383968301446,2.87483012995232,False,False
362.4,4577,t4577,220,150.0,92,4,10,0.6685910561254932,True,31.6350925411384,2.379756284550216,True,False
362.5,4578,t4578,80,50.0,43,6,1,0.6678236827747154,True,4.614873767171639,0.8223379355134143,True,False
362.54,4579,t4579,80,50.0,49,4,10,0.67064990166965,True,3.2747437721625707,0.868580509135187,True,False
362.65,4581,t4581,300,250.0,34,0,8,0.6732455611697439,False,87.16771770249622,2.7239871958768145,False,False
362.65,4580,t4580,300,1000.0,88,6,8,0.6652619891412385,False,278.4506759839931,2.9242168877381687,False,False
362.66,4582,t4582,80,50.0,72,9,8,0.6573684835189658,True,4.244878191810767,0.8606720251095613,True,False
362.69,4583,t4583,170,100.0,93,3,5,0.6449061025574657,True,16.4943835179163,1.734438435884305,True,False
362.73,4584,t4584,170,500.0,64,9,10,0.658077233387866,False,92.24937423886821,1.6244450237579335,False,False
362.84,4586,t4586,120,75.0,92,4,2,0.6770387864642763,True,8.61465596371804,1.2566888147851243,True,False
362.97,4587,t4587,270,200.0,63,10,8,0.6620264329513942,True,51.90227425489721,2.735715120380684,True,False
363.05,4588,t4588,270,200.0,84,7,5,0.6514390524213417,True,64.79837065668416,2.5319844517131336,True,False
363.15,4589,t4589,80,50.0,31,1,5,0.6549486286192988,True,3.3033942777982435,0.8144451743603001,True,False
363.19,4590,t4590,120,75.0,59,1,6,0.6517610977640581,True,8.2021280181907,1.2945202205886706,True,False
363.24,4591,t4591,170,700.0,40,6,10,0.6294730478040366,False,127.89939446123515,1.5914141087027311,False,False
363.29,4592,t4592,170,100.0,51,6,10,0.6261402535146224,True,19.56707953464819,1.6951574697972578,True,False
363.37,4593,t4593,80,50.0,51,4,1,0.667500949796401,True,4.6376924600306255,0.8097488144500589,True,False
363.79,4594,t4594,80,50.0,74,9,10,0.6543238705382904,True,3.605551709055016,0.7663303194009284,True,False
363.89,4595,t4595,270,1000.0,38,4,2,0.6790801925531725,False,220.42914920189622,2.8437378685248262,False,False
364.01,4596,t4596,170,700.0,47,8,1,0.6553639885484255,False,136.09317697349542,1.8280759250086718,False,False
364.25,4597,t4597,80,50.0,50,3,5,0.6475901623244983,True,4.341217422673439,0.865101676425566,True,False
364.49,4598,t4598,270,1000.0,90,3,6,0.6706901500868047,False,268.003111195374,2.9392287356643143,False,False
364.66,4600,t4600,270,1000.0,25,3,1,0.6414634922923673,False,247.68988163211282,2.9012198210663773,False,False
364.69,4601,t4601,170,500.0,80,4,1,0.6697331126186546,True,77.1084320424556,1.8334356584787392,True,False
364.72,4602,t4602,120,75.0,87,3,5,0.6502205408961902,True,9.395200521977696,1.2808810663010524,True,False
365.01,4603,t4603,170,500.0,56,4,10,0.6726675703029238,False,99.7645544987882,1.5481321192497595,False,False
365.06,4604,t4604,120,75.0,88,8,10,0.6659034863447492,True,9.55797679893777,1.1751313135643704,True,False
365.25,4605,t4605,220,150.0,73,6,8,0.6613649311765954,True,33.23801821665863,2.394025544238118,True,False
365.25,4606,t4606,300,1200.0,57,9,5,0.6594709381012996,False,312.3340404847113,3.187969899928955,False,False
365.26,4607,t4607,120,75.0,55,6,1,0.6698978757858877,False,9.723565369985163,1.1139542549478243,True,False
365.26,4608,t4608,270,1000.0,68,1,8,0.6233455460346908,False,233.4039880503126,2.748126404441783,False,False
365.4,4609,t4609,300,250.0,23,2,5,0.6515725906642982,False,74.07200922390514,3.229756261890528,False,False
365.42,4610,t4610,220,900.0,40,4,2,0.6749067705202908,False,166.86656436935013,2.2968858530937446,False,False
365.58,4613,t4613,300,1200.0,87,9,5,0.6555381860059403,False,360.4429420223188,2.991276917225942,False,False
365.75,4615,t4615,270,900.0,78,4,2,0.6708168169280669,False,253.04466058898765,2.6050350640333604,False,False
365.75,4614,t4614,300,1200.0,97,7,5,0.6539924531910967,False,423.06605758146316,2.732549970128272,False,False
365.82,4616,t4616,270,200.0,56,10,8,0.6643680861105482,True,50.17220814100558,2.530485980540374,True,False
365.88,4617,t4617,220,700.0,65,2,6,0.6687799121589599,False,142.02179657514597,2.3272891061072682,False,False
365.91,4618,t4618,270,1000.0,46,9,8,0.6598032956667682,False,295.0680213928102,2.836172654758051,False,False
365.93,4619,t4619,170,500.0,36,10,4,0.6731369338071403,False,84.9857167871702,1.6591037165125109,False,False
366.17,4620,t4620,220,150.0,39,3,1,0.6380424042647017,True,33.275629718193365,2.400101305943001,True,False
366.41,4622,t4622,170,100.0,66,0,6,0.6661859336942376,True,19.37166782219163,1.6415762878664606,True,False
366.56,4623,t4623,220,150.0,59,9,10,0.6568195749457065,True,36.26385708022712,2.13514114914501,True,False
366.58,4624,t4624,300,1200.0,52,10,6,0.6602557025782433,False,398.89385801730543,3.1276672747781182,False,False
366.65,4625,t4625,270,1000.0,43,5,4,0.6582241524035083,False,288.56866804551964,2.8271861611203972,False,False
366.74,4626,t4626,270,200.0,92,8,1,0.6513851703159186,True,56.55934911698474,2.6557744665088907,True,False
366.83,4627,t4627,300,1000.0,92,10,2,0.6594528499563688,False,285.74293497573854,3.03952400505531,False,False
366.84,4628,t4628,170,100.0,36,9,8,0.6560154115716147,True,17.25463342571928,1.5407425567181894,True,False
366.94,4629,t4629,220,150.0,25,8,10,0.6681675984360359,False,28.945404522732765,2.1903037151422318,False,False
367.09,4630,t4630,270,200.0,47,2,4,0.6613120637141899,False,50.84243490225579,2.9296482178851004,False,False
367.22,4631,t4631,270,1000.0,91,2,4,0.657494004258088,False,283.01407159639956,2.693004675079202,False,False
367.26,4633,t4633,270,200.0,48,2,6,0.6646609805824474,False,59.97763180301487,2.911393602356214,False,False
367.26,4634,t4634,300,250.0,97,10,8,0.666662906206519,True,70.3630561972616,3.090242531007191,True,False
367.38,4635,t4635,300,1200.0,21,3,5,0.6527983118964481,False,400.3018176842204,2.8228229211703004,False,False
367.5,4638,t4638,300,250.0,32,8,10,0.664212428285497,False,89.2602867195952,2.9218021690932963,False,False
367.58,4639,t4639,220,150.0,87,1,6,0.6541565424754435,True,35.90824590128938,2.3302062509296877,True,False
367.65,4640,t4640,80,50.0,28,6,8,0.6637198143712454,True,4.069229113494764,0.8709211140431942,True,False
367.67,4641,t4641,220,700.0,46,8,1,0.6536599284480618,False,124.90566195990324,2.072820155224036,False,False
367.83,4643,t4643,80,50.0,97,2,6,0.6606244276374651,True,3.4406026207188187,0.8541190083751847,True,False
368.09,4645,t4645,120,75.0,97,3,5,0.649150527476701,True,10.223129454102889,1.1224846076937027,True,False
368.1,4646,t4646,220,150.0,80,5,1,0.6496793444304491,True,39.017976791622054,2.1049310848031175,True,False
368.1,4647,t4647,300,1200.0,46,8,1,0.6497151914175621,False,425.078144669175,2.7064212084623147,False,False
368.18,4649,t4649,80,50.0,56,1,6,0.6565040782926014,True,4.487736119534098,0.8227295264899661,True,False
368.27,4650,t4650,120,75.0,57,6,10,0.6290481151109967,True,10.594590546360008,1.1573780911581608,True,False
368.28,4651,t4651,220,150.0,73,10,4,0.6689308617976643,True,28.35563289953041,2.2950489709816075,True,False
368.3,4652,t4652,170,100.0,99,10,1,0.6591873682709004,True,18.913024849167332,1.8265431718041583,True,False
368.3,4653,t4653,80,50.0,70,3,6,0.6666845289032505,True,3.448238002811592,0.856325786787394,True,False
368.35,4654,t4654,80,50.0,66,3,6,0.6689330201433672,True,4.028551935374107,0.7848941994711035,True,False
368.51,4655,t4655,120,75.0,44,8,10,0.6603363615379689,False,9.718734864860027,1.257191663269187,True,False
368.52,4656,t4656,220,150.0,64,1,5,0.6572803227135795,True,33.00164916598679,2.0742954621777097,True,False
368.53,4657,t4657,220,700.0,73,1,6,0.658804663393416,False,148.0669601395933,2.311176594674672,False,False
368.68,4660,t4660,120,75.0,33,0,4,0.6754077775754249,True,8.595533594370092,1.097954593256688,True,False
368.68,4659,t4659,270,200.0,87,10,1,0.6613060824439438,True,56.356793319981314,2.6004278860585224,True,False
368.69,4661,t4661,270,200.0,28,0,4,0.6773302886905831,False,58.36881453763195,2.9455254664737955,False,False
368.79,4663,t4663,80,50.0,76,9,10,0.6592653652649741,True,4.492738721122577,0.8522770327802136,True,False
368.79,4664,t4664,270,200.0,93,3,1,0.6408637379975896,True,62.460055876150705,2.8112955737931635,True,False
368.84,4665,t4665,270,200.0,97,10,4,0.6709829112283775,True,58.1864063754646,2.8012076177109178,True,False
368.91,4666,t4666,80,50.0,72,2,4,0.6537523059911081,True,3.9813141130020657,0.8065773205280374,True,False
368.93,4667,t4667,170,100.0,92,5,4,0.6544678511736199,False,14.792534465619212,1.793191105899512,True,False
368.95,4668,t4668,170,100.0,68,9,8,0.6584772851583643,True,13.769763061122886,1.6765279699704683,True,False
368.99,4669,t4669,300,1000.0,78,9,8,0.6608899212733789,False,316.16689134968215,3.0739166665822104,False,False
369.13,4671,t4671,220,900.0,67,7,2,0.6503014985411418,False,176.0162469239743,2.2430187101973935,False,False
369.15,4672,t4672,220,150.0,98,7,5,0.6503207859454566,True,35.97843912933503,1.9960492093903988,True,False
369.41,4674,t4674,300,250.0,48,8,10,0.6565378161253913,False,62.08227956466409,3.1964901466938622,False,False
369.66,4676,t4676,270,200.0,36,10,8,0.6689118299005705,False,62.09619348983985,2.851815153759499,False,False
369.8,4677,t4677,220,150.0,69,4,2,0.6668086624076873,True,36.151046226398876,1.9816580330821298,True,False
370.31,4678,t4678,220,150.0,30,1,6,0.6548852367922143,False,33.72239193861651,2.3649770551812095,False,False
370.33,4680,t4680,170,500.0,92,5,1,0.6521164242085067,False,100.89100794871494,1.592272964003369,False,False
370.33,4679,t4679,170,100.0,20,0,6,0.6682928816870195,True,16.637597163266797,1.7303090802503702,True,False
370.44,4681,t4681,270,200.0,29,9,10,0.6616622397778565,False,43.73932147102567,2.5300766388719755,False,False
370.67,4682,t4682,270,200.0,27,5,1,0.6483307623910032,False,47.67875141874464,2.527465033510498,False,False
370.7,4683,t4683,270,900.0,87,4,1,0.6719206321844634,False,279.6447655080285,2.949495204300734,False,False
370.72,4684,t4684,120,75.0,59,5,4,0.6507866759683293,True,8.97748833827543,1.278942916638749,True,False
370.89,4685,t4685,300,250.0,66,6,10,0.6318978194754434,False,78.96933306787419,2.7116507604232636,False,False
370.97,4686,t4686,120,75.0,77,10,4,0.6729939196704767,True,7.428159555140913,1.1778175336561418,True,False
371.01,4687,t4687,120,75.0,67,8,5,0.6546515488041861,True,8.523848419645162,1.1728084487956223,True,False
371.18,4688,t4688,120,75.0,86,1,6,0.6510441987230368,True,9.25543781158523,1.2168447497871646,True,False
371.25,4689,t4689,170,100.0,65,7,5,0.6528965520447293,True,18.79413189728213,1.8369652434926,True,False
371.4,4690,t4690,270,200.0,99,9,8,0.657080304666093,True,54.98254977435362,2.5102006404075206,True,False
371.41,4691,t4691,120,75.0,56,3,1,0.6436286450558195,True,8.614165530448311,1.2785365634671542,True,False
371.58,4692,t4692,170,100.0,72,5,4,0.6533531242671445,True,17.689344510285096,1.5787646988610708,True,False
371.67,4693,t4693,300,250.0,73,2,6,0.6628426057513824,False,88.87697508864822,3.261603621772272,False,False
371.71,4694,t4694,120,75.0,75,10,1,0.6633824223335265,True,8.646688138108608,1.0972129617511033,True,False
371.8,4695,t4695,120,75.0,72,3,5,0.6517496987453488,True,8.033457486983744,1.1105617994543524,True,False
371.83,4697,t4697,270,200.0,94,3,5,0.6542968865886237,True,51.98899058594935,2.826612905130329,True,False
371.83,4696,t4696,170,500.0,70,7,10,0.6691735499723438,False,90.13122394754265,1.6562870734691089,False,False
371.9,4698,t4698,270,200.0,83,7,10,0.6651982607910788,True,61.60705706920977,2.68358539839062,True,False
371.94,4699,t4699,300,1200.0,67,1,5,0.6595653829259746,False,351.3331176071722,2.9717524963403354,False,False
372.11,4700,t4700,300,1000.0,45,2,5,0.6479493206691941,False,317.1071181832664,2.989524344186197,False,False
372.12,4701,t4701,220,900.0,26,7,2,0.6465521352369857,False,165.3143828327872,2.028186418483258,False,False
372.17,4702,t4702,80,50.0,36,1,6,0.6534539814152426,True,3.900864642015528,0.7730243328219916,True,False
372.3,4704,t4704,220,150.0,33,4,1,0.667890401358956,False,34.54384738624723,2.418072342817427,False,False
372.32,4705,t4705,220,150.0,57,4,1,0.6639407751499586,True,36.87574189410205,2.369937001789029,True,False
372.39,4706,t4706,300,1200.0,40,5,4,0.6558682435999835,False,300.5163229246913,2.8698100482429716,False,False
372.66,4707,t4707,170,100.0,68,8,5,0.6571406996462842,True,14.838721960993498,1.5591314030567969,True,False
372.76,4708,t4708,270,1000.0,40,7,5,0.6554208028220165,False,297.3323292432831,2.6892781106260597,False,False
372.8,4709,t4709,80,50.0,61,0,4,0.673040349583438,True,4.273122123784131,0.7608811895526276,True,False
373.06,4710,t4710,220,150.0,97,0,6,0.6703576907199459,True,34.44836648050015,2.0092783676713757,True,False
373.07,4711,t4711,220,150.0,56,5,4,0.6521590605461657,True,34.53539613540999,2.0380525891182133,True,False
373.3,4712,t4712,300,1200.0,64,6,8,0.6660275999020023,False,292.5957192670952,2.8670839585213015,False,False
373.42,4713,t4713,80,50.0,53,10,4,0.6749647079437339,True,3.278630359802233,0.8623450854635156,True,False
373.53,4714,t4714,120,75.0,74,9,8,0.659520880390953,True,9.273413274663639,1.1979888443219466,True,False
373.57,4715,t4715,220,700.0,27,2,6,0.6588424203030215,False,130.77627073932763,2.1782695805008507,False,False
373.65,4716,t4716,300,250.0,86,5,4,0.6546980611534242,True,71.98792454354921,3.0925246525676116,True,False
373.84,4717,t4717,220,150.0,78,3,6,0.6711365415586817,True,29.289822361550115,2.2611613308683802,True,False
373.86,4718,t4718,300,250.0,59,4,2,0.6690546709777154,False,72.1839978202029,3.1847890378277897,False,False
374.23,4720,t4720,270,200.0,58,4,1,0.6662441414651413,True,48.59538686831972,2.6902599098041997,True,False
374.26,4721,t4721,80,50.0,67,10,1,0.6654172354253176,True,3.558988012302833,0.78981388758981,True,False
374.35,4722,t4722,170,700.0,91,4,10,0.668470885563532,False,140.72776124160654,1.6346727967054857,False,False
374.4,4723,t4723,80,50.0,57,0,6,0.6723812035722135,True,3.2944571349172262,0.7564847382737172,True,False
374.43,4724,t4724,80,50.0,80,2,4,0.6562594416894677,True,3.814324009858355,0.7433815687792229,True,False
374.46,4725,t4725,270,200.0,64,3,6,0.67329599254569,True,62.87248834779088,2.7115448296311953,True,False
374.47,4726,t4726,270,900.0,59,8,10,0.6528152416210654,False,279.63039798899615,2.7936358400816883,False,False
374.64,4727,t4727,120,75.0,29,10,4,0.6768960804515258,True,9.616542656626105,1.1079447868573422,True,False
374.65,4728,t4728,300,250.0,21,9,10,0.6578371768004813,False,75.50890761726635,2.75865909997324,False,False
374.78,4730,t4730,80,50.0,56,3,5,0.6567931306750331,True,4.770665893348529,0.8517960362953851,True,False
374.86,4731,t4731,80,50.0,22,10,8,0.6649417751207408,True,3.4998712145588353,0.7319314902777925,True,False
374.87,4734,t4734,300,250.0,86,9,5,0.6516840889524882,True,85.06973502141915,3.230758655011411,True,False
374.87,4733,t4733,300,250.0,51,4,2,0.665081759376343,False,73.33033037846378,3.235439689282977,False,False
375.03,4738,t4738,170,700.0,40,1,8,0.6200070966524585,False,123.70572576954987,1.7056959542138348,False,False
375.18,4739,t4739,220,150.0,99,9,5,0.6540810738401052,True,26.624853928495977,2.3816497520509645,True,False
375.31,4740,t4740,300,250.0,42,2,6,0.6549222385636276,False,79.4048944601579,2.8375738068153487,False,False
375.59,4741,t4741,170,100.0,84,1,5,0.6556307419341217,True,18.201482477290327,1.7788309718373072,True,False
375.78,4742,t4742,170,500.0,37,3,1,0.6463382539728849,False,81.6695781070367,1.7056438920868484,False,False
375.86,4743,t4743,220,700.0,71,9,5,0.6564301190299696,False,131.59188680211582,2.0228193823911633,False,False
376.0,4744,t4744,120,75.0,69,0,8,0.6689091114848105,True,8.102167109098707,1.268031572443357,True,False
376.23,4745,t4745,270,200.0,87,5,6,0.6518087628701504,True,61.81277320857297,2.5605054835858683,True,False
376.34,4746,t4746,80,50.0,78,0,8,0.670833390793576,True,4.65816212391352,0.8426782069936142,True,False
376.46,4747,t4747,300,250.0,32,1,6,0.6558155684536044,False,63.92258802792863,3.176419688126691,False,False
376.52,4750,t4750,300,250.0,66,7,5,0.651720568583758,True,62.084433957446045,2.908880546285844,True,False
376.52,4749,t4749,80,50.0,99,2,4,0.6587164346738602,True,4.661824189306484,0.7232956379014335,True,False
376.61,4751,t4751,170,100.0,46,6,1,0.6657565849368366,True,18.34579839994981,1.8521987373672406,True,False
376.77,4753,t4753,220,150.0,55,10,8,0.6672251214365079,True,36.84570180693538,2.183314914272217,True,False
376.87,4754,t4754,220,150.0,69,6,1,0.6678721199047666,True,30.51125259028351,2.28440574387411,True,False
376.9,4755,t4755,170,100.0,74,0,4,0.6750102092584359,True,15.664126593813098,1.574610466042975,True,False
376.94,4756,t4756,170,700.0,95,5,4,0.6571862817485375,False,131.26559481929482,1.851545818873985,False,False
376.99,4758,t4758,170,500.0,52,8,10,0.6491671186068259,False,80.27818587457548,1.7087151851356381,False,False
377.01,4759,t4759,170,500.0,38,2,5,0.6443985160739919,False,69.78816484549992,1.6022890950007538,False,False
377.07,4760,t4760,120,75.0,49,7,8,0.6459876479943326,True,8.405848782007263,1.254365782844624,True,False
377.11,4761,t4761,300,250.0,91,5,6,0.6543547694309292,True,65.65970857296365,2.824753013393414,True,False
377.15,4762,t4762,270,200.0,30,4,1,0.6685014404540203,False,59.958089862544355,2.7796381173286546,False,False
377.16,4763,t4763,270,900.0,36,3,6,0.6754122545129578,False,201.06914094544538,2.6438772540039657,False,False
377.23,4764,t4764,220,150.0,89,4,10,0.6643581345189279,True,27.846481300047692,2.2604764030908715,True,False
377.25,4765,t4765,270,1000.0,81,3,6,0.6713121912408805,False,221.8499815010157,2.499870610539605,False,False
377.3,4766,t4766,220,700.0,54,1,8,0.6167354162578709,False,146.47967733841324,2.044526887833662,False,False
377.3,4767,t4767,220,700.0,97,1,6,0.651955923751199,False,135.0021092841468,2.0415680048168365,False,False
377.33,4768,t4768,300,250.0,23,1,7,0.6139994745355266,False,235.3838936742203,4.541109839726878,False,True
377.34,4769,t4769,170,700.0,45,7,10,0.667476477393439,False,98.97181824348864,1.536512146102382,False,False
377.58,4770,t4770,220,150.0,32,10,8,0.6694628008259595,False,39.07991006198737,2.3858679960793894,False,False
377.65,4771,t4771,270,900.0,50,1,5,0.657948793762106,False,235.70933441635967,2.504864997001163,False,False
377.69,4773,t4773,300,1000.0,93,2,6,0.6510804604590218,False,249.34654522539847,3.250291104164462,False,False
377.69,4772,t4772,80,50.0,88,9,8,0.6619126446013158,True,4.342235386372365,0.8074785075426809,True,False
377.84,4774,t4774,300,250.0,87,7,10,0.663535129663752,True,64.60716012176125,2.9036500713016364,True,False
377.9,4775,t4775,220,700.0,31,5,4,0.6534507379317486,False,130.0827190628714,2.1088155313796157,False,False
378.09,4776,t4776,270,1000.0,78,1,8,0.6135291694711749,False,302.91911902526783,2.5684892010150238,False,False
378.14,4778,t4778,170,500.0,91,1,5,0.6540464845535305,True,82.34727841336631,1.8448138055351244,True,False
378.15,4779,t4779,270,1000.0,25,6,8,0.6621152297221441,False,246.98420137010908,2.6171646472901773,False,False
378.18,4781,t4781,270,1000.0,62,10,4,0.678788825509162,False,223.92372693107868,2.4648158161911686,False,False
378.31,4782,t4782,80,50.0,87,6,1,0.669945344173338,True,4.65101913535226,0.8558731486180702,True,False
378.31,4783,t4783,300,1200.0,75,1,6,0.6481734719428417,False,334.47301413863045,2.7496693429104657,False,False
378.67,4785,t4785,220,150.0,73,9,8,0.6642565735274713,True,37.61431033740685,2.1211219180392287,True,False
378.74,4786,t4786,170,700.0,72,0,4,0.6769406717399339,False,112.85719628263804,1.6413777342736369,False,False
379.09,4787,t4787,120,75.0,21,8,4,0.6475105623265868,False,7.55077160510513,1.2635088818459468,True,False
379.35,4789,t4789,270,900.0,77,3,5,0.6592394498797142,False,209.68623869004423,2.835026396989838,False,False
379.58,4791,t4791,170,100.0,55,6,10,0.6285165297526012,True,14.164941170670561,1.7565908125623364,True,False
379.67,4792,t4792,120,75.0,63,8,2,0.6476080594881221,True,7.2463810316194746,1.1516564106877991,True,False
379.73,4793,t4793,220,150.0,24,4,5,0.6634515668739561,False,32.68678786692261,2.09876856710247,False,False
379.79,4794,t4794,170,100.0,26,5,6,0.6568498558604924,True,16.3333146183522,1.696825562443111,True,False
379.85,4796,t4796,300,1200.0,27,1,6,0.6444666691706515,False,403.7318102409424,2.960513053543303,False,False
379.89,4797,t4797,220,150.0,42,7,5,0.6542683390302647,True,37.65977415200421,2.3558715434948656,True,False
379.98,4798,t4798,300,250.0,24,9,5,0.6525581833160369,False,66.4179818743709,2.74475638754068,False,False
380.17,4800,t4800,170,100.0,52,10,8,0.6654817266276222,False,15.303824412076798,1.821297016689597,True,False
380.24,4801,t4801,170,100.0,97,1,6,0.6408340024539052,True,19.542863124251035,1.8270017174628777,True,False
380.41,4802,t4802,220,150.0,74,5,4,0.6497899049912954,True,28.98581584944289,2.1199278705138362,True,False
380.43,4803,t4803,170,100.0,80,4,10,0.6665016384952162,True,17.720301920191098,1.5934578044536878,True,False
380.93,4807,t4807,220,700.0,54,9,5,0.6487636863163829,False,142.34748481930393,2.1024644133110146,False,False
381.08,4808,t4808,300,250.0,44,1,5,0.6563962215291267,False,75.28008934597746,2.8356422695551773,False,False
381.31,4810,t4810,220,700.0,44,10,4,0.6744697156656454,False,157.68731252300645,2.0382552979162747,False,False
381.49,4812,t4812,300,250.0,24,3,6,0.6672941292342448,False,67.38167388057546,2.830739550325088,False,False
381.62,4813,t4813,220,150.0,23,4,8,0.6630386666160747,False,27.659998797021434,2.3416532068562876,False,False
381.77,4814,t4814,220,150.0,84,2,4,0.6611242877985649,True,38.12931856323638,2.2618947183654465,True,False
381.89,4815,t4815,270,200.0,61,2,5,0.6409187275706939,False,62.66448804624891,2.638428215842723,False,False
382.06,4816,t4816,220,150.0,89,9,8,0.6665536238751036,True,31.061144636988992,2.003860313760834,True,False
382.16,4817,t4817,220,150.0,22,4,10,0.6686022723919784,False,36.03208173728581,2.1197575590871227,False,False
382.42,4818,t4818,300,250.0,58,8,1,0.6458493491276722,False,78.88829147569835,2.7798181784970315,False,False
382.44,4819,t4819,120,75.0,77,9,8,0.6688047332157834,True,8.883238547940852,1.1559742172415526,True,False
382.64,4821,t4821,300,1200.0,43,9,10,0.6540886150826534,False,297.57434432285817,3.100414151355439,False,False
382.7,4822,t4822,270,200.0,79,0,4,0.6726585249718019,True,43.949471552216195,2.865719558063218,True,False
382.8,4823,t4823,170,100.0,98,1,8,0.6103870476202129,True,15.497996527370107,1.6638506866062366,True,False
382.83,4824,t4824,80,50.0,64,9,10,0.6504150245991821,True,4.284718968951211,0.8501159093535908,True,False
382.9,4826,t4826,220,700.0,98,10,8,0.6615802739132516,False,177.21641049172237,2.126924804774339,False,False
382.9,4825,t4825,270,200.0,41,1,6,0.6434479890714938,False,51.02855281108554,2.9033861712673463,False,False
383.02,4827,t4827,170,100.0,95,3,1,0.6428196707116091,True,15.410649575599887,1.634088439632936,True,False
383.05,4828,t4828,80,50.0,95,1,8,0.6134817682062703,True,3.4122344163682756,0.8642477354603655,True,False
383.14,4829,t4829,80,50.0,56,4,6,0.6619623748244858,True,4.1405312346528795,0.7666258974479152,True,False
383.25,4830,t4830,300,250.0,86,6,8,0.658281106945883,True,60.76936772199577,2.919598739409813,True,False
383.32,4832,t4832,170,100.0,44,10,4,0.6702369880189992,True,17.577428286367986,1.6909521867940251,True,False
383.33,4833,t4833,120,75.0,88,7,10,0.6658466088886589,False,8.380661522520882,1.1845157293558741,True,False
383.37,4834,t4834,170,700.0,41,7,10,0.6619378585290675,False,112.8304153513588,1.6278727215860003,False,False
383.42,4836,t4836,80,50.0,71,5,1,0.6446208138098498,True,4.440308252244564,0.8350215021483929,True,False
383.44,4837,t4837,220,150.0,38,1,8,0.6165145943806063,True,35.860120090083015,2.130462484926469,True,False
383.45,4838,t4838,170,100.0,44,6,1,0.6719771039565378,True,16.538520805570457,1.5404321081658914,True,False
383.52,4839,t4839,220,150.0,58,3,5,0.6554628427003016,True,34.37751532219919,2.187449797318991,True,False
383.63,4840,t4840,80,50.0,88,3,6,0.6633564284677417,True,3.8070042909729525,0.8529799468643224,True,False
383.68,4842,t4842,270,1000.0,36,3,5,0.6579357676644775,False,316.32423799120465,2.805577568403072,False,False
383.72,4843,t4843,170,500.0,21,2,4,0.6634839838607755,False,98.55972286139871,1.5972829104762345,False,False
384.03,4844,t4844,300,250.0,36,2,1,0.6384294453056742,False,63.05105360253441,2.8812219635821346,False,False
384.11,4845,t4845,170,500.0,99,1,8,0.6194867640314559,True,86.82953526912637,1.68257808215847,True,False
384.21,4847,t4847,220,150.0,85,0,8,0.672719184516166,True,36.3197376845689,2.191215752536618,True,False
384.26,4848,t4848,300,250.0,48,9,10,0.6529889059253803,False,68.21198153803923,3.2635259607743823,False,False
384.52,4850,t4850,270,1000.0,82,1,8,0.6223994902892882,False,230.19783025501766,2.892280737520337,False,False
384.73,4851,t4851,270,200.0,73,5,6,0.6592950405614645,True,62.04174392046103,2.622893244752685,True,False
384.75,4852,t4852,270,1000.0,25,6,8,0.6606976666251472,False,270.510415975166,2.7949774515622687,False,False
384.96,4855,t4855,220,150.0,32,7,5,0.6567651540678412,False,33.60592738976392,2.003915973725535,False,False
384.97,4856,t4856,170,100.0,20,7,10,0.6581072831766679,False,20.38156151258894,1.6336769009287084,False,False
385.11,4857,t4857,220,700.0,85,6,8,0.656891895110826,False,183.02069270733824,2.2714352149473305,False,False
385.54,4860,t4860,120,75.0,84,7,8,0.6486500768526277,True,9.945975042434078,1.284288547501583,True,False
385.67,4861,t4861,220,900.0,74,6,1,0.6739682285440737,False,211.8219298219232,2.0299600241183824,False,False
385.81,4862,t4862,170,100.0,79,2,5,0.6375085348374618,True,18.33333563121194,1.6922207180487046,True,False
385.84,4863,t4863,300,1000.0,22,5,6,0.6616913215684169,False,255.96755927373138,2.771224410779936,False,False
385.93,4864,t4864,80,50.0,76,0,4,0.6746360211390324,True,3.577744303249032,0.7563662156901703,True,False
385.95,4865,t4865,80,50.0,90,7,10,0.6543533193313164,True,3.9057171349664324,0.7858616963116242,True,False
386.11,4866,t4866,300,250.0,42,10,4,0.6722629149252858,False,83.19566634618847,2.715368543521362,False,False
386.17,4867,t4867,120,75.0,84,8,2,0.6500865649650264,True,7.254474932801099,1.1247014317445987,True,False
386.18,4868,t4868,80,50.0,51,0,6,0.674364246167436,True,4.396593042791582,0.8785944495844418,True,False
386.35,4870,t4870,170,100.0,36,10,4,0.6680743232934468,True,13.879653159884844,1.5315561045733805,True,False
386.37,4871,t4871,80,50.0,67,0,8,0.6745672623643042,True,4.56405056676985,0.7815114575183243,True,False
386.47,4872,t4872,170,500.0,45,0,6,0.6763076279107539,False,98.14805529499763,1.8617088929718888,False,False
386.6,4874,t4874,300,1200.0,34,7,10,0.6568484347628719,False,402.2329459065198,3.179766453782535,False,False
386.86,4875,t4875,170,500.0,32,0,4,0.6765739673829184,False,94.01583721776547,1.7855720831123325,False,False
386.89,4877,t4877,80,50.0,63,9,4,0.6475852344318828,True,4.684516001521241,0.8403666472063958,True,False
386.9,4878,t4878,120,75.0,65,4,10,0.6644868936108056,True,9.20885635163998,1.1163782737773178,True,False
386.94,4879,t4879,80,50.0,55,3,5,0.6541852341293698,True,4.4032873988401695,0.8007478601718221,True,False
386.97,4880,t4880,300,1200.0,75,7,5,0.6530380328046662,False,290.2241198638361,2.996027049371157,False,False
386.98,4881,t4881,270,200.0,51,5,1,0.6471590642003194,False,58.81416100520746,2.5165778306358377,False,False
387.1,4882,t4882,80,50.0,39,4,1,0.6645395934631216,True,4.591742755403679,0.8152352404667673,True,False
387.13,4883,t4883,270,1000.0,92,0,8,0.6763783786554796,False,291.412249342702,2.6660766958911366,False,False
387.36,4884,t4884,170,700.0,78,1,5,0.6525249637652107,False,98.45194143935998,1.7196012848001414,False,False
387.4,4885,t4885,300,1200.0,34,0,4,0.6722991547019268,False,300.30704823770213,2.8355115996982185,False,False
387.44,4886,t4886,80,50.0,98,2,5,0.6403405459588944,True,3.7656143558222173,0.7445392503713126,True,False
387.49,4888,t4888,220,150.0,36,0,8,0.6719792726208316,True,28.871082802520704,1.9876750637134741,True,False
387.59,4889,t4889,300,1200.0,76,6,8,0.6531622390267914,False,374.9194630369964,3.120277575899591,False,False
387.66,4890,t4890,300,250.0,94,5,8,0.6440501643193749,True,81.7506187271451,2.776981930667122,True,False
387.66,4891,t4891,220,150.0,27,0,8,0.6738421487068764,False,34.784519322699225,2.4173085005257042,False,False
387.89,4894,t4894,170,700.0,50,10,8,0.6577568502531683,False,133.45689916194476,1.6000210874469754,False,False
387.93,4895,t4895,170,100.0,53,4,6,0.664305309146178,False,13.71433081496742,1.8228609794188568,True,False
387.94,4896,t4896,80,50.0,49,7,5,0.6493854539667546,True,4.518713962785568,0.812504799520386,True,False
388.03,4897,t4897,170,500.0,56,8,2,0.6525155003323925,False,72.04044016405356,1.6590058620077883,False,False
388.17,4898,t4898,270,1000.0,92,8,5,0.6595800674715403,False,277.18887650956754,2.501560766252108,False,False
388.2,4899,t4899,270,200.0,99,0,6,0.6720381420192055,True,52.990774727954026,2.6498665458612662,True,False
388.31,4900,t4900,300,250.0,53,5,6,0.6578656769552303,False,66.84992444206866,3.1757793383043516,False,False
388.35,4901,t4901,220,900.0,37,7,5,0.6519799267056013,False,225.04954825154738,2.3589425197818867,False,False
388.37,4902,t4902,300,250.0,67,7,10,0.6531196478857962,False,77.72144336213125,3.1654166960117474,False,False
388.53,4903,t4903,120,75.0,69,3,1,0.6455454591155587,True,8.28984959246655,1.2137000647486798,True,False
388.88,4905,t4905,270,900.0,20,6,8,0.6495071760644372,False,226.04847945521004,2.544664766170148,False,False
388.94,4906,t4906,220,700.0,28,2,4,0.6596224860017418,False,167.78682655154665,2.2581420037694766,False,False
389.01,4907,t4907,80,50.0,90,5,6,0.6541165452343076,True,4.400415820504024,0.8392734714063945,True,False
389.02,4908,t4908,270,1000.0,31,3,1,0.6482167317514294,False,322.5398241339843,2.8685141998205164,False,False
389.79,4912,t4912,300,1200.0,90,2,5,0.6431159168578984,False,419.43060879742063,2.777457608964932,False,False
389.81,4913,t4913,220,150.0,95,1,8,0.619079962021964,True,36.701711417623486,2.331551187496111,True,False
389.84,4914,t4914,300,250.0,44,6,10,0.6313768658242159,False,76.80419371997473,3.13100603878706,False,False
389.85,4915,t4915,120,75.0,97,1,6,0.6398356959567305,True,7.659477470999746,1.2119896359186826,True,False
389.9,4916,t4916,220,150.0,54,4,1,0.6668309834120411,True,26.59859974338115,2.346758872422378,True,False
390.17,4917,t4917,120,75.0,32,4,2,0.6611883060069979,True,8.144960932169901,1.1020985174499587,True,False
390.23,4918,t4918,300,250.0,86,10,1,0.6674113522552727,False,89.93246597724273,3.0699736036949536,False,False
390.26,4919,t4919,220,150.0,42,4,1,0.6690765455619822,True,32.316826407627126,2.277558500788472,True,False
390.38,4920,t4920,220,900.0,87,7,10,0.6494654367462621,False,232.70829718159237,2.1824350558377814,False,False
390.57,4921,t4921,270,200.0,88,4,1,0.6712771964689243,True,46.10959851789491,2.6250016320191922,True,False
390.65,4922,t4922,170,100.0,76,2,6,0.647315517916508,True,18.229324371178528,1.561540744163921,True,False
390.76,4923,t4923,80,50.0,41,1,8,0.6220008243199862,True,3.3247209025702684,0.7552133716925944,True,False
390.8,4924,t4924,120,75.0,47,7,10,0.6458843098295187,True,7.541877599702974,1.1003752801950413,True,False
390.84,4925,t4925,300,250.0,51,2,6,0.6497998742248445,False,87.53816988760103,2.9632852279707818,False,False
390.85,4928,t4928,170,100.0,47,8,10,0.6455919580528712,True,20.072722541110956,1.7613558450081843,True,False
390.85,4927,t4927,300,250.0,26,3,1,0.6446605789345826,False,81.84267335885978,2.932779515657799,False,False
390.91,4929,t4929,270,200.0,92,8,5,0.6557966479402914,True,48.00194100461444,2.907659804930871,True,False
391.12,4930,t4930,300,250.0,39,10,4,0.6701435034942446,False,70.22975855758817,2.788942093453673,False,False
391.44,4932,t4932,170,100.0,38,4,2,0.6635467217050397,True,17.177205031524114,1.7695590453891152,True,False
391.8,4933,t4933,120,75.0,48,4,10,0.6666278224052561,True,8.679522633369265,1.2257203207908347,True,False
391.84,4934,t4934,120,75.0,46,2,4,0.6558382180998886,True,9.084847707602185,1.1387593386587413,True,False
391.85,4935,t4935,300,1000.0,41,8,2,0.6487218569924112,False,286.23355325717677,3.0983224580121558,False,False
391.86,4936,t4936,270,1000.0,21,10,1,0.6631915867486287,False,260.06418367565635,2.4827632755675415,False,False
392.07,4937,t4937,120,75.0,50,10,6,0.6563072551933452,True,8.201169168273156,1.090808125452975,True,False
392.22,4938,t4938,120,75.0,66,2,5,0.6396617803389222,True,8.717552833035707,1.112375697060765,True,False
392.24,4939,t4939,270,900.0,66,6,1,0.6697455306398589,False,240.28288442596843,2.9024256362889855,False,False
392.39,4940,t4940,120,75.0,46,9,4,0.6500641964099119,True,10.745361778015246,1.135530257549901,True,False
392.4,4941,t4941,170,100.0,24,2,6,0.6460605434070142,True,15.953179422575106,1.6437313716198183,True,False
392.43,4942,t4942,170,500.0,90,8,2,0.6450040865192298,True,75.4361420750442,1.7258808871423754,True,False
392.48,4943,t4943,270,200.0,79,9,8,0.6710108203696495,True,45.868825672354,2.8142732921255043,True,False
392.59,4945,t4945,170,100.0,89,6,10,0.6280059951743983,True,15.942787273310973,1.6897212138640263,True,False
392.6,4947,t4947,270,1000.0,80,3,1,0.6411755491740728,False,232.20920240116004,2.772329211249985,False,False
392.66,4948,t4948,170,100.0,92,2,4,0.6583036355560727,True,15.754387905458609,1.585446299201808,True,False
392.68,4949,t4949,220,700.0,44,10,1,0.6590562165521177,False,141.30891570326392,2.390563779898197,False,False
392.74,4950,t4950,300,1000.0,68,10,6,0.6586117767561449,False,276.16066870381945,2.912678174825113,False,False
392.83,4951,t4951,270,200.0,43,1,6,0.6424696487042626,False,51.30896675364351,2.9508026467836177,False,False
393.02,4952,t4952,270,200.0,85,0,4,0.668109838274555,True,48.22085058014674,2.8079307815875927,True,False
393.2,4953,t4953,170,500.0,33,3,5,0.6566837112649642,False,93.00454949691597,1.6351163761259004,False,False
393.24,4954,t4954,300,250.0,95,3,5,0.6529582188578467,True,66.9072430788753,3.2099545277237773,True,False
393.24,4955,t4955,220,150.0,89,0,8,0.6694937672712005,True,36.15291060052175,2.103281761973099,True,False
393.27,4956,t4956,300,250.0,66,9,10,0.6493373096250544,True,62.428869712053725,3.1205688483055267,True,False
393.41,4957,t4957,80,50.0,92,1,8,0.624863269372048,True,3.5478904195391006,0.7692991125534859,True,False
393.42,4958,t4958,120,75.0,53,5,4,0.6523762887096514,True,9.540596040281036,1.1684738442649236,True,False
393.49,4959,t4959,270,1000.0,29,8,10,0.6482623007099956,False,245.96680162344128,2.7410059968718823,False,False
393.66,4960,t4960,270,200.0,36,2,6,0.6485699992055406,False,48.328251828842106,2.667901679856761,False,False
393.79,4961,t4961,80,50.0,24,9,4,0.6524935791483802,True,3.8940642680724484,0.8671566835731435,True,False
393.84,4962,t4962,80,50.0,60,10,4,0.6659973000910263,True,4.755577848833667,0.8222316187282929,True,False
393.95,4963,t4963,80,50.0,62,6,10,0.6308765419375769,True,4.1740311971822095,0.8036972454369489,True,False
394.05,4965,t4965,170,100.0,60,1,8,0.6276684655230687,True,13.770406784150907,1.7759353796076123,True,False
394.08,4966,t4966,120,75.0,95,6,10,0.633689677765492,True,9.806000712341888,1.08137811322402,True,False
394.1,4967,t4967,300,250.0,29,10,4,0.6681080207558725,False,64.43020842791225,3.132405358527077,False,False
394.17,4969,t4969,120,75.0,77,2,4,0.6607197446631331,False,9.470394328015594,1.1756901054090814,True,False
394.2,4970,t4970,120,75.0,28,9,8,0.6731727857804384,True,10.719536869870144,1.2626000663719839,True,False
394.31,4972,t4972,270,900.0,34,4,10,0.6687259326238176,False,266.1873636423078,2.5615688747833665,False,False
394.58,4974,t4974,220,900.0,66,2,5,0.6424507265503255,False,158.4257817391265,2.1187190602991492,False,False
394.62,4975,t4975,220,700.0,63,6,10,0.6364465508768489,False,125.3739223146385,2.2673723068604197,False,False
394.69,4977,t4977,220,150.0,62,1,6,0.638876922396844,True,29.059296989838447,2.1027119223573836,True,False
394.8,4978,t4978,300,1200.0,77,10,2,0.6553922544957029,False,382.09299404922416,2.897799117930895,False,False
394.84,4979,t4979,120,75.0,69,9,8,0.6752915118830114,True,9.691526574561394,1.1487192618185984,True,False
395.23,4981,t4981,270,1000.0,47,9,4,0.6548743742320794,False,263.3668963058626,2.867026421525211,False,False
395.26,4982,t4982,120,75.0,23,7,5,0.6483485099896712,True,8.536920198370293,1.1766409105323499,True,False
395.4,4983,t4983,220,700.0,75,2,6,0.6448552658880965,False,152.86955938031875,2.3325188192637425,False,False
395.44,4984,t4984,170,100.0,48,4,10,0.6646080806380079,True,17.253628550369772,1.7566730815531935,True,False
395.75,4985,t4985,270,1000.0,59,3,6,0.6656714817165686,False,295.7276082643842,2.743637823442628,False,False
395.79,4986,t4986,170,100.0,29,1,6,0.6415300506155738,True,17.35815449100424,1.5735640170370933,True,False
395.89,4987,t4987,170,100.0,78,6,10,0.6329742865259785,True,14.759784836055596,1.7023510848787518,True,False
395.94,4988,t4988,80,50.0,73,6,1,0.6656072866937284,False,3.358958815948977,0.7881670891393328,True,False
395.99,4989,t4989,270,1000.0,21,2,5,0.639009893837501,False,249.0475154599821,2.6488793760877556,False,False
396.07,4990,t4990,300,250.0,84,2,6,0.6412148272370012,True,80.58062383206739,2.8345602182375402,True,False
396.13,4991,t4991,80,50.0,76,0,6,0.674028045845488,True,4.140648276360231,0.7516995360173637,True,False
396.25,4992,t4992,170,100.0,29,7,5,0.6509637216080596,True,17.12813855797734,1.6577869073259954,True,False
396.28,4993,t4993,300,1000.0,33,6,10,0.6357454674621256,False,276.92178444333126,3.067488937530546,False,False
396.34,4994,t4994,220,150.0,82,4,10,0.6667465856919145,True,31.856424964546456,2.1868859696952345,True,False
396.36,4995,t4995,80,50.0,34,5,6,0.6566163961478033,True,3.545181230445509,0.8451457089634845,True,False
396.43,4996,t4996,170,500.0,73,9,4,0.6510335534141044,False,75.42699048360191,1.6256589097302483,False,False
396.44,4997,t4997,120,75.0,81,3,6,0.6617662339004191,True,7.691725254677106,1.2724090715018506,True,False
396.46,4998,t4998,170,100.0,84,5,8,0.6467513428511692,True,20.183646292293574,1.8612896460481647,True,False
396.48,4999,t4999,270,900.0,66,10,6,0.6546962078876887,False,195.9822594192175,2.5699012981984155,False,False
396.59,5000,t5000,300,250.0,57,8,5,0.6582628967996674,False,65.46650601913903,3.1639182254015568,False,False
396.61,5001,t5001,170,100.0,68,2,5,0.6356378777789327,True,16.919837495955164,1.65142905868996,True,False
396.73,5002,t5002,170,500.0,44,2,6,0.643821197358928,False,98.08284939171544,1.531306674803326,False,False
396.85,5003,t5003,220,150.0,99,3,6,0.6641130910405925,True,29.695462479127883,2.0379685895448656,True,False
396.91,5004,t5004,170,100.0,71,8,2,0.6475346714555118,True,15.37556357555099,1.7048438863491424,True,False
396.92,5006,t5006,120,75.0,62,8,5,0.6545058206818558,True,8.30778120976771,1.3027095980965107,True,False
397.11,5007,t5007,170,100.0,32,5,8,0.6493984978123276,True,14.932099046490952,1.7647150932171103,True,False
397.12,5008,t5008,270,200.0,65,10,1,0.6550035537595369,False,48.476404741279964,2.5105614527125257,True,False
397.21,5009,t5009,220,150.0,24,9,4,0.647269549012489,False,34.51961859541582,2.2923660477030117,False,False
397.29,5010,t5010,170,700.0,66,8,5,0.6569978860864006,False,130.7390637613212,1.765809380926715,False,False
397.39,5011,t5011,120,75.0,53,2,6,0.6402014400784161,True,7.695447709906559,1.2538807258791362,True,False
397.53,5012,t5012,220,150.0,65,5,6,0.659066250043029,True,37.46914532368407,2.113601955765056,True,False
397.69,5013,t5013,220,700.0,43,3,6,0.6664130110379626,False,124.48280708507417,2.1399162745192206,False,False
397.87,5015,t5015,220,150.0,78,8,10,0.6447052365139775,True,36.72282809902419,2.2082835741595765,True,False
397.87,5014,t5014,300,1000.0,73,2,5,0.6385073020415358,False,277.90499422617006,2.709451372565716,False,False
398.0,5017,t5017,80,50.0,31,3,1,0.6377602200087732,True,4.71891295116655,0.749462813901929,True,False
398.05,5018,t5018,170,100.0,42,10,8,0.6540098950662868,True,16.575982837607008,1.624049466705238,True,False
398.05,5019,t5019,80,50.0,93,4,10,0.6688423206447428,True,4.67089817040325,0.8259528379322637,True,False
398.27,5020,t5020,270,200.0,81,2,4,0.6569135315880522,True,59.76212340823195,2.486161825005215,True,False
398.29,5021,t5021,170,100.0,99,3,6,0.6624929326353851,True,17.747284399072782,1.8077350162915677,True,False
398.45,5022,t5022,170,100.0,62,6,10,0.6322872247795498,True,14.920284261894613,1.6961287956754074,True,False
398.57,5024,t5024,270,200.0,55,10,4,0.6640025270074217,True,52.81048422279067,2.5428353326875843,True,False
398.57,5023,t5023,300,250.0,32,0,4,0.6701783081757305,False,83.39749143340634,2.772547157118747,False,False
398.57,5025,t5025,220,150.0,55,6,10,0.6350721469506254,True,37.52947093875555,2.0328393637653663,True,False
398.78,5026,t5026,270,200.0,84,2,4,0.6593574427744731,True,49.905135620055326,2.7105027440774063,True,False
398.8,5027,t5027,300,250.0,94,5,6,0.6614671068603503,True,81.36267362744476,3.0519417654678085,True,False
398.84,5028,t5028,270,1000.0,36,5,8,0.6519927096742629,False,267.6494873555347,2.7907940301929894,False,False
398.95,5030,t5030,170,700.0,74,1,6,0.644130116269929,False,120.75877243608805,1.7498015894045351,False,False
399.01,5032,t5032,120,75.0,21,9,6,0.6461901298806715,True,8.206334613273539,1.1598251895946288,True,False
399.01,5033,t5033,220,150.0,29,6,8,0.6459252143613303,False,36.791278844730044,2.2225266235071492,False,False
399.08,5034,t5034,80,50.0,71,2,5,0.6351453378188869,True,4.5841454989239985,0.7335035055101801,True,False
399.22,5036,t5036,170,100.0,55,9,6,0.6488485091012398,True,17.48120192607212,1.7407929979436434,True,False
399.22,5035,t5035,120,75.0,88,0,4,0.6660314086788826,False,10.250103145500875,1.2970943826677368,True,False
399.26,5037,t5037,300,250.0,94,10,4,0.6661531431339399,True,72.20049075586695,3.277081168043953,True,False
399.51,5038,t5038,120,75.0,47,6,1,0.6615518076265204,True,9.87461087116179,1.2183781257673962,True,False
399.54,5039,t5039,220,150.0,71,6,1,0.6637514381406567,True,38.87262067377351,2.274417167001633,True,False
399.58,5040,t5040,170,500.0,23,5,4,0.6549109447536402,False,94.42307386616388,1.8574536953308014,False,False
399.67,5041,t5041,80,50.0,41,9,6,0.6514537207373968,True,3.4308135739676056,0.8233289808560431,True,False
399.72,5042,t5042,80,50.0,91,0,1,0.6637551163372432,True,3.2602066514606602,0.7379734630021304,True,False
400.17,5044,t5044,300,250.0,48,2,5,0.638024612880691,False,67.55822314100993,3.2629182158882992,False,False
400.21,5045,t5045,170,100.0,71,10,8,0.6565118789831429,True,16.602160452867846,1.5723601125188769,True,False
400.27,5046,t5046,170,100.0,85,2,6,0.6428280779435144,True,14.168177975192755,1.6202562660621214,True,False
400.4,5047,t5047,120,75.0,78,4,10,0.6708961408985146,True,10.256659985038251,1.2717270068271864,True,False
400.43,5048,t5048,170,100.0,62,5,6,0.6638199465413251,True,15.867778100074307,1.7596421262376216,True,False
400.47,5049,t5049,220,150.0,96,3,6,0.6648252558008592,True,28.926210794992585,2.28759735217061,True,False
400.49,5050,t5050,170,700.0,29,10,2,0.6514128709442504,False,135.46619052778917,1.6679382439539747,False,False
400.81,5053,t5053,220,150.0,77,4,2,0.6658579690891208,True,36.46561418568718,2.238244766085079,True,False
400.83,5054,t5054,80,50.0,51,8,2,0.6500146446930682,True,4.587642250711171,0.8414010892461073,True,False
400.85,5055,t5055,120,75.0,54,2,4,0.6617524757371654,True,9.568892814994062,1.162887465899348,True,False
401.03,5057,t5057,120,75.0,25,10,4,0.6682607469379278,True,7.894110040933168,1.1339828493941886,True,False
401.04,5058,t5058,300,1200.0,62,3,1,0.6405871974267795,False,309.40122888532755,2.7033025949689575,False,False
401.21,5059,t5059,300,1000.0,22,8,10,0.6473933136018798,False,356.8736534611466,2.839402903457585,False,False
401.38,5060,t5060,220,150.0,45,0,6,0.6759781515952449,True,33.34442964966244,2.248507213400891,True,False
401.43,5061,t5061,120,75.0,38,2,1,0.6350690382177425,True,10.544483585132271,1.1623378493545413,True,False
401.45,5062,t5062,170,100.0,88,3,6,0.6671109325030239,True,15.526223343852362,1.8109038294951207,True,False
401.49,5064,t5064,170,700.0,50,9,8,0.6773678634635331,False,111.50192751510532,1.5744233691255056,False,False
401.7,5065,t5065,80,50.0,66,7,5,0.6535266289940802,True,4.36488142345429,0.7357820098986579,True,False
401.8,5066,t5066,170,100.0,86,9,6,0.6540068281408308,True,15.40159240967614,1.6158218295343891,True,False
401.87,5067,t5067,80,50.0,33,2,6,0.6454021830513107,True,3.990315444756048,0.8631442463951609,True,False
402.03,5069,t5069,80,50.0,22,1,5,0.6487311311565732,True,3.599781621706903,0.7873269462572587,True,False
402.23,5070,t5070,170,100.0,64,7,10,0.6485488054511102,True,17.924730288546208,1.6425122919935191,True,False
402.4,5071,t5071,170,100.0,71,2,6,0.6479248060569512,True,17.41143034609993,1.5613718190659711,True,False
402.42,5072,t5072,270,200.0,68,7,8,0.651259257133757,True,60.44747862654735,2.5956213233969176,True,False
402.46,5074,t5074,300,250.0,91,8,5,0.6532661101828544,True,76.8010238049016,2.780154154406903,True,False
402.47,5075,t5075,170,700.0,73,0,6,0.6778892552300068,False,106.71979288873825,1.8160998963053983,False,False
402.49,5076,t5076,300,1000.0,76,6,1,0.6659070760445103,False,294.69190677853356,3.1865372346007224,False,False
402.6,5077,t5077,80,50.0,87,6,1,0.6618456011902868,True,4.046013484558802,0.7871262641029249,True,False
402.65,5078,t5078,80,50.0,36,5,8,0.6483610372989596,True,4.130906413085335,0.753536247152474,True,False
402.72,5079,t5079,170,500.0,22,8,10,0.643853629148024,False,89.68076421551737,1.553001708871073,False,False
402.85,5080,t5080,270,200.0,28,9,8,0.6732286880124442,False,47.96494084605615,2.8709492584186864,False,False
402.93,5081,t5081,270,200.0,26,2,1,0.6379498392715696,False,55.415590153313985,2.4692603930644568,False,False
402.95,5082,t5082,270,200.0,50,3,6,0.6693508956711451,False,52.76092703599678,2.63125249147667,False,False
403.29,5086,t5086,300,1000.0,42,0,6,0.6735881367920732,False,318.0900506778036,3.08738679794314,False,False
403.47,5087,t5087,220,150.0,68,5,4,0.6512209076767491,True,30.610482626193548,2.1469499116049446,True,False
403.61,5089,t5089,220,150.0,42,5,4,0.653778671341396,True,37.071976966802936,2.288354058225586,True,False
403.76,5090,t5090,80,50.0,85,1,8,0.6304175577510689,True,4.043705389765483,0.728109422710588,True,False
403.8,5091,t5091,120,75.0,72,1,8,0.633111668134509,True,8.489847971105657,1.2855569420707522,True,False
404.04,5092,t5092,170,500.0,86,8,5,0.655782969797379,True,73.92973869381758,1.7001464541994957,True,False
404.08,5093,t5093,120,75.0,63,8,2,0.6524450184658735,True,7.344070744431873,1.2081230872945115,True,False
404.09,5094,t5094,170,700.0,51,1,8,0.6357518963102804,False,138.22713456235806,1.6971418142334809,False,False
404.11,5095,t5095,300,250.0,23,8,5,0.6582494922196133,False,71.4220812481251,2.716583926574648,False,False
404.14,5096,t5096,170,700.0,24,9,6,0.6565088733961959,False,117.52384718832234,1.770378660217248,False,False
404.38,5097,t5097,220,150.0,83,2,5,0.634672302441259,True,32.6078295076866,2.4107881055659024,True,False
404.42,5098,t5098,270,200.0,39,4,2,0.6681229915255201,False,64.38091210989359,2.7515241173824654,False,False
404.6,5099,t5099,270,1000.0,91,10,4,0.6703261986658359,False,310.25839819880855,2.625715458499103,False,False
404.65,5100,t5100,220,150.0,90,7,5,0.6560382782323805,True,33.35185352284555,2.01472400919695,True,False
404.73,5101,t5101,170,100.0,42,7,10,0.6511600111602698,False,14.7026730685495,1.562687941556604,True,False
404.8,5102,t5102,300,1000.0,38,7,10,0.6475449927552462,False,313.5741700427431,2.927250706716019,False,False
405.02,5103,t5103,220,700.0,75,2,6,0.6503969766024787,False,178.31312489357757,2.081495708587359,False,False
405.12,5105,t5105,220,150.0,48,5,6,0.6661257294286804,True,27.116895208569446,1.988023691703429,True,False
405.17,5106,t5106,300,1000.0,74,5,8,0.6509759983711622,False,275.989263252173,3.1777037382212776,False,False
405.29,5107,t5107,170,500.0,41,5,6,0.6683853966582886,False,85.00541162656619,1.8210201892607667,False,False
405.5,5108,t5108,300,1200.0,79,4,10,0.672908884747211,False,426.20702213023947,3.1907730649871042,False,False
405.56,5110,t5110,170,100.0,24,0,1,0.6660621958286802,True,13.606990915543289,1.8229656327227513,True,False
405.62,5111,t5111,170,100.0,39,8,2,0.6548267847632226,True,17.166297400496838,1.8601474887773846,True,False
405.73,5112,t5112,220,150.0,27,0,1,0.6683231337302884,False,35.038859184273875,2.222038460011074,False,False
405.73,5113,t5113,80,50.0,43,4,2,0.6641687135131916,True,4.658779982873085,0.7719438388357416,True,False
405.82,5114,t5114,300,250.0,75,8,2,0.6571609157346249,True,60.97836967716804,2.744993850398604,True,False
405.96,5117,t5117,120,75.0,48,6,10,0.6378013706782796,True,9.37389934769992,1.21641327037897,True,False
405.98,5118,t5118,80,50.0,69,10,1,0.6510319442228076,True,3.5371588797416083,0.7714532103725269,True,False
406.0,5119,t5119,300,250.0,72,1,8,0.6321653199225361,False,72.86680096488054,3.2511879922971074,False,False
406.01,5120,t5120,270,1000.0,25,0,6,0.6693730407228985,False,285.9633849673024,2.935795595414625,False,False
406.02,5121,t5121,120,75.0,72,9,10,0.6519327452507352,True,10.67560400454446,1.2925710575246472,True,False
406.5,5123,t5123,170,100.0,95,6,1,0.6640393558331478,True,19.90128914516877,1.61745212579746,True,False
406.63,5125,t5125,120,75.0,59,10,4,0.6661763413591858,True,8.907803137274822,1.0817570864028097,True,False
406.85,5127,t5127,120,75.0,72,9,8,0.6691722960703771,True,9.231235230361376,1.2761287272757167,True,False
406.93,5128,t5128,300,250.0,77,2,6,0.646645703737096,False,85.59825194228894,3.196416984660482,False,False
406.98,5129,t5129,270,200.0,69,0,6,0.6652422465751071,True,50.66197688565005,2.6280934518355705,True,False
406.99,5130,t5130,300,250.0,81,9,10,0.6544762721639024,True,74.67608452733687,3.131503586761605,True,False
407.06,5131,t5131,80,50.0,33,1,5,0.6511871752001084,True,4.181235773582355,0.8714674101876535,True,False
407.12,5132,t5132,270,200.0,63,9,10,0.6569689285388062,True,53.250566616109495,2.8315952569219256,True,False
407.15,5133,t5133,80,50.0,31,4,1,0.6734338343577276,True,4.233830350759009,0.7305021114530638,True,False
407.19,5135,t5135,270,900.0,59,1,8,0.628650475062547,False,214.2954372613446,2.7599418624479517,False,False
407.47,5137,t5137,220,150.0,62,1,8,0.6252059270997576,True,27.415205399321167,2.2094103972644374,True,False
407.54,5138,t5138,170,100.0,29,7,8,0.6538162538092637,True,15.292291005447332,1.627904036948591,True,False
407.56,5139,t5139,270,200.0,21,2,4,0.664099608040604,False,47.98435744962193,2.8607691819838457,False,False
407.71,5140,t5140,300,1000.0,52,10,4,0.6682834811986688,False,325.0367626947017,3.273118875804185,False,False
407.76,5141,t5141,300,1000.0,30,4,10,0.6687073737189334,False,255.73552220209643,2.9571420731215907,False,False
407.81,5143,t5143,220,900.0,61,9,10,0.6594117317862118,False,224.7784141319254,2.3441079963679607,False,False
407.82,5144,t5144,220,900.0,35,9,6,0.6527868777464537,False,208.4821691622976,2.022616472088473,False,False
408.24,5145,t5145,80,50.0,40,4,10,0.6645898929112214,True,4.241362062869447,0.7902455688063456,True,False
408.33,5146,t5146,300,1200.0,53,1,8,0.6280042700962241,False,321.5709691953656,2.705697013570456,False,False
408.38,5147,t5147,270,200.0,39,3,5,0.6554812362988716,False,60.998756663021524,2.871824950584316,False,False
408.67,5148,t5148,170,100.0,88,8,2,0.6594483640865991,True,16.9367867594774,1.722772815797385,True,False
408.68,5149,t5149,80,50.0,28,8,4,0.6438170177467217,True,4.037758297461198,0.8213064472783458,True,False
408.85,5151,t5151,120,75.0,48,3,6,0.6653720595759041,False,8.832239121372785,1.2827732372273393,True,False
408.94,5152,t5152,170,100.0,74,0,6,0.6673680683102716,True,17.4578053385085,1.6064907839413587,True,False
408.99,5153,t5153,80,50.0,60,7,5,0.6584996944859146,True,4.3666108028436295,0.8151552020836033,True,False
409.11,5154,t5154,220,150.0,37,10,4,0.6641744782413621,True,31.27104046827454,2.0320315101331157,True,False
409.25,5155,t5155,220,900.0,90,1,6,0.6405041806111971,False,185.91172658320033,2.238690107842,False,False
409.43,5156,t5156,120,75.0,28,7,4,0.6453763986437463,True,9.245084745313958,1.1907641740432138,True,False
409.57,5157,t5157,270,200.0,50,2,4,0.6602257976979736,False,62.0828046281677,2.75653670763053,False,False
409.77,5159,t5159,80,50.0,46,1,5,0.6535940983627729,True,3.5719905399255656,0.7315103333202314,True,False
409.77,5158,t5158,170,100.0,69,7,8,0.6563221105512602,True,13.903841677556535,1.6263094855798914,True,False
409.8,5160,t5160,300,250.0,70,9,6,0.6491393220097065,False,79.16782379927358,2.9116419902401205,False,False
409.93,5162,t5162,220,150.0,55,3,1,0.6371836352964257,True,33.34634391525774,2.3074601453654395,True,False
409.97,5163,t5163,270,1000.0,81,9,8,0.6713710319671514,False,222.6028650638276,2.9412497138080833,False,False
409.98,5164,t5164,300,250.0,56,2,6,0.6429694563290206,False,84.26244272295554,2.8970736713714693,False,False
410.02,5165,t5165,270,200.0,22,3,6,0.6614728002025678,False,61.732449310825395,2.687444277210984,False,False
410.02,5166,t5166,80,50.0,33,6,10,0.6404760099313808,True,4.238897365004656,0.8052875829883052,True,False
410.03,5167,t5167,80,50.0,64,4,1,0.6755473394887549,True,3.815194995180681,0.8752979920915165,True,False
410.05,5168,t5168,300,250.0,79,7,4,0.6480510524890531,True,77.37270485121604,3.2467492482489764,True,False
410.09,5169,t5169,270,200.0,43,4,2,0.6664675210611096,False,48.49529437051442,2.550157030340829,False,False
410.23,5170,t5170,220,900.0,82,6,8,0.6424148918922855,False,185.34777043491178,1.9874858501017731,False,False
410.35,5171,t5171,120,75.0,30,10,8,0.6589638232216618,True,9.652659867494151,1.1666418845902415,True,False
410.39,5173,t5173,300,250.0,30,5,4,0.6562852797327499,False,64.05716200211761,3.2083285850157095,False,False
410.41,5174,t5174,80,50.0,24,2,6,0.6393667338691069,True,4.1406902537059445,0.837529076805356,True,False
410.43,5175,t5175,80,50.0,35,9,6,0.6455647173876943,True,4.797105788660959,0.78068100720163,True,False
410.45,5176,t5176,80,50.0,92,0,1,0.6643648528738645,True,4.234737971172024,0.8629824875565166,True,False
410.76,5180,t5180,120,75.0,60,6,8,0.6389747758726216,True,7.677848942005691,1.3172156548845866,True,False
410.82,5181,t5181,300,250.0,39,0,6,0.6694513736107329,False,81.26125422654992,3.2046971385821474,False,False
410.95,5183,t5183,170,700.0,54,1,5,0.655952883062184,False,114.37924522365607,1.684408378942955,False,False
411.15,5184,t5184,220,150.0,42,7,5,0.6609118824143781,True,36.765763119165534,1.9914182144664438,True,False
411.19,5185,t5185,170,100.0,41,3,5,0.651779793391076,True,16.227007929137585,1.6668166770689157,True,False
411.22,5186,t5186,220,150.0,97,6,10,0.6430971563994198,True,35.110741888741465,2.077225814147329,True,False
411.58,5187,t5187,220,900.0,28,5,4,0.6525677559562767,False,191.95916068141668,2.3425527189572612,False,False
411.93,5189,t5189,80,50.0,75,7,5,0.6632758265842724,True,3.9275475828487387,0.8204757421945209,True,False
412.02,5190,t5190,300,1000.0,28,7,4,0.650672213257454,False,296.4559826433267,3.2983600304974234,False,False
412.25,5193,t5193,220,150.0,85,9,8,0.6673517931459901,True,31.422344051809212,2.1204367206117003,True,False
412.25,5192,t5192,120,75.0,36,9,8,0.6695869391012522,True,8.812879843493548,1.1112879658650154,True,False
412.29,5194,t5194,270,200.0,30,10,8,0.6613667285754105,False,59.454359904859885,2.925453123795333,False,False
412.36,5195,t5195,220,900.0,41,1,8,0.624572646232761,False,171.73427985678126,2.1836622059431514,False,False
412.38,5196,t5196,270,1000.0,49,0,6,0.6653190128051849,False,261.24230203578855,2.7695396514141573,False,False
412.43,5197,t5197,120,75.0,86,4,1,0.6776185745171616,True,8.37240332107955,1.2034116183962236,True,False
412.47,5198,t5198,300,1200.0,60,3,6,0.6576515260166983,False,311.32942786565087,3.039847129368175,False,False
412.49,5199,t5199,170,100.0,25,10,8,0.657547575822084,True,18.09896190331686,1.830287050573033,True,False
412.85,5200,t5200,270,200.0,99,7,5,0.6655924918707689,True,45.73124240035661,2.6853640760014943,True,False
412.88,5201,t5201,120,75.0,66,7,4,0.6470669508104866,False,8.418484853377004,1.2647202746619788,True,False
412.98,5202,t5202,300,250.0,46,8,5,0.6544926841934028,False,84.62925261766713,3.0360729466968817,False,False
413.05,5203,t5203,300,250.0,41,2,4,0.656429463562196,False,83.60547020425624,2.876425953932543,False,False
413.09,5204,t5204,220,150.0,75,5,8,0.6473646602219206,True,31.285385528371478,2.399707009474874,True,False
413.14,5205,t5205,300,250.0,73,9,10,0.6556316789686694,False,89.68907447020013,2.8018624812349167,False,False
413.46,5206,t5206,120,75.0,88,9,6,0.6482356048581221,True,9.698307764382438,1.2778485480726165,True,False
413.53,5208,t5208,220,150.0,23,4,2,0.6625463524580691,False,34.465317942603185,2.035049993788801,False,False
413.54,5209,t5209,120,75.0,62,9,6,0.6508530745791415,True,10.482777129285436,1.1470886689128077,True,False
413.55,5210,t5210,220,150.0,75,2,5,0.6375610382106157,True,29.47973129208128,2.256388835986286,True,False
413.87,5211,t5211,300,250.0,91,4,10,0.6667287617196637,True,78.72149879876454,2.924000803173973,True,False
413.91,5212,t5212,220,150.0,53,8,2,0.6616900634715338,True,34.88531668945677,2.068477562827613,True,False
414.11,5213,t5213,300,1000.0,59,5,6,0.6644258705433047,False,346.0264977277709,3.0917498324494286,False,False
414.11,5214,t5214,300,1000.0,88,10,4,0.6663216553432015,False,268.2985741253516,2.85144786745881,False,False
414.43,5216,t5216,220,150.0,85,6,1,0.6661892353831514,True,28.631428952116792,2.369849540226955,True,False
414.43,5215,t5215,270,200.0,43,7,5,0.6678628238515353,False,55.386205320923345,2.7071144262780713,False,False
414.47,5217,t5217,80,50.0,69,5,6,0.6605455349506204,True,3.3589307633703633,0.8678140055716886,True,False
414.54,5218,t5218,120,75.0,72,8,4,0.646371344058454,True,9.690985705312329,1.1927479583107046,True,False
414.59,5219,t5219,170,100.0,79,10,4,0.6622518889030041,True,16.347174281167227,1.6706347710657845,True,False
414.6,5220,t5220,270,900.0,62,1,6,0.6369507636656399,False,279.99441654990386,2.941224263667527,False,False
414.62,5221,t5221,120,75.0,51,0,1,0.666659737634569,True,8.433963746333637,1.2463628744320059,True,False
414.69,5223,t5223,220,150.0,22,2,6,0.6420100658583915,False,31.34463130635817,2.095607128021596,False,False
414.8,5224,t5224,220,700.0,93,9,10,0.6519272272074778,False,161.44600698519042,2.123621408835208,False,False
414.81,5225,t5225,120,75.0,31,5,4,0.648924582655333,True,10.672582196858233,1.2407722545958497,True,False
414.84,5226,t5226,170,100.0,44,6,10,0.645665879938098,True,13.690944270656525,1.5314659819511287,True,False
414.91,5227,t5227,170,700.0,88,9,8,0.671777382137409,False,135.83082980296484,1.7153672001262172,False,False
415.11,5228,t5228,300,250.0,35,9,10,0.64829686448151,False,78.43489985677535,2.834695787831726,False,False
415.11,5229,t5229,270,1000.0,41,6,10,0.6481832290060028,False,233.42199376415533,2.496920335409062,False,False
415.38,5230,t5230,300,250.0,75,4,10,0.6688248531519371,False,77.11432261541472,2.955289817864746,False,False
415.53,5231,t5231,170,500.0,99,3,1,0.640022144408679,True,88.4718167974911,1.7398727792370507,True,False
415.65,5234,t5234,300,1000.0,29,2,6,0.6384265312078903,False,243.3700634141156,3.0085294548825763,False,False
415.68,5235,t5235,270,200.0,30,8,5,0.6508110123277165,False,62.475241036452154,2.7998530944835722,False,False
415.78,5236,t5236,270,200.0,90,0,10,0.6636458061365498,True,44.74491057254317,2.454225364127105,True,False
415.92,5239,t5239,80,50.0,27,2,6,0.6349146672503991,True,3.2131805785842027,0.8053879320975688,True,False
415.98,5241,t5241,170,500.0,82,8,4,0.6488745838439516,False,101.27187713081862,1.684813547200924,False,False
416.0,5242,t5242,220,150.0,35,8,5,0.6472029738993441,False,36.397127702813215,2.2261114300604596,False,False
416.26,5243,t5243,170,100.0,29,0,8,0.671406353464238,True,19.798387571099962,1.7354350712269295,True,False
416.33,5244,t5244,220,150.0,69,0,8,0.6732806879334148,True,39.5431213224018,2.4061197400072607,True,False
416.41,5245,t5245,270,200.0,56,4,1,0.6796483848450002,False,63.69876916524272,2.9141778611736964,False,False
416.47,5246,t5246,170,500.0,45,7,8,0.6587778501584168,False,72.98862256133553,1.6045143631875909,False,False
416.5,5247,t5247,220,150.0,44,4,6,0.6604273847814363,True,31.36439135023727,2.3419381696557156,True,False
416.55,5248,t5248,300,250.0,43,3,5,0.6543263793414363,False,77.61602554176102,3.1895043737800393,False,False
416.65,5250,t5250,220,150.0,40,5,6,0.6629168060697898,True,35.46908928300626,2.2011442622884076,True,False
416.8,5252,t5252,220,150.0,83,7,6,0.6452896662418907,True,31.102489652697635,2.092452670158986,True,False
416.8,5251,t5251,300,1200.0,76,9,5,0.6450450792567218,False,424.2727764831899,3.1874026984559727,False,False
416.86,5254,t5254,120,75.0,42,10,4,0.6644375177916108,True,10.245998603026418,1.311393938873931,True,False
416.86,5253,t5253,300,250.0,30,4,6,0.6628010189039893,False,73.59244302463748,3.255116354813223,False,False
416.94,5255,t5255,220,150.0,37,6,8,0.6417774621733511,True,34.49844073104916,2.1682941511881837,True,False
417.09,5257,t5257,220,700.0,42,0,10,0.6655654614423903,False,128.9752817085652,2.2591602950446394,False,False
417.16,5259,t5259,80,50.0,29,7,8,0.6550104749734303,True,4.453625263412076,0.8532503263984537,True,False
417.26,5260,t5260,220,900.0,97,5,4,0.6515282728204081,False,175.25455464020777,2.0196790042853916,False,False
417.37,5261,t5261,300,250.0,44,10,8,0.6599788061238242,False,63.133424303084894,3.2276620498079476,False,False
417.5,5262,t5262,270,1000.0,99,2,5,0.6403919992645851,False,221.49159001619293,2.7724981674567526,False,False
417.62,5263,t5263,170,100.0,58,5,8,0.6499995488356641,True,16.088330433520042,1.7798845390585545,True,False
417.78,5264,t5264,170,100.0,42,10,1,0.653313766876813,True,18.301209092832252,1.580617346883432,True,False
417.85,5265,t5265,270,1000.0,81,4,5,0.6595907173546588,False,220.30405363197448,2.70146945634047,False,False
417.99,5266,t5266,220,150.0,35,6,10,0.6444762310925494,False,35.5263971589072,2.259111528285555,False,False
418.01,5267,t5267,80,50.0,51,10,4,0.6665794341024452,True,4.632324615740161,0.7455190456304701,True,False
418.04,5268,t5268,270,200.0,27,10,8,0.6561874118195296,False,58.02278585220061,2.592924344301912,False,False
418.14,5269,t5269,170,500.0,41,6,8,0.6445240947480658,False,92.68137064287528,1.634714154397693,False,False
418.43,5270,t5270,220,900.0,84,1,8,0.6212096548465673,False,164.10068835738153,2.1790084008432498,False,False
418.49,5271,t5271,270,900.0,68,9,2,0.6449737517069591,False,274.97819240394506,2.8633252509601257,False,False
418.69,5272,t5272,170,100.0,80,1,8,0.6179139232880977,True,19.23122765223736,1.7785763356239148,True,False
418.76,5273,t5273,170,500.0,27,6,10,0.6408433731373651,False,83.812781005817,1.7798580049422046,False,False
418.83,5274,t5274,270,200.0,37,6,10,0.6372831723412845,False,56.20708980927159,2.8288316472874566,False,False
418.84,5275,t5275,120,75.0,57,7,5,0.6639137491926864,True,8.297231186880856,1.0866166438104345,True,False
419.03,5277,t5277,220,700.0,25,6,10,0.6337941755611255,False,136.087277210732,2.2309111436172646,False,False
419.05,5278,t5278,220,700.0,26,5,6,0.6652406517665758,False,175.21867462180717,2.3164507639611824,False,False
419.08,5279,t5279,120,75.0,32,5,6,0.6613440205494262,True,9.809445747840071,1.1321957165566408,True,False
419.19,5280,t5280,270,200.0,91,8,4,0.6451537588337392,True,59.636496372875285,2.5748071807889574,True,False
419.22,5281,t5281,270,200.0,58,1,5,0.652090492067607,True,57.075712892304814,2.797410946406153,True,False
419.26,5282,t5282,270,200.0,73,6,1,0.668296117342155,True,46.81760699549915,2.638877294397696,True,False
419.31,5283,t5283,300,1000.0,22,10,1,0.6555499530777382,False,259.6581480811156,3.049829951444158,False,False
419.34,5284,t5284,80,50.0,91,4,8,0.6590345599504198,True,4.074356882064293,0.8689499943604297,True,False
419.4,5285,t5285,300,250.0,35,4,8,0.6612845354180782,False,62.77455949335565,2.9369865619394515,False,False
419.44,5286,t5286,220,150.0,79,1,6,0.6334684150589937,True,29.10595803292732,2.005442094424677,True,False
419.78,5288,t5288,170,700.0,70,6,1,0.6703608616619786,False,111.86523813875321,1.7015405504129273,False,False
419.84,5289,t5289,170,700.0,23,9,8,0.6677500163128426,False,112.85095928751018,1.7366984529676597,False,False
420.09,5290,t5290,270,200.0,42,10,1,0.6515674155546451,False,63.18949296803166,2.5091870320745233,False,False
420.28,5291,t5291,120,75.0,65,2,4,0.6527090561091339,True,10.059140290303409,1.1145417933388968,True,False
420.28,5292,t5292,220,150.0,63,3,1,0.6428038833386872,True,39.48911393995237,2.1094268745792855,True,False
420.49,5294,t5294,170,700.0,36,6,8,0.6410417946712864,False,96.07579269539032,1.632295744924053,False,False
420.54,5296,t5296,300,1000.0,59,6,8,0.6376291405960425,False,277.102373408329,2.92102091369238,False,False
420.56,5297,t5297,270,200.0,90,3,1,0.6455299874900954,True,51.26981307691717,2.6021137297437296,True,False
420.58,5298,t5298,300,250.0,39,9,10,0.6447391090100617,False,89.92996042301793,3.177682463635225,False,False
420.63,5300,t5300,170,700.0,48,7,5,0.6662176560270144,False,135.83747994725599,1.6930489215424511,False,False
420.71,5302,t5302,220,150.0,67,1,8,0.6208581063607972,True,37.24161243102906,2.2917283306085934,True,False
420.81,5303,t5303,220,150.0,39,10,4,0.668678512087063,True,33.265318439566535,2.280456410342428,True,False
420.84,5304,t5304,80,50.0,25,4,1,0.6754635989662819,True,4.717573510346526,0.7672946143018631,True,False
420.9,5306,t5306,270,900.0,83,3,1,0.6482015695584752,False,203.88056043781162,2.9326597428291787,False,False
421.04,5307,t5307,220,900.0,24,6,1,0.6662103110954057,False,203.9253598675752,2.025659543372865,False,False
421.05,5308,t5308,170,100.0,92,8,4,0.6476813503237311,True,16.044751994997625,1.8022338121661483,True,False
421.15,5309,t5309,300,250.0,30,1,5,0.6544793488929216,False,66.9427587202822,3.0092113000573075,False,False
421.16,5310,t5310,80,50.0,73,4,1,0.6775365088051382,True,4.092826674147119,0.7472002128058172,True,False
421.4,5312,t5312,270,200.0,67,1,8,0.6237434057720428,True,64.54996081700034,2.6522539718570743,True,False
421.48,5313,t5313,300,1200.0,34,6,8,0.6342847396023035,False,399.1603804653433,3.207022386572754,False,False
421.56,5314,t5314,80,50.0,90,8,4,0.6501583899839231,True,4.38421196760709,0.7905180716793323,True,False
421.74,5316,t5316,170,500.0,56,0,1,0.6689087247000595,False,68.71117278423479,1.864271325253949,False,False
421.86,5317,t5317,80,50.0,57,1,6,0.6362297134244804,True,3.837151482461313,0.8203900052057188,True,False
421.96,5318,t5318,270,900.0,47,1,8,0.6265709991950634,False,261.64108726514064,2.8035464813452293,False,False
422.05,5321,t5321,300,250.0,58,9,8,0.6638031978047676,False,88.2393565045132,2.740581439663771,False,False
422.38,5322,t5322,170,100.0,37,9,4,0.6435808246989059,True,18.274284350759736,1.7629712520945875,True,False
422.39,5323,t5323,220,150.0,44,2,4,0.655237056805133,True,38.78684608074716,1.9983921008984178,True,False
422.49,5324,t5324,120,75.0,76,1,8,0.6231680407496238,True,8.252782018039234,1.091300101077936,True,False
422.77,5325,t5325,300,250.0,62,1,8,0.6260071414730928,False,85.17443884936633,3.279121790750984,False,False
422.8,5326,t5326,80,50.0,88,8,5,0.6436670962395391,True,3.352768240450693,0.8031691226938729,True,False
423.05,5327,t5327,220,150.0,37,3,1,0.6446457199854875,True,26.908109449578454,2.2723688005252405,True,False
423.11,5328,t5328,270,200.0,88,6,1,0.6621427715401643,True,60.45919856508548,2.5169360813378043,True,False
423.21,5329,t5329,120,75.0,49,0,4,0.6619674471719715,True,7.439271192897539,1.2631416003359435,True,False
423.23,5330,t5330,170,100.0,75,7,6,0.6479660547352347,True,15.813176692009142,1.685538209497519,True,False
423.31,5331,t5331,300,1200.0,24,3,5,0.6506480335727894,False,288.16154089972946,3.0688898856355684,False,False
423.36,5332,t5332,300,1000.0,22,2,4,0.6577144974872121,False,240.29512771434588,2.8131764171342604,False,False
423.39,5333,t5333,270,200.0,28,7,6,0.6505889154587118,False,63.362177614825264,2.6692598997497137,False,False
423.54,5335,t5335,300,250.0,39,5,4,0.6479058891821817,False,82.21675638807757,2.9785037036650364,False,False
423.63,5336,t5336,80,50.0,56,5,6,0.6636993219566195,True,4.711760518919104,0.8021455474124664,True,False
423.64,5337,t5337,300,250.0,26,2,6,0.6376470405720579,False,79.63192068380846,2.8176342788166213,False,False
423.69,5338,t5338,120,75.0,69,3,6,0.6539066773145462,True,9.786657361151239,1.3191027920442395,True,False
423.89,5339,t5339,270,200.0,83,7,8,0.6574924472921435,True,45.30392630611069,2.870209029151797,True,False
423.91,5340,t5340,120,75.0,93,3,6,0.656410725586437,False,9.857184398296539,1.16056373770049,True,False
423.95,5341,t5341,300,1200.0,22,6,8,0.6310072266284392,False,404.06315852580065,3.1513541096859545,False,False
424.09,5344,t5344,170,100.0,61,3,1,0.6473349874039597,True,16.6378145747297,1.5774369641515464,True,False
424.24,5345,t5345,80,50.0,89,9,6,0.6534181949057406,True,3.203155576029787,0.8002232051095007,True,False
424.4,5347,t5347,220,900.0,65,8,5,0.6463759361329301,False,228.7075459700273,2.152195589664764,False,False
424.44,5349,t5349,120,75.0,46,9,4,0.6461398748715944,True,9.180480232941509,1.156457369171717,True,False
424.49,5350,t5350,80,50.0,92,8,2,0.6638869288687698,True,4.166394707232698,0.8768475167503311,True,False
424.52,5351,t5351,300,250.0,50,6,8,0.6277952639140523,False,63.195071700159126,3.054778717391136,False,False
424.8,5353,t5353,300,1200.0,42,7,5,0.662301484724656,False,306.9348619928234,3.297832541703162,False,False
424.88,5354,t5354,80,50.0,57,1,6,0.6389357858226575,True,4.708412916413957,0.8323031842598265,True,False
424.95,5355,t5355,220,700.0,51,0,1,0.66493873202424,False,131.4917666460625,2.187190664888516,False,False
425.08,5356,t5356,220,900.0,68,5,6,0.6660075173356689,False,199.51867595773086,2.382967655058354,False,False
425.1,5357,t5357,170,500.0,66,0,5,0.6614098813649972,False,68.78499338252074,1.5481607421982075,False,False
425.16,5358,t5358,80,50.0,83,7,8,0.6599247801644824,True,3.952364888976285,0.8764444775186644,True,False
425.18,5359,t5359,270,1000.0,94,7,6,0.6469853189677194,False,273.3815263247342,2.61216163642727,False,False
425.19,5360,t5360,270,200.0,60,8,2,0.6660398569580611,True,50.34135752705107,2.6247906436089457,True,False
425.2,5361,t5361,220,150.0,47,5,8,0.6525817396771326,True,28.224251691871732,1.994084030516076,True,False
425.34,5362,t5362,270,200.0,76,10,8,0.6524718454013207,True,59.01042620975883,2.872421764648037,True,False
425.35,5363,t5363,220,150.0,38,6,1,0.6643305827760276,True,37.56076135569239,2.2841888321604658,True,False
425.37,5364,t5364,270,200.0,92,7,8,0.6623084663793747,True,57.410574115130444,2.730753949460601,True,False
425.41,5365,t5365,220,150.0,47,7,8,0.6646444788699689,True,33.60826622099841,2.1220757265663726,True,False
425.41,5366,t5366,170,100.0,51,5,8,0.6551122867017718,True,15.520140621135342,1.8227496314505056,True,False
425.5,5367,t5367,80,50.0,26,7,10,0.644002274718323,True,3.268999610802622,0.8320592162409115,True,False
425.63,5368,t5368,170,500.0,76,4,1,0.6795679604472172,False,79.34956347843749,1.6211320290216928,False,False
425.73,5369,t5369,80,50.0,54,6,1,0.6664746377871739,True,3.2905802394485346,0.7644997835308408,True,False
425.8,5371,t5371,80,50.0,31,7,10,0.6467044110421384,True,3.4560135467953663,0.8295613936908183,True,False
425.84,5372,t5372,170,100.0,70,3,6,0.6526906928928901,True,17.09308006503699,1.8419278234234193,True,False
426.04,5374,t5374,270,1000.0,30,3,5,0.6470432547195154,False,293.9785607647997,2.5779415613088834,False,False
426.2,5375,t5375,170,500.0,98,10,4,0.6707356085119883,True,75.36595398615827,1.6272134929387312,True,False
426.26,5376,t5376,270,200.0,60,10,8,0.6550045903114762,True,53.28959212098761,2.7458220695501994,True,False
426.27,5377,t5377,300,250.0,73,10,4,0.6727515630084152,False,88.91092694811582,2.722152759371655,False,False
426.31,5378,t5378,120,75.0,20,1,5,0.6506464285817298,True,9.533205316437687,1.1322558433710206,True,False
426.46,5379,t5379,220,700.0,41,3,1,0.6499704694740622,False,161.45737492754574,2.3576538899540034,False,False
426.56,5380,t5380,220,150.0,47,5,4,0.6443559532167199,True,34.33176028059277,2.1887439885747195,True,False
426.64,5381,t5381,120,75.0,45,2,4,0.6539683893556497,True,7.899679567657602,1.1826965471198394,True,False
426.73,5382,t5382,170,100.0,91,0,8,0.675117535713208,True,14.862828824251434,1.7617968987492674,True,False
426.74,5384,t5384,170,100.0,95,9,4,0.6486477440408293,True,13.986947112058617,1.7249825114653168,True,False
426.92,5385,t5385,80,50.0,44,3,5,0.6435105714433069,True,3.5473243852664718,0.8384715660895705,True,False
426.96,5386,t5386,170,100.0,57,8,5,0.6428565992284533,True,13.743803214044954,1.8603067366593142,True,False
426.99,5388,t5388,220,150.0,78,0,2,0.6613059633588746,True,37.63993037911473,2.104093436264839,True,False
427.28,5389,t5389,220,150.0,97,8,5,0.645581649062066,True,35.695123708500994,2.239543416307313,True,False
427.37,5391,t5391,300,250.0,31,0,4,0.6641587648951988,False,89.11114741392242,3.153836834956226,False,False
427.54,5394,t5394,170,700.0,68,3,6,0.6552190608532141,False,100.97383589040678,1.5627354439293004,False,False
427.6,5395,t5395,270,200.0,20,6,10,0.6303749587165696,False,54.16180361514691,2.7438134856625798,False,False
427.68,5396,t5396,170,700.0,23,7,5,0.6584636368483446,False,133.15975983553088,1.6667823853297934,False,False
427.8,5397,t5397,170,500.0,66,9,8,0.659935315666854,False,101.71301524538691,1.6856797860551256,False,False
427.98,5398,t5398,170,700.0,93,7,8,0.6669337711107514,False,100.73736240914549,1.7893718929112752,False,False
427.98,5399,t5399,120,75.0,36,9,8,0.6561447911716988,True,7.359150940860819,1.1154802843898404,True,False
428.01,5400,t5400,120,75.0,87,4,1,0.6753847830564547,True,7.454884867597108,1.3182895988605317,True,False
428.18,5402,t5402,300,250.0,79,9,6,0.6559320128258076,True,73.77893984754986,2.7544248089310326,True,False
428.23,5403,t5403,270,200.0,71,8,2,0.6681497264855666,True,51.49895010786295,2.9046588022131448,True,False
428.29,5404,t5404,220,150.0,52,3,5,0.6462225418326225,True,39.018537293310914,2.319171620332008,True,False
428.32,5405,t5405,170,100.0,67,9,8,0.6586040771664466,True,17.125901305734956,1.7804859892197311,True,False
428.38,5406,t5406,270,1000.0,87,5,6,0.6620955488071373,False,318.1765187039053,2.661258836991724,False,False
428.39,5407,t5407,120,75.0,25,7,5,0.6547025459295596,True,8.21950329442143,1.2843325594681012,True,False
428.6,5409,t5409,120,75.0,30,8,5,0.6482521978990065,True,8.742654204248428,1.2403299415873232,True,False
428.61,5410,t5410,80,50.0,54,9,4,0.6511054558266792,True,3.772433309997268,0.8709629820321135,True,False
428.62,5411,t5411,220,150.0,79,4,1,0.6774592692135074,True,38.400173045025156,2.10562329241206,True,False
428.63,5412,t5412,170,100.0,47,0,8,0.6769176465374054,True,14.402802013538324,1.8551881358654767,True,False
428.75,5413,t5413,270,200.0,98,3,1,0.6463792419027629,True,60.375853700793776,2.9409058000097494,True,False
428.81,5414,t5414,270,200.0,98,8,5,0.6508693357592082,False,45.015731310717776,2.861555326682227,True,False
428.91,5416,t5416,300,250.0,41,6,10,0.6270241262089048,False,69.42602014324372,3.269319993639037,False,False
428.96,5417,t5417,80,50.0,37,1,8,0.6226154601820926,True,3.216739406960305,0.8102110442742525,True,False
429.01,5418,t5418,270,1000.0,92,1,8,0.6254656125169122,False,284.02470707978233,2.59157526386179,False,False
429.19,5419,t5419,270,900.0,55,6,8,0.624647540453953,False,224.79479563722762,2.509425422697703,False,False
429.3,5421,t5421,220,150.0,71,0,2,0.663662025909879,True,36.75050903437898,2.1327735621915505,True,False
429.32,5422,t5422,300,250.0,80,4,10,0.664705022755565,False,88.87448167116712,2.9499811006363212,False,False
429.47,5424,t5424,220,700.0,22,6,10,0.6237403103513933,False,133.6037220519437,1.9809987200695476,False,False
429.58,5425,t5425,170,100.0,57,0,2,0.6659709672098632,True,14.794787495725442,1.807108321845442,True,False
429.61,5426,t5426,220,150.0,64,4,10,0.6606675889671203,True,32.70339148610776,2.2825061628616363,True,False
429.75,5427,t5427,170,100.0,55,10,8,0.6574866803234284,True,13.752687709898536,1.6660323860436783,True,False
429.85,5428,t5428,220,900.0,24,0,10,0.6612727236421139,False,214.4363840891242,1.9926639886835504,False,False
430.13,5430,t5430,300,250.0,58,0,2,0.6682337296838478,False,66.05120142177368,2.8482295560641258,False,False
430.28,5431,t5431,120,75.0,45,0,2,0.6642772369083526,True,8.766087141169518,1.1925190454216767,True,False
430.41,5432,t5432,170,500.0,73,9,6,0.6583955543874732,False,78.54261096964504,1.5486185563283648,False,False
430.48,5433,t5433,170,100.0,26,6,3,0.621386524102409,False,34.4212039419538,3.95209827220516,False,True
430.5,5434,t5434,170,100.0,30,4,1,0.679492265647419,True,18.592679231657815,1.869743497996984,True,False
430.57,5435,t5435,220,700.0,21,0,8,0.6786817551451187,False,137.2933739488697,2.211464168067324,False,False
430.72,5436,t5436,120,75.0,41,4,1,0.6814846021526525,True,10.517250888172448,1.3120090602456516,True,False
430.85,5437,t5437,220,150.0,84,9,8,0.6610141774412995,True,38.33662713938295,2.4198193358699216,True,False
430.88,5438,t5438,80,50.0,96,2,5,0.6369923410974753,True,4.628641226921627,0.8754652979746912,True,False
430.92,5439,t5439,300,1200.0,42,8,4,0.6525858888509114,False,393.04946891288256,2.88591628760376,False,False
430.94,5440,t5440,170,100.0,24,0,6,0.6612692992157478,True,17.77448199717458,1.68216153410873,True,False
430.95,5441,t5441,270,900.0,63,5,6,0.6582618196491764,False,247.5487162964742,2.800402255656501,False,False
431.06,5443,t5443,80,50.0,43,4,6,0.6589531803440913,True,3.7222824844847704,0.8310225709357906,True,False
431.16,5444,t5444,300,250.0,39,0,2,0.6665738739883674,False,66.25251232216915,3.2276225720455822,False,False
431.19,5446,t5446,220,900.0,51,9,8,0.6633760757106554,False,159.7380832669339,2.282320017158457,False,False
431.35,5448,t5448,220,900.0,48,7,5,0.6571906768291502,False,215.13133584393663,2.2313405550296688,False,False
431.35,5447,t5447,270,200.0,28,9,8,0.659516736014624,False,61.55892382105281,2.8756328772942976,False,False
431.53,5451,t5451,300,250.0,29,4,1,0.6834370919277812,False,63.68339599758869,2.887814236412588,False,False
431.54,5452,t5452,220,150.0,43,1,6,0.641587736772871,True,27.58212654409053,2.3038744864245078,True,False
431.69,5453,t5453,270,200.0,31,2,1,0.6345990243043199,False,53.69758427138076,2.828535450174937,False,False
431.78,5454,t5454,80,50.0,42,10,6,0.6508589503966015,False,4.132031936033752,0.8399779708788015,True,False
431.8,5455,t5455,300,1200.0,81,3,6,0.6515228614543317,False,362.0989886025049,2.826608404949429,False,False
431.81,5456,t5456,120,75.0,38,1,6,0.6441866487040803,True,9.634375495535984,1.1231041439876503,True,False
431.87,5457,t5457,220,900.0,63,4,10,0.6628849038544445,False,195.38698949457893,2.076798033060809,False,False
431.93,5458,t5458,300,250.0,58,9,8,0.6557345831125133,False,63.875087008845085,2.8010013513328085,False,False
431.94,5459,t5459,270,200.0,75,7,10,0.6493525046394776,True,55.961858134507615,2.4317303327395785,True,False
431.95,5460,t5460,270,200.0,59,2,5,0.6398346760937076,True,52.16741229778902,2.906889852454678,True,False
431.96,5461,t5461,270,900.0,49,4,10,0.6588838724440224,False,284.4455412612766,2.7265830516804903,False,False
431.97,5462,t5462,300,1200.0,60,6,8,0.6215627714630557,False,430.87394925844734,3.0212438799911103,False,False
432.09,5464,t5464,300,1000.0,28,9,6,0.6546358251179055,False,251.39371305827964,2.9249876485570394,False,False
432.16,5465,t5465,270,200.0,82,2,4,0.6564712033867185,True,44.857501417952044,2.740509361230985,True,False
432.22,5466,t5466,300,1000.0,30,0,6,0.6634745798980995,False,258.74224332978986,2.8661443242321085,False,False
432.27,5467,t5467,270,200.0,52,3,1,0.6490338388828893,True,50.23538735071832,2.675123630053868,True,False
432.4,5469,t5469,270,200.0,88,10,4,0.6685531984149137,True,46.83813544728764,2.7085498410969637,True,False
432.49,5470,t5470,270,200.0,64,4,6,0.6613562985553914,False,64.45463872223011,2.6586932996282537,False,False
432.6,5471,t5471,220,150.0,35,7,8,0.6630032775067182,True,29.382732241685392,2.16959805129089,True,False
432.71,5472,t5472,220,150.0,65,6,7,0.6198658298703961,False,97.65101652614783,4.134791340424908,False,True
432.77,5473,t5473,170,700.0,73,6,1,0.668575811698097,False,97.6778408036212,1.5942319098577753,False,False
432.84,5474,t5474,220,150.0,60,8,2,0.6702173986225218,True,32.16329332625276,2.218808463442413,True,False
433.06,5476,t5476,80,50.0,26,6,1,0.6644609621308016,True,3.749806789062821,0.8384077726137236,True,False
433.09,5477,t5477,120,75.0,77,7,5,0.653455045110749,True,10.11136968571271,1.1513147268633297,True,False
433.11,5478,t5478,300,250.0,75,6,8,0.6185396978519765,True,61.56369311478862,3.201028540898793,True,False
433.16,5479,t5479,220,700.0,75,8,4,0.6487908377405597,False,160.43191484798274,2.0448744678741653,False,False
433.17,5480,t5480,220,150.0,84,4,6,0.6575373544024653,True,35.83625902377032,2.0555695367667095,True,False
433.22,5481,t5481,300,250.0,52,4,1,0.6791765319074075,False,68.19478832981387,3.11236005551605,False,False
433.28,5482,t5482,80,50.0,24,1,5,0.6530641666767619,True,3.4309210546302196,0.7202490937103204,True,False
433.31,5483,t5483,170,100.0,35,8,4,0.6450716876524153,True,15.56320398761322,1.7621551243729103,True,False
433.32,5484,t5484,170,100.0,42,4,1,0.6750011830874411,True,19.207368355328462,1.7460183097960094,True,False
433.37,5485,t5485,170,100.0,41,6,10,0.6205221708110321,True,13.856222351350212,1.5621520594150786,True,False
433.62,5487,t5487,300,250.0,83,9,4,0.6535140133768124,True,68.46368913546829,3.276660459648803,True,False
433.65,5488,t5488,270,900.0,40,1,6,0.6467335823966653,False,232.88742205719197,2.910324692851029,False,False
433.76,5489,t5489,170,100.0,46,0,8,0.6742365815806779,True,15.255036297890651,1.5524022095412326,True,False
434.06,5491,t5491,300,1000.0,39,7,10,0.6519476363648699,False,311.98876132668136,3.1453765595250687,False,False
434.08,5492,t5492,170,500.0,81,9,8,0.6520280732684449,False,86.42151932234425,1.5486916159901192,False,False
434.12,5493,t5493,120,75.0,45,3,1,0.6516353439234134,True,7.704642267327827,1.0865125673727434,True,False
434.16,5494,t5494,270,900.0,43,6,8,0.6217510857131188,False,235.67536317706134,2.574950938128175,False,False
434.17,5495,t5495,170,700.0,37,1,8,0.6220847618050356,False,107.52384110621195,1.7114957568268228,False,False
434.25,5496,t5496,270,200.0,49,8,2,0.672243717316738,True,44.37514594025972,2.5866196918704563,True,False
434.28,5497,t5497,300,1200.0,44,4,6,0.6599687891325978,False,327.6034152571176,2.7905248220936403,False,False
434.29,5498,t5498,220,150.0,67,5,8,0.6575922227859182,False,38.96417582403026,2.1400670480137016,True,False
434.31,5499,t5499,170,700.0,34,4,1,0.677083341243874,False,141.23884585413742,1.864136938726803,False,False
434.34,5500,t5500,170,500.0,75,10,8,0.6599191285351417,False,84.15844095516852,1.5677686440000753,False,False
434.34,5501,t5501,270,1000.0,84,5,4,0.6470510159705674,False,249.58936294826376,2.9465078438419767,False,False
434.54,5502,t5502,120,75.0,75,1,5,0.6554335500098933,True,8.83952675835559,1.1477526040227723,True,False
434.54,5503,t5503,300,1200.0,26,0,2,0.6626505783267819,False,425.15896735991856,2.7873757663402223,False,False
434.55,5504,t5504,170,700.0,42,8,2,0.67422950963707,False,109.01330178722877,1.810230104811793,False,False
434.59,5505,t5505,270,200.0,25,1,8,0.6187715281073962,False,47.95763151939703,2.6433130274117365,False,False
434.59,5506,t5506,120,75.0,49,5,8,0.6538485601483816,True,10.565570132861854,1.0855218900660144,True,False
434.59,5507,t5507,120,75.0,58,1,5,0.6577555456763621,True,10.411599441527738,1.2813636027720563,True,False
434.61,5508,t5508,220,900.0,48,0,8,0.6760543114875259,False,190.8703604326896,2.1453663350890766,False,False
434.63,5509,t5509,80,50.0,54,5,4,0.6435181774693378,True,3.9561560398167543,0.8744112774297714,True,False
434.72,5510,t5510,220,900.0,94,9,4,0.6558743997759428,False,197.67875761255428,2.2335534447193433,False,False
434.82,5512,t5512,220,700.0,21,3,6,0.6479005860434268,False,157.18004218974093,2.300457972995471,False,False
434.82,5511,t5511,170,700.0,24,8,2,0.6700015861109953,False,119.2461243335784,1.6425333068437158,False,False
434.88,5513,t5513,80,50.0,97,3,6,0.6443507561407401,True,4.777349179902558,0.8638060603925176,True,False
435.17,5514,t5514,220,150.0,38,0,4,0.6601322562639614,True,32.77646633836078,2.141163435518534,True,False
435.25,5515,t5515,220,700.0,77,8,5,0.6472601308622058,False,150.88586030622207,2.000647032406006,False,False
435.32,5516,t5516,300,1000.0,95,8,5,0.6437231100631435,False,351.34305807124684,2.8994538518716126,False,False
435.38,5517,t5517,120,75.0,95,7,10,0.6483168654557542,True,9.68828209511402,1.0965159292140483,True,False
435.43,5518,t5518,300,1000.0,29,8,4,0.6476009205660336,False,305.8845841145547,3.0942341634235992,False,False
435.53,5519,t5519,170,100.0,59,2,5,0.6426201643900152,True,16.890138508990773,1.6072553335245605,True,False
435.66,5520,t5520,120,75.0,27,7,8,0.6653253937747656,True,9.73270789392877,1.2835139990543782,True,False
435.71,5521,t5521,170,100.0,67,5,8,0.6563537707635958,True,14.489959783364707,1.5453282489590483,True,False
435.72,5522,t5522,270,1000.0,86,4,8,0.6573155113763832,False,270.37966151635135,2.9540961690824283,False,False
435.84,5524,t5524,220,150.0,58,2,5,0.6453499429203967,True,30.891801350620472,2.0431681998274747,True,False
435.84,5523,t5523,220,900.0,72,2,6,0.6341507664272833,False,188.99436846460688,2.1382398852439612,False,False
435.86,5525,t5525,270,200.0,37,7,8,0.6676010677174521,False,50.26801847360094,2.4543130682890095,False,False
435.88,5526,t5526,300,1200.0,53,10,4,0.670612801113282,False,414.1556575689781,3.0265380230375922,False,False
436.36,5527,t5527,270,200.0,80,10,8,0.6561289277826207,True,64.05755305843222,2.906120466209316,True,False
436.5,5528,t5528,120,75.0,51,5,8,0.6588088771665057,True,9.839735062674738,1.1041950561435743,True,False
436.54,5529,t5529,170,100.0,34,8,1,0.6420608236835803,True,13.860046455140514,1.8011029996152688,True,False
436.63,5531,t5531,220,150.0,20,9,6,0.6509512904337292,False,37.45344582636211,2.2011182218468615,False,False
436.64,5532,t5532,300,1200.0,60,2,1,0.6313152256364154,False,308.1787767412658,2.9170051714913043,False,False
436.99,5533,t5533,170,100.0,21,3,1,0.6541848188631268,True,17.751187381550608,1.6176528404372585,True,False
437.15,5537,t5537,120,75.0,74,10,4,0.6664572117576831,True,8.099158415961371,1.1134670971557006,True,False
437.19,5538,t5538,270,200.0,89,6,1,0.6666024095548523,True,63.50928650513406,2.443286336771481,True,False
437.27,5540,t5540,270,900.0,27,3,6,0.6470459228361071,False,212.62676190290884,2.4479887404611462,False,False
437.32,5542,t5542,80,50.0,68,3,6,0.6435131861975668,True,4.486941037306821,0.8783931384204297,True,False
437.35,5544,t5544,80,50.0,39,4,2,0.6587036072270896,True,4.4312285097215,0.8398558112638302,True,False
437.36,5545,t5545,300,250.0,61,1,5,0.6600311014295016,False,81.33414425151219,3.2145361502836476,False,False
437.46,5546,t5546,220,150.0,89,10,4,0.6685587341891961,True,28.069191915258966,2.1160033718780205,True,False
437.62,5547,t5547,170,100.0,54,3,6,0.6462251042917974,True,14.703371876658444,1.822431859483322,True,False
437.72,5548,t5548,270,1000.0,97,7,8,0.6636572281812849,False,254.90753338791643,2.6502873740724167,False,False
437.77,5549,t5549,170,100.0,55,5,4,0.6462299957381329,True,17.62586189865432,1.5839555067760587,True,False
437.81,5550,t5550,220,150.0,37,4,1,0.6729498562371784,True,28.14767884694029,2.3128934207205893,True,False
438.01,5551,t5551,270,200.0,73,5,4,0.648887577641552,True,46.858680644007215,2.4720244546571046,True,False
438.05,5552,t5552,300,250.0,23,8,2,0.665858221055442,False,86.88687562258727,2.7804939479187625,False,False
438.09,5553,t5553,170,100.0,76,8,2,0.6617977233009998,True,15.211948173120888,1.5891978287241988,True,False
438.32,5554,t5554,170,700.0,36,3,1,0.6566833043040462,False,105.84373083372768,1.644383258167286,False,False
438.37,5555,t5555,300,1200.0,22,6,10,0.6235423940614783,False,388.092943701755,2.886387298275873,False,False
438.53,5556,t5556,80,50.0,72,6,1,0.668701028030422,True,3.7587093831550575,0.7352300662869227,True,False
438.59,5557,t5557,220,700.0,39,7,10,0.6509327099648209,False,165.13339873527204,2.156583739631568,False,False
438.7,5558,t5558,120,75.0,42,4,1,0.6750730409306167,True,10.750668215557237,1.1900608612266506,True,False
438.71,5559,t5559,220,150.0,23,2,5,0.6480251258801707,False,38.759193120287364,1.9974666904971694,False,False
438.87,5561,t5561,170,100.0,33,6,1,0.6707576741364801,True,18.105969974518302,1.8298412498834202,True,False
438.89,5562,t5562,170,100.0,36,8,4,0.6439055688213796,True,17.663178067172822,1.563612127518773,True,False
438.9,5563,t5563,120,75.0,72,3,5,0.648880272814152,True,9.46168920759948,1.1954470267056032,True,False
439.02,5564,t5564,270,200.0,62,6,1,0.6727731873204172,False,63.458614880702115,2.44214480598978,False,False
439.22,5566,t5566,170,100.0,71,2,6,0.6307244177654043,True,14.966896344060476,1.545431200066217,True,False
439.27,5568,t5568,270,200.0,31,4,6,0.6561775951681277,False,60.644657130911,2.780100467121798,False,False
439.45,5570,t5570,80,50.0,66,8,2,0.6639924355016465,True,3.6320942772849376,0.7536707233462361,True,False
439.46,5571,t5571,120,75.0,25,0,1,0.6610481392019371,True,9.071477491771809,1.1393900382421909,True,False
439.58,5572,t5572,170,100.0,67,6,8,0.6187242458170382,True,13.889841577800782,1.850961380607068,True,False
439.62,5573,t5573,300,250.0,75,8,1,0.6445220687483704,False,89.95963142643491,3.1813801698609616,False,False
439.72,5574,t5574,220,150.0,75,10,8,0.6585885310451501,True,26.83962207989469,2.26079296589887,True,False
439.88,5576,t5576,170,100.0,91,8,4,0.6464581241116186,True,19.044272974499172,1.7585421662268772,True,False
440.05,5577,t5577,220,150.0,88,10,1,0.6476645287820137,True,32.06148120806376,2.3903166019699107,True,False
440.1,5579,t5579,170,500.0,75,7,10,0.6473222375837063,False,97.62864244988764,1.5540947150545996,False,False
440.12,5580,t5580,170,100.0,67,7,8,0.659792265435841,True,14.995247924498395,1.6137074532151665,True,False
440.21,5581,t5581,170,500.0,25,9,6,0.6473404464432365,False,96.20204553006211,1.6149698784364548,False,False
440.23,5582,t5582,170,500.0,42,10,8,0.6609989422424289,False,97.47028769176761,1.583879264624281,False,False
440.24,5583,t5583,220,150.0,32,9,4,0.6520135784470905,False,32.88984581297888,2.058310339987668,False,False
440.26,5584,t5584,220,150.0,46,0,8,0.6716616867962371,True,28.274946359044012,2.229056796532873,True,False
440.59,5586,t5586,170,500.0,62,5,6,0.6545047650743747,False,87.04323067043833,1.551830451042516,False,False
440.73,5587,t5587,220,150.0,89,10,8,0.6571871452157622,True,29.400115601406455,2.1983048138390564,True,False
440.92,5589,t5589,170,100.0,27,8,1,0.6407600889118645,True,14.386822252271529,1.832809212936438,True,False
441.05,5590,t5590,300,250.0,27,8,1,0.6432473486720887,False,80.87712047015934,2.911911101520644,False,False
441.13,5591,t5591,120,75.0,39,4,5,0.6558070848257475,True,10.675650939031822,1.1504292085207364,True,False
441.22,5593,t5593,170,700.0,43,0,1,0.6634093582360802,False,116.00317029860241,1.777269851868782,False,False
441.34,5594,t5594,270,200.0,25,10,8,0.6596255841296287,False,61.62985203010476,2.736474302436388,False,False
441.42,5595,t5595,220,150.0,88,7,10,0.643783974650214,False,26.715727540538033,2.32502438796923,True,False
441.58,5597,t5597,300,250.0,21,9,6,0.6438018193325535,False,65.77947492896148,2.9437187292792437,False,False
441.79,5598,t5598,80,50.0,87,9,5,0.6414008443382541,True,4.51727836681014,0.7640719274555607,True,False
441.83,5599,t5599,170,100.0,97,5,6,0.650822851591069,True,13.953801792723828,1.5752269957318148,True,False
441.86,5601,t5601,220,900.0,76,10,4,0.6706182261720789,False,233.9837556898722,2.2561622985547927,False,False
442.08,5602,t5602,220,700.0,86,7,4,0.6435337936124587,False,139.60726807398476,2.3853077807555256,False,False
442.13,5603,t5603,300,1200.0,37,1,6,0.6430555774153986,False,337.2205294526815,2.7997363589593465,False,False
442.21,5605,t5605,300,1000.0,99,0,4,0.6623602778053489,False,309.9000012668641,3.11288850378501,False,False
442.34,5606,t5606,270,200.0,37,3,5,0.6514848491760507,False,56.71754474906225,2.9016129926330008,False,False
442.44,5607,t5607,220,700.0,24,0,6,0.6594617549668043,False,135.07535139457582,2.139826585990009,False,False
442.46,5608,t5608,220,700.0,20,2,5,0.644472805180749,False,168.65719256918186,2.0523104644518635,False,False
442.7,5609,t5609,80,50.0,20,10,1,0.6500136997448349,True,4.6141470295508284,0.7646271328466403,True,False
442.76,5610,t5610,220,150.0,44,4,5,0.6582731249474144,True,26.446924290761665,2.3696743040979915,True,False
442.8,5612,t5612,270,200.0,43,7,8,0.6621786019453061,False,46.81593655309294,2.5533929174338934,False,False
442.8,5611,t5611,80,50.0,65,0,1,0.6595493528895403,True,3.5468647303640606,0.7929347634159818,True,False
442.81,5613,t5613,170,100.0,44,1,6,0.6394511325337574,True,16.58578436320483,1.8059520750536093,True,False
442.89,5614,t5614,300,250.0,99,2,4,0.658923961137166,False,78.21022745251622,2.937772580567432,True,False
442.96,5615,t5615,80,50.0,24,8,10,0.6403847383832453,True,4.269221487253638,0.8595874635095845,True,False
443.02,5616,t5616,120,75.0,73,8,4,0.6489596282960529,True,8.769092185202373,1.174876397236453,True,False
443.09,5617,t5617,170,100.0,32,9,4,0.6482299735448155,True,19.899455397898056,1.6736230137302321,True,False
443.69,5620,t5620,170,700.0,91,0,1,0.6619405476499314,False,141.79964997650498,1.7151630589233662,False,False
443.69,5621,t5621,300,250.0,60,0,4,0.6583697389159086,False,71.81302509265078,3.2924985404138454,False,False
443.83,5623,t5623,300,1000.0,76,10,1,0.6523158872883998,False,265.11067395814734,3.100519513906333,False,False
443.97,5624,t5624,220,150.0,70,9,5,0.6440034941181557,True,26.88142097525073,2.053759072807731,True,False
444.15,5627,t5627,120,75.0,66,9,8,0.6483956936212578,True,8.441411214679263,1.2089708267323411,True,False
444.23,5628,t5628,220,150.0,38,7,8,0.6583432117245817,True,33.10015317670567,2.3699666145876717,True,False
444.35,5629,t5629,80,50.0,25,9,5,0.6465540909024593,True,3.3117523120434154,0.7682217698853232,True,False
444.43,5630,t5630,300,1200.0,59,3,1,0.6529578200361471,False,383.01521174202827,3.2178522200886985,False,False
444.56,5632,t5632,270,200.0,90,2,6,0.6335405960767629,True,45.07460669539411,2.856151846057083,True,False
444.59,5633,t5633,170,700.0,48,5,4,0.6514920079069029,False,126.69202257602282,1.77322979017182,False,False
444.66,5634,t5634,300,250.0,95,8,10,0.6431592254337622,True,79.53411144585199,2.7846133243083457,True,False
444.75,5635,t5635,220,150.0,97,6,8,0.6219319427188793,True,37.6160709779498,2.0805814739855375,True,False
444.79,5636,t5636,170,100.0,71,0,1,0.6581099185151146,True,14.911056343718897,1.6552756280082916,True,False
445.03,5637,t5637,220,150.0,58,1,8,0.61552455908371,True,35.356488783551214,2.003593131721217,True,False
445.15,5638,t5638,120,75.0,71,6,1,0.6685743902406757,True,9.645361079628106,1.1180452515273291,True,False
445.25,5639,t5639,80,50.0,90,4,2,0.6611117169007296,False,3.939441717315847,0.8273811146312511,True,False
445.31,5640,t5640,80,50.0,25,9,5,0.6490536757510766,True,4.446597410253199,0.8239356832096766,True,False
445.41,5641,t5641,300,250.0,63,8,4,0.6514111023967987,True,61.82261814075426,3.1329048531712127,True,False
445.45,5642,t5642,220,900.0,76,1,6,0.642092776549749,False,183.8983699324778,2.1174574239073993,False,False
445.72,5643,t5643,270,200.0,27,1,8,0.6185165294404973,False,60.60160919807237,2.4513977256710113,False,False
446.11,5646,t5646,270,900.0,95,9,8,0.6510099615670145,False,278.7847058357451,2.808056968862264,False,False
446.12,5647,t5647,270,900.0,72,6,1,0.6706335691025288,False,234.41577569151204,2.5767235729704616,False,False
446.14,5648,t5648,270,900.0,38,8,4,0.6538135470155293,False,285.4284452278444,2.822968464663486,False,False
446.16,5649,t5649,270,200.0,37,2,6,0.6363004508218942,False,57.96780039717425,2.4312101676788576,False,False
446.18,5650,t5650,170,100.0,78,7,5,0.655968126026716,True,19.263340949242284,1.8550179792907517,True,False
446.25,5651,t5651,120,75.0,30,7,6,0.6434537944065467,True,10.616247994981189,1.1889589302845303,True,False
446.29,5652,t5652,220,150.0,88,10,8,0.655841254265218,True,28.831602295702353,2.062622862757023,True,False
446.3,5653,t5653,220,700.0,78,10,8,0.6583066109980954,False,161.9216371324355,2.1669701869372706,False,False
446.37,5654,t5654,220,150.0,91,3,6,0.6488827840241432,True,26.565718447940142,2.014518867112447,True,False
446.44,5656,t5656,170,700.0,51,9,5,0.6515032689027219,False,140.20683792453983,1.7349533905556644,False,False
446.6,5657,t5657,300,250.0,56,3,1,0.649306845453606,False,72.53822469116787,2.744107218079569,False,False
446.89,5659,t5659,170,100.0,25,2,4,0.6551536637326045,True,16.83514882761704,1.866268382024331,True,False
447.09,5660,t5660,300,250.0,90,3,1,0.6457288903627156,True,88.11088824112241,2.9059247218014415,True,False
447.3,5661,t5661,300,250.0,32,10,8,0.6545486605963153,False,85.129309194437,3.1455303897822917,False,False
447.38,5662,t5662,80,50.0,81,0,8,0.6735309145987738,True,3.2761758298969332,0.8542137524963711,True,False
447.44,5663,t5663,300,250.0,88,8,2,0.6661432534582803,True,85.48344245558134,2.8739283209698483,True,False
447.45,5664,t5664,120,75.0,98,3,5,0.6478633340107115,True,7.896199850889029,1.161715431893957,True,False
447.72,5665,t5665,120,75.0,62,1,6,0.6385075876854206,True,10.482525115474278,1.188755173559355,True,False
448.03,5666,t5666,300,250.0,96,9,5,0.647729870191334,True,69.32118029620203,2.946735790602757,True,False
448.13,5667,t5667,120,75.0,89,0,8,0.6753627578452599,True,10.299703279103218,1.0857402915853258,True,False
448.28,5668,t5668,270,1000.0,86,10,8,0.650865869202571,False,238.00089102792174,2.4302465327425193,False,False
448.35,5669,t5669,300,250.0,93,7,5,0.6584309453243634,True,79.05596475474256,3.071823344761591,True,False
448.4,5670,t5670,220,150.0,86,5,8,0.6612148814413574,True,28.638466696345198,2.285027175063511,True,False
448.43,5671,t5671,220,900.0,37,3,6,0.651487310161842,False,236.60381309432194,1.9860055868190751,False,False
448.44,5672,t5672,270,200.0,46,3,1,0.6483964943736432,False,58.71551291197424,2.8855779152747068,False,False
448.59,5673,t5673,170,100.0,92,9,4,0.6506960407405858,True,19.093952304083146,1.6027731953693776,True,False
448.68,5674,t5674,120,75.0,27,10,4,0.666462528315304,True,8.665514342100549,1.1180011682712223,True,False
448.79,5676,t5676,120,75.0,87,5,8,0.6635727656307121,True,10.603665625046506,1.1080550126075996,True,False
448.81,5677,t5677,300,250.0,62,5,4,0.6478703495669466,False,73.61310401464131,3.18318590048562,False,False
448.84,5678,t5678,170,100.0,65,1,8,0.6152746603901489,True,15.706947051023349,1.5644234748576717,True,False
448.87,5679,t5679,300,250.0,69,4,1,0.6771537619301862,False,73.05047225528668,3.285847011019864,False,False
448.89,5680,t5680,170,100.0,91,7,5,0.6608445082360579,True,15.557931068463356,1.7175286586008245,True,False
448.98,5681,t5681,300,250.0,49,3,1,0.6448367463043522,False,76.53675608751766,2.9980354725870506,False,False
449.08,5682,t5682,170,100.0,79,4,1,0.6730188685097643,True,18.862753239799005,1.791330958396467,True,False
449.09,5683,t5683,270,200.0,41,7,5,0.6632097998895186,False,56.944683376853824,2.8958892288335822,False,False
449.19,5684,t5684,300,1200.0,86,2,6,0.6328311084721231,False,429.76154256824486,3.2968153495997887,False,False
449.21,5685,t5685,80,50.0,30,7,5,0.65935378570991,True,4.50708142233035,0.8183941405615379,True,False
449.26,5686,t5686,220,150.0,82,5,4,0.6443211243937895,True,34.880506470650325,2.341264909436787,True,False
449.45,5687,t5687,220,150.0,79,10,1,0.6483980310810933,True,28.141213304962015,2.222167252608174,True,False
449.47,5688,t5688,220,150.0,52,8,10,0.6458782227432688,True,32.808109233310965,2.214333874309589,True,False
449.88,5689,t5689,270,900.0,91,3,5,0.6504882491486791,False,234.92549380721417,2.738895359199792,False,False
450.01,5692,t5692,270,200.0,63,7,5,0.6617488918138936,False,64.46538894516924,2.477380440744291,False,False
450.02,5693,t5693,300,1200.0,24,4,1,0.6751406729577508,False,316.3463597538641,3.13124369821429,False,False
450.09,5694,t5694,270,200.0,66,5,8,0.6658834921362797,True,51.490746529399914,2.8452084341266426,True,False
450.14,5695,t5695,120,75.0,56,4,5,0.6606898442666479,True,7.92006571546331,1.0804850210595343,True,False
450.26,5696,t5696,270,200.0,68,0,1,0.6605299019629941,True,52.934366787379794,2.9386053922166187,True,False
450.27,5697,t5697,80,50.0,91,10,2,0.6475130750638269,True,3.606710852000736,0.807308879499257,True,False
450.43,5698,t5698,80,50.0,45,3,6,0.647865745776787,True,4.558223294791842,0.738445926788228,True,False
450.61,5700,t5700,220,150.0,77,0,2,0.658805748578428,True,27.17431020497836,2.3065859767459034,True,False
450.65,5701,t5701,120,75.0,59,1,5,0.6560871460675782,True,9.016107952517228,1.173370965776783,True,False
450.78,5702,t5702,270,1000.0,43,5,8,0.6681480041117359,False,253.40648827723982,2.732991479427537,False,False
450.81,5703,t5703,220,700.0,39,9,8,0.647397944153856,False,179.09565164283006,2.1886060647962355,False,False
451.27,5704,t5704,220,700.0,55,2,5,0.6409915308953159,False,183.28080647841767,1.98148039415524,False,False
451.3,5706,t5706,300,1200.0,91,1,8,0.6182716287208074,False,308.4541900481197,2.7971741378315236,False,False
451.3,5705,t5705,270,900.0,42,1,8,0.6150346576848529,False,246.54003073159402,2.587136815112504,False,False
451.62,5707,t5707,220,150.0,80,2,5,0.6375798820955914,True,27.221516402274048,2.122503451449255,True,False
451.64,5708,t5708,270,200.0,24,9,5,0.650205939454174,False,62.17563802643504,2.687288221827543,False,False
451.65,5709,t5709,270,200.0,71,6,1,0.6664775643871449,True,62.1473244226243,2.9604429051519934,True,False
451.7,5710,t5710,220,700.0,37,9,5,0.6464584873317573,False,163.399200142644,2.128222368869888,False,False
451.76,5711,t5711,300,1000.0,68,8,4,0.6499939427418854,False,336.6769198956775,3.138062266334247,False,False
452.09,5712,t5712,220,150.0,45,3,6,0.6504906126794331,True,26.40873717571781,2.070525789958927,True,False
452.21,5714,t5714,220,150.0,86,6,10,0.6203282128469153,True,35.813727484986686,2.3386619566938527,True,False
452.24,5715,t5715,220,150.0,74,2,4,0.6576327722761343,True,34.6000354040768,2.3647211817352733,True,False
452.25,5716,t5716,120,75.0,54,2,4,0.6600622986487934,True,8.456992604715786,1.1125872892243978,True,False
452.28,5717,t5717,300,250.0,43,2,4,0.6624432344939993,False,79.01845308745823,3.2695813770529796,False,False
452.36,5718,t5718,80,50.0,37,9,8,0.6438581670889607,True,4.184019367123709,0.7410010512270754,True,False
452.47,5719,t5719,170,100.0,23,5,8,0.664193225847683,True,19.30505479538712,1.6503293941735981,True,False
452.58,5720,t5720,80,50.0,73,2,4,0.6586025516223012,True,4.693144702662428,0.766578202026913,True,False
452.69,5721,t5721,220,150.0,55,7,8,0.660758529308272,False,29.46981854302984,2.0616844433118353,True,False
452.72,5723,t5723,300,250.0,49,7,8,0.6569515405402883,False,79.79524906508176,2.7715632775549395,False,False
452.72,5722,t5722,80,50.0,80,9,4,0.6531127865924408,True,3.7744800663874454,0.8728365356918231,True,False
452.92,5725,t5725,120,75.0,92,0,2,0.6612118154250413,True,7.614670734249502,1.1660300635272183,True,False
453.02,5727,t5727,270,200.0,61,0,1,0.6629014857419161,True,48.37719743839954,2.5659412714416017,True,False
453.05,5728,t5728,120,75.0,98,5,6,0.6533885763774295,True,7.574087452068344,1.2376581673494516,True,False
453.09,5729,t5729,80,50.0,56,0,1,0.6652256378452596,True,3.3451916230798053,0.8593280574032474,True,False
453.11,5730,t5730,120,75.0,38,1,5,0.6583960698128933,True,9.018468626669687,1.2284744678905963,True,False
453.24,5731,t5731,80,50.0,24,1,8,0.6118624260696173,True,4.318319629915235,0.8644367061187282,True,False
453.63,5733,t5733,170,700.0,63,9,4,0.6554811975272586,False,96.12784631841774,1.844298799102592,False,False
453.9,5735,t5735,220,900.0,83,5,4,0.6470168837240955,False,234.57509146405238,2.369647489866366,False,False
453.93,5736,t5736,120,75.0,53,7,6,0.6461669003365976,True,8.17079626480568,1.1597959249001706,True,False
454.01,5738,t5738,170,500.0,58,0,2,0.6635697609347223,False,96.22757778921098,1.6243706248773175,False,False
454.01,5737,t5737,170,100.0,89,4,5,0.6630582291994968,True,16.86056931579552,1.7233825595311802,True,False
454.03,5739,t5739,220,150.0,28,6,8,0.6250754856826836,False,31.97114556414807,2.2692423299791957,False,False
454.07,5740,t5740,300,1200.0,21,2,4,0.661012682408037,False,339.80961275367815,2.7866888638677896,False,False
454.17,5741,t5741,80,50.0,94,6,10,0.6233523152566437,True,4.539078125070826,0.8144281309757467,True,False
454.33,5744,t5744,270,1000.0,46,8,2,0.6682510550557813,False,247.35296942336092,2.5348731036063783,False,False
454.33,5743,t5743,300,250.0,72,10,2,0.6498652751010119,False,87.74060098841237,3.0469273185795664,False,False
454.36,5746,t5746,170,500.0,97,10,8,0.6472567336367013,True,92.0570603028238,1.7457507756362276,True,False
454.37,5747,t5747,220,900.0,34,8,10,0.6485428401065852,False,170.27186267365073,2.1802556779600457,False,False
454.39,5748,t5748,80,50.0,46,3,5,0.6468866659838873,True,4.465095592555872,0.8254351290441563,True,False
454.44,5749,t5749,80,50.0,64,2,6,0.6294311529693473,True,3.3159058022956223,0.8110826200043058,True,False
454.58,5751,t5751,270,900.0,49,4,2,0.6572976643808969,False,233.8809310667548,2.600951186187414,False,False
454.69,5752,t5752,80,50.0,22,2,6,0.632273196576627,True,3.210393301342149,0.7588369232281345,True,False
454.75,5753,t5753,220,150.0,28,0,8,0.6771579642268162,False,31.955749917050053,2.3956141383160725,False,False
454.78,5754,t5754,300,250.0,66,4,1,0.6710460413167776,False,67.37062650517557,2.8605194886925407,False,False
454.81,5755,t5755,220,900.0,95,7,8,0.6532206915476643,False,169.36295539921056,2.187740932567145,False,False
454.88,5756,t5756,220,150.0,85,2,6,0.6350583993117612,True,36.37776750415029,1.9820309095771846,True,False
454.98,5758,t5758,270,900.0,84,8,10,0.6449801651226353,False,283.2053767606418,2.5530784702650493,False,False
455.19,5761,t5761,270,200.0,85,9,5,0.6427859842517888,True,47.20690835870646,2.644641276175727,True,False
455.25,5762,t5762,170,500.0,82,8,4,0.6462507305537143,False,85.27252402417963,1.6110078504209917,False,False
455.28,5763,t5763,170,700.0,88,3,1,0.6413481931964469,False,109.15312196589959,1.8497294387840733,False,False
455.31,5764,t5764,170,700.0,37,6,8,0.6219821577872117,False,128.84270130205653,1.7888716371863074,False,False
455.52,5766,t5766,170,100.0,63,0,2,0.6597065475342097,True,16.369972296478306,1.7027919997387357,True,False
455.66,5767,t5767,220,150.0,75,4,1,0.6670333023086238,True,38.56574719259208,2.260197382100694,True,False
455.69,5768,t5768,300,250.0,77,8,4,0.6425823826093067,True,75.26161958874464,3.1157683388499713,True,False
455.73,5769,t5769,300,250.0,66,10,8,0.6498937807821491,False,88.19724688430239,3.130579484775794,False,False
455.88,5770,t5770,170,100.0,41,3,6,0.6530629822440263,True,19.869488583673213,1.7034471065727002,True,False
455.9,5771,t5771,270,200.0,87,0,2,0.6620945984017074,True,60.397248396098206,2.629833456686503,True,False
455.95,5772,t5772,270,200.0,32,8,2,0.6641427006213324,False,49.71784108982006,2.5855164009911684,False,False
456.06,5773,t5773,120,75.0,32,6,1,0.6685786797660686,True,9.86649096290039,1.2814032729199043,True,False
456.07,5774,t5774,300,250.0,95,1,8,0.6149276390866865,True,71.96726430313211,3.0747153786981927,True,False
456.09,5775,t5775,270,200.0,41,4,10,0.6549628616618085,False,56.507984279511966,2.492178122793748,False,False
456.17,5777,t5777,220,900.0,44,0,2,0.6644348882518549,False,210.58970640744536,2.3612747494542723,False,False
456.2,5778,t5778,220,150.0,96,3,5,0.6495311144823914,True,29.66321595511161,2.2800678308254203,True,False
456.25,5780,t5780,300,250.0,56,1,6,0.6411681025983788,False,66.20293489925426,3.199935394101807,False,False
456.48,5781,t5781,170,700.0,90,9,4,0.6516282402433801,False,138.20992261346652,1.583394457332117,False,False
456.59,5782,t5782,300,250.0,86,4,5,0.6653792464336886,True,82.82029952330858,2.914932150623868,True,False
456.63,5783,t5783,220,150.0,77,4,1,0.6692748180806332,True,29.64790860306324,2.4187490790133372,True,False
456.68,5784,t5784,120,75.0,99,10,1,0.6507325319979331,True,7.794335469813699,1.251906248670443,True,False
456.89,5785,t5785,270,1000.0,67,0,8,0.6727432664807413,False,237.23183397314938,2.809618347034247,False,False
456.9,5786,t5786,220,150.0,50,1,6,0.6376014072130779,True,33.81870466130036,2.116451801163072,True,False
456.96,5787,t5787,170,100.0,69,1,5,0.6606588150833022,True,17.93183217763468,1.8416627379043056,True,False
457.05,5789,t5789,120,75.0,47,0,8,0.6684168626895881,True,10.144199262923944,1.2232974927653275,True,False
457.06,5790,t5790,120,75.0,81,3,1,0.6379294111506998,True,10.210607718694558,1.2347952382168412,True,False
457.33,5792,t5792,300,250.0,93,0,1,0.6675033069065361,True,88.57359974883612,2.8061534862473216,True,False
457.43,5793,t5793,120,75.0,51,10,6,0.6470984380553362,True,9.585458404984522,1.1165054072100813,True,False
457.5,5794,t5794,170,500.0,94,4,1,0.6714715035372024,False,98.90348589843124,1.60419596347847,False,False
457.51,5795,t5795,220,150.0,28,4,2,0.6535598929114607,True,27.606216873259896,2.19874584867378,True,False
457.66,5798,t5798,80,50.0,59,1,5,0.6628763054483028,False,4.642798526140181,0.7597219241057306,True,False
457.73,5799,t5799,170,100.0,66,0,1,0.6697354225865872,True,19.42625612585431,1.6437146319601486,True,False
457.76,5800,t5800,300,1200.0,75,10,1,0.6530203428964358,False,386.467338674807,2.749507547721168,False,False
457.78,5802,t5802,170,100.0,58,4,1,0.6674502552846401,True,16.2235564849152,1.852981040845539,True,False
457.8,5803,t5803,120,75.0,86,7,6,0.6488257441480475,True,9.619565322737156,1.3040462233824612,True,False
457.84,5804,t5804,120,75.0,57,2,5,0.6404104662718614,True,8.400412033061567,1.2875562243261405,True,False
457.88,5805,t5805,270,200.0,78,5,8,0.6664915431489112,True,50.43020264001889,2.9303949332701094,True,False
457.99,5806,t5806,270,200.0,94,3,6,0.6555839044173276,True,57.89882780695461,2.6108944168000154,True,False
458.06,5807,t5807,80,50.0,46,1,8,0.6179315478434142,True,4.697184700819143,0.8651079417961001,True,False
458.2,5808,t5808,170,700.0,81,1,8,0.6208753784250076,False,97.22436158508287,1.6193442432975238,False,False
458.27,5809,t5809,170,100.0,23,8,4,0.6451614016237872,True,15.545122723970785,1.8421687279955112,True,False
458.36,5810,t5810,300,250.0,91,8,2,0.6601165132755724,True,88.04038522415803,2.8394887452831905,True,False
458.5,5812,t5812,270,900.0,75,9,4,0.6478523421051792,False,263.9148571868985,2.6788402141725283,False,False
458.63,5813,t5813,220,700.0,83,4,1,0.6696834319971291,False,157.58170038974404,2.3756171812339684,False,False
458.74,5814,t5814,170,100.0,87,8,4,0.6476888402579781,True,14.793586369177095,1.7686882512637256,True,False
458.81,5815,t5815,170,100.0,47,5,4,0.6434847278677954,False,16.797534953775628,1.6570455636559012,True,False
458.85,5816,t5816,300,250.0,76,9,5,0.6453609312334196,True,65.43593658183282,3.173446631667386,True,False
458.87,5817,t5817,220,150.0,63,8,4,0.6501657301194853,True,37.17480902273335,2.043422635836262,True,False
459.08,5818,t5818,170,100.0,90,1,5,0.6588754460060035,True,15.055540573292873,1.6654379763677174,True,False
459.1,5819,t5819,300,250.0,31,2,5,0.643184438764606,False,60.990559916897,2.869721517997153,False,False
459.16,5820,t5820,270,200.0,30,7,6,0.6514314110832684,False,61.43253293487199,2.704134091994523,False,False
459.27,5821,t5821,220,150.0,23,0,2,0.6605543723049997,False,26.413537153700695,2.017092474406602,False,False
459.37,5822,t5822,80,50.0,54,3,1,0.6407530047458676,True,4.7749803062157845,0.7394925576740579,True,False
459.42,5823,t5823,220,150.0,77,8,2,0.6623448496767276,True,26.601161669547057,2.1817050489250343,True,False
459.56,5824,t5824,170,500.0,63,0,5,0.6574383504043638,False,84.18293316569073,1.8220126821583107,False,False
459.64,5825,t5825,120,75.0,95,4,2,0.6560708768714133,True,7.986688542035377,1.1657960485297012,True,False
459.77,5827,t5827,120,75.0,93,5,1,0.6434725495829797,True,8.032581767298177,1.319396049142415,True,False
459.77,5826,t5826,270,200.0,57,6,10,0.6263159356181774,True,55.920008468077654,2.521350651495551,True,False
459.79,5828,t5828,220,150.0,63,3,5,0.6521226740109254,False,30.866119777116808,2.3456822569121285,True,False
459.8,5829,t5829,80,50.0,59,8,10,0.6414887436383644,True,4.681083000464805,0.8497669407146063,True,False
459.82,5830,t5830,270,200.0,71,1,5,0.66112860375255,True,59.60499065965133,2.954014936361499,True,False
459.82,5831,t5831,170,100.0,68,7,5,0.6579220957957975,True,18.460379029465003,1.6188481763305451,True,False
459.87,5832,t5832,270,200.0,65,5,8,0.6687438941041148,True,59.074185583511465,2.9143060479089855,True,False
459.92,5833,t5833,220,900.0,23,6,10,0.6292202835724806,False,176.45520313965022,2.252246264220701,False,False
459.97,5834,t5834,270,200.0,67,9,4,0.6441519619297422,True,43.602716228391984,2.924856168968794,True,False
459.99,5836,t5836,170,700.0,28,0,10,0.657065840597843,False,113.52918660672537,1.5825873769735106,False,False
459.99,5835,t5835,170,100.0,29,1,8,0.6175863323949689,False,15.052399299984062,1.6038254950468986,True,False
460.01,5837,t5837,300,1000.0,63,1,5,0.6633366983441656,False,245.77694698044394,3.294443617563382,False,False
460.01,5838,t5838,80,50.0,51,4,2,0.6585316411521669,True,3.2221053960521484,0.8674550022659802,True,False
460.08,5839,t5839,300,250.0,48,6,1,0.6706377728374139,False,62.31708663191701,2.7624049563609465,False,False
460.16,5840,t5840,80,50.0,68,0,1,0.6719228959530373,True,4.281545144382933,0.8076116100293084,True,False
460.65,5841,t5841,270,200.0,51,6,1,0.6664816840473323,False,63.57637727162189,2.4327986209925307,False,False
460.69,5842,t5842,300,1200.0,88,3,1,0.643520126469132,False,394.13528552165957,2.8556088372365167,False,False
460.77,5843,t5843,270,1000.0,41,4,5,0.6676538433231967,False,298.4455163244793,2.7114020686872298,False,False
460.79,5844,t5844,220,150.0,73,9,5,0.647884379275418,True,31.525402690474742,2.114233993152928,True,False
461.03,5845,t5845,220,900.0,82,9,5,0.6503573583565763,False,198.13944157638846,2.0565550706681246,False,False
461.09,5846,t5846,170,100.0,42,0,2,0.6567514666770815,True,19.839662862184486,1.7881511486366866,True,False
461.12,5847,t5847,80,50.0,23,7,6,0.6478109646797848,True,4.225846895291361,0.8078454227364305,True,False
461.17,5848,t5848,120,75.0,56,1,8,0.6143630672855311,True,9.282003424503912,1.2955861731170653,True,False
461.19,5849,t5849,80,50.0,69,8,4,0.6525930821837622,True,3.8101955894960446,0.842458793348855,True,False
461.36,5850,t5850,170,100.0,25,1,6,0.640280045735483,True,17.7824174383289,1.8014167539956711,True,False
461.53,5851,t5851,270,900.0,92,2,5,0.6397289318074956,False,245.85960803952668,2.8262181228457406,False,False
461.67,5852,t5852,80,50.0,74,1,8,0.617378267478282,True,3.69253534172508,0.7234500634742932,True,False
461.78,5853,t5853,170,100.0,90,4,1,0.6656979451753683,True,19.74298712903666,1.6103290419428553,True,False
462.02,5856,t5856,270,1000.0,68,6,8,0.6189506964496493,False,224.87949155430323,2.5281065511101874,False,False
462.03,5857,t5857,300,1200.0,99,7,8,0.6495644595348928,False,367.3038748939325,2.714057633913515,False,False
462.31,5858,t5858,300,250.0,40,3,6,0.6580544081471629,False,71.77181674187025,2.827342474469051,False,False
462.33,5859,t5859,300,250.0,43,9,8,0.6465631855653633,False,73.25802703029761,2.9927923236764897,False,False
462.36,5860,t5860,220,150.0,21,2,4,0.657200610578058,False,30.948012830406494,2.3534686965223925,False,False
462.4,5861,t5861,270,200.0,30,1,5,0.6593266310439491,False,48.82701753988227,2.9478048457106985,False,False
462.54,5862,t5862,120,75.0,50,10,4,0.6685639444156645,True,7.806710535681446,1.2101331431651703,True,False
462.63,5863,t5863,300,250.0,25,7,8,0.6459813521623768,False,70.75168368674038,2.958195524283645,False,False
462.75,5865,t5865,300,1000.0,53,1,8,0.6203331636671778,False,281.9431278246112,2.8377008285540457,False,False
462.77,5866,t5866,270,200.0,44,5,6,0.6559029866680627,False,55.93699004586634,2.9477795018598534,False,False
463.09,5867,t5867,300,1000.0,65,7,6,0.650436927204371,False,282.01880134818344,3.283191824491444,False,False
463.17,5868,t5868,120,75.0,77,6,10,0.6258925445676976,True,7.304530556427066,1.124815576726801,True,False
463.18,5869,t5869,220,700.0,33,1,8,0.6170549619322958,False,131.59626454881564,2.310110573436399,False,False
463.22,5871,t5871,120,75.0,71,4,5,0.6637089482749146,True,7.339593636625863,1.2771792917798905,True,False
463.24,5872,t5872,220,150.0,51,1,5,0.6553967650897367,True,37.578643310372264,2.013050540444181,True,False
463.25,5873,t5873,80,50.0,36,0,8,0.6703509869742579,True,4.074519082961726,0.8169942380014735,True,False
463.26,5874,t5874,170,100.0,81,6,10,0.6288053603430104,True,18.384476218757037,1.867124731129791,True,False
463.33,5875,t5875,120,75.0,54,10,6,0.6495871359608961,True,8.490334834282788,1.117133505526209,True,False
463.35,5876,t5876,300,1200.0,49,0,8,0.6722464287732342,False,415.90503975431136,2.86969067148119,False,False
463.68,5879,t5879,170,100.0,21,4,2,0.6609431901473054,True,14.60342759675004,1.7972088508258577,True,False
463.73,5880,t5880,120,75.0,41,5,8,0.6709511980402144,True,10.390552651128374,1.122750391286241,True,False
463.74,5882,t5882,170,100.0,50,3,6,0.6543015018024014,False,19.79419088453048,1.6562886988854533,True,False
463.76,5883,t5883,220,700.0,91,5,6,0.6521931087528833,False,134.25210736666438,2.350254813204719,False,False
463.81,5884,t5884,300,250.0,96,3,6,0.6506236535845352,True,69.25768207698891,3.19862482735084,True,False
463.9,5885,t5885,170,500.0,25,9,8,0.6430401036722379,False,69.89947031485099,1.6407940824671006,False,False
464.04,5886,t5886,270,200.0,45,6,8,0.615979864338838,False,57.011215685385764,2.6408109855971977,False,False
464.37,5887,t5887,220,150.0,37,4,5,0.6660169511275981,True,31.909298429146602,2.1690738969888814,True,False
464.44,5888,t5888,220,150.0,33,10,6,0.6520260599083448,False,38.22415405101207,2.139143056015499,False,False
464.45,5889,t5889,120,75.0,64,8,2,0.6645286193498597,True,10.22995924539001,1.0916082064194335,True,False
464.5,5890,t5890,220,150.0,78,5,6,0.6485574283960075,True,38.13104887710428,2.115078993818833,True,False
464.54,5891,t5891,270,900.0,29,7,6,0.6468363704784653,False,248.00494399697973,2.5668810721308146,False,False
464.55,5894,t5894,80,50.0,31,8,10,0.644241150583779,False,4.163341689898839,0.8675447833389728,True,False
464.55,5893,t5893,300,250.0,56,3,5,0.6484884023488887,False,84.37940493708805,3.2055189161585615,False,False
464.82,5896,t5896,170,500.0,31,1,5,0.6577194964546086,False,82.20140389763505,1.721401847183134,False,False
464.93,5899,t5899,270,1000.0,58,0,1,0.6740666198521584,False,274.1549249409515,2.654742383869563,False,False
464.93,5898,t5898,170,100.0,82,8,4,0.6549718872067537,True,16.1131831188996,1.809657907604734,True,False
464.96,5900,t5900,270,200.0,87,9,4,0.6466995893578141,True,49.525088690087536,2.815552281664344,True,False
465.03,5901,t5901,170,700.0,32,7,5,0.6603458356980635,False,131.07624855217378,1.7364451038392716,False,False
465.04,5902,t5902,80,50.0,39,5,8,0.6731143558975918,True,4.628816014039267,0.8576801821772624,True,False
465.15,5903,t5903,220,150.0,73,6,10,0.6316599198028169,True,38.80241033223231,2.1181059813029166,True,False
465.17,5904,t5904,170,500.0,55,5,1,0.6460337652579867,False,74.8677015331849,1.6266547910510702,False,False
465.25,5906,t5906,300,250.0,96,1,6,0.64290511148744,True,87.0302755207481,2.7323786079553694,True,False
465.25,5905,t5905,220,150.0,64,9,4,0.6491962642373245,True,38.38579088501855,2.0119755117824067,True,False
465.38,5907,t5907,220,700.0,29,3,5,0.6449268161200927,False,139.84329389488863,2.3937563161069253,False,False
465.39,5908,t5908,170,100.0,52,5,8,0.6752342505978218,True,17.372544490799292,1.7987846115522188,True,False
465.42,5909,t5909,170,700.0,62,7,6,0.6433078248870778,False,113.23865170756677,1.841852920368829,False,False
465.44,5910,t5910,270,200.0,97,7,8,0.6424699069373111,False,57.276433209460684,2.5495774542518572,True,False
465.51,5911,t5911,220,900.0,69,4,5,0.6682787939232279,False,158.73038161925757,2.1242402345566633,False,False
465.51,5912,t5912,300,1200.0,92,2,5,0.6363425349895275,False,420.7539624974134,3.247225910204027,False,False
465.53,5914,t5914,80,50.0,72,9,10,0.6412525086480423,True,3.6857098867648874,0.7465443438381634,True,False
465.65,5916,t5916,220,150.0,68,5,8,0.6773117474040472,True,38.18007345479962,1.9809306719648685,True,False
465.76,5918,t5918,300,1200.0,22,7,5,0.656547100802284,False,414.9974089352378,3.2176699252484946,False,False
465.82,5920,t5920,300,250.0,97,10,6,0.6482422053768446,True,76.4360045659355,3.095240823801409,True,False
465.83,5921,t5921,170,500.0,55,2,4,0.6534647801846788,False,71.19810494650714,1.8610058072897364,False,False
466.22,5922,t5922,270,200.0,94,9,5,0.6466068778561114,True,55.41076125363118,2.94321596861921,True,False
466.27,5923,t5923,80,50.0,75,1,8,0.6138423242321114,True,4.241485556002388,0.7574494328583009,True,False
466.33,5924,t5924,300,250.0,28,9,4,0.6516430056192447,False,88.51849216105069,3.1482683746830826,False,False
466.34,5925,t5925,170,500.0,75,0,8,0.6679299617362311,True,70.83100401380452,1.670734194242609,True,False
466.35,5926,t5926,270,900.0,42,8,4,0.6573031161292852,False,243.4065668541513,2.459360469166895,False,False
466.36,5927,t5927,270,200.0,63,10,1,0.6490883975769688,True,44.49490197258382,2.884003078028685,True,False
466.47,5928,t5928,80,50.0,55,10,6,0.6507080279359744,True,4.674120431541809,0.7516066053236834,True,False
466.52,5929,t5929,120,75.0,38,1,6,0.6454776759243579,True,8.72863826543393,1.139160815215573,True,False
466.54,5930,t5930,300,250.0,22,6,10,0.6344573880734271,False,76.00348451112023,2.9099461285294175,False,False
466.59,5931,t5931,220,150.0,26,3,1,0.6400579057579313,False,32.92431352676786,2.3465955618442615,False,False
466.73,5933,t5933,300,1000.0,99,6,10,0.6310249069786252,False,299.90095856664357,2.959479116327449,False,False
466.73,5932,t5932,120,75.0,30,1,5,0.653821773192183,True,7.518854259200588,1.261198757291569,True,False
466.79,5934,t5934,80,50.0,49,6,8,0.6130684488702431,True,3.8469214304224897,0.8019617577315691,True,False
466.81,5936,t5936,270,200.0,24,7,2,0.6428777591989127,False,56.544533640732105,2.7330424153893853,False,False
466.81,5935,t5935,80,50.0,96,2,6,0.6377878979921926,True,3.750734101024973,0.8035789503650737,True,False
466.87,5937,t5937,270,200.0,94,7,4,0.6400712995583914,True,49.19935112253075,2.8528243492249965,True,False
467.03,5938,t5938,170,700.0,36,3,1,0.6366649294609544,False,122.17434733563894,1.6453025563253831,False,False
467.28,5939,t5939,220,150.0,36,4,1,0.6679661680900428,True,28.77359875732103,2.2891501487234254,True,False
467.32,5940,t5940,270,900.0,67,3,6,0.6531933623310263,False,275.50127498468396,2.671810327943217,False,False
467.37,5942,t5942,80,50.0,80,6,8,0.61638926171102,True,4.570592869331945,0.8068048787751835,True,False
467.4,5943,t5943,170,100.0,50,6,8,0.6196436582949815,True,16.26421940100621,1.694270519429625,True,False
467.49,5944,t5944,220,900.0,55,3,10,0.6359871094441318,False,172.78173267935833,2.1933910726849257,False,False
467.67,5945,t5945,270,200.0,33,9,10,0.6440096402932632,False,58.64144421313583,2.9128796895234674,False,False
467.72,5946,t5946,220,900.0,84,9,5,0.6491054069656558,False,167.28165246635643,2.356606816064922,False,False
468.0,5947,t5947,220,150.0,74,4,2,0.663306508162541,True,30.276236735037404,2.3257270976928632,True,False
468.12,5948,t5948,220,150.0,51,8,2,0.6666687136295292,True,34.73558916146036,2.4156970363787456,True,False
468.33,5950,t5950,300,1000.0,63,10,6,0.6531245340439217,False,299.82580213582304,3.2418611651106355,False,False
468.45,5952,t5952,220,900.0,47,1,6,0.6479987890725375,False,178.61353413028294,2.0907940391081645,False,False
468.62,5953,t5953,170,100.0,36,0,8,0.669873824039968,True,16.51029981005556,1.5617619209956872,True,False
468.76,5955,t5955,270,200.0,81,0,1,0.6699934692732971,True,46.427937927854025,2.7684974347997873,True,False
468.85,5956,t5956,220,150.0,58,5,10,0.6425924594513978,True,34.583014868336186,2.0417068042434634,True,False
468.86,5957,t5957,300,250.0,87,10,1,0.6514090911638908,True,63.886122641285574,3.20097084923718,True,False
468.91,5958,t5958,170,100.0,45,2,4,0.649803666399167,True,17.224651311802752,1.5472240403446054,True,False
468.97,5960,t5960,270,200.0,60,10,4,0.6706233321940179,False,43.970755233356876,2.95576725000915,True,False
469.13,5961,t5961,170,100.0,37,2,6,0.6404628066990153,True,14.03128315799416,1.730851720328639,True,False
469.15,5962,t5962,80,50.0,41,10,1,0.6536833708790746,True,3.2783668851072028,0.8221386898323605,True,False
469.2,5963,t5963,300,250.0,56,5,10,0.6451712769290364,False,77.0753766003389,2.79225001922354,False,False
469.45,5964,t5964,220,150.0,32,3,5,0.6414364616158726,False,36.31664743820154,2.001063043116321,False,False
469.6,5965,t5965,80,50.0,83,1,5,0.6561760043950061,True,4.357620711794871,0.7529078119155805,True,False
469.79,5967,t5967,220,150.0,76,10,6,0.6493187100297099,True,27.12470182330118,2.237783377283944,True,False
469.8,5968,t5968,120,75.0,69,6,8,0.6228329669472636,True,7.211901430556193,1.2302974140943315,True,False
470.01,5969,t5969,80,50.0,55,8,4,0.6534137204733662,True,4.742535888379057,0.7569767648256913,True,False
470.11,5970,t5970,300,1200.0,46,5,1,0.6423697566194938,False,349.8768330088298,3.2478439099812366,False,False
470.36,5972,t5972,270,900.0,82,8,2,0.6687660060236053,False,214.43544338421668,2.552287250377033,False,False
470.43,5973,t5973,300,250.0,28,2,4,0.6523897748893654,False,64.03448092231348,3.2748507692097553,False,False
470.44,5974,t5974,170,700.0,93,6,8,0.6259584894265001,False,124.12344296220718,1.7631877096910917,False,False
470.57,5976,t5976,80,50.0,51,2,5,0.6330238661079188,True,4.519006284843485,0.7392905391095104,True,False
470.9,5978,t5978,270,200.0,43,8,10,0.6407645093902852,False,53.506096942769915,2.5878890886872474,False,False
471.07,5979,t5979,80,50.0,40,10,4,0.6664675322168042,True,3.5400102263456765,0.7999150186036309,True,False
471.08,5980,t5980,270,1000.0,95,1,6,0.6442954799577533,False,245.60197199601444,2.596671003650881,False,False
471.15,5981,t5981,120,75.0,68,9,4,0.6478668121735264,True,9.610235028662679,1.273991961759995,True,False
471.19,5982,t5982,120,75.0,92,2,5,0.6359455706039422,True,8.72103146788551,1.1129613007578485,True,False
471.25,5983,t5983,120,75.0,65,7,10,0.6403164769753916,True,10.299033377146035,1.315976774256188,True,False
471.34,5985,t5985,170,100.0,72,2,5,0.6388088410100452,True,16.02229494966641,1.6819396314785484,True,False
471.62,5987,t5987,170,100.0,81,0,2,0.6591986191617217,True,14.052434481482658,1.623122328809178,True,False
471.93,5990,t5990,120,75.0,32,3,6,0.6495376769025877,True,7.867004158255796,1.19475650447538,True,False
471.98,5991,t5991,170,700.0,32,7,10,0.6430923292540656,False,141.73777433784466,1.7431933580212795,False,False
472.03,5992,t5992,270,200.0,34,0,2,0.661596828596669,False,56.037452745898925,2.5843993387522164,False,False
472.3,5993,t5993,170,500.0,56,7,6,0.6398498502075182,False,68.63886354381816,1.7816910490133768,False,False
472.42,5994,t5994,120,75.0,53,7,10,0.639638664487166,True,8.421457264991965,1.29042060015932,True,False
472.54,5995,t5995,80,50.0,79,6,1,0.6624087170330523,True,3.2961437287339477,0.7471050595571009,True,False
472.59,5996,t5996,170,700.0,60,4,1,0.6701890265464238,False,123.42435890432232,1.6547718157285531,False,False
472.7,5999,t5999,80,50.0,74,0,1,0.6721757817060129,True,3.781727358337905,0.8082816499651684,True,False
472.7,5998,t5998,270,1000.0,83,5,8,0.6793476942741481,False,260.9551076469749,2.9072293985436426,False,False
472.75,6000,t6000,80,50.0,74,2,4,0.64875016120976,True,4.3420230666994355,0.7727807525954331,True,False
472.78,6001,t6001,120,75.0,51,5,10,0.6415245180571224,True,8.360816852795573,1.0822364136287252,True,False
472.88,6003,t6003,300,250.0,29,1,6,0.6406662370252649,False,84.60120749516962,2.7789033851129137,False,False
472.96,6004,t6004,170,100.0,78,1,6,0.6371095789514263,True,14.19934907957443,1.7300128207864593,True,False
473.0,6005,t6005,270,200.0,90,10,4,0.6685688482391348,True,48.579307259172424,2.7002500145050847,True,False
473.09,6006,t6006,80,50.0,67,4,5,0.6643213998629451,True,3.938447147266895,0.8126800214175411,True,False
473.17,6007,t6007,220,150.0,93,9,2,0.6412027382112815,True,35.88796522012926,2.052654010437865,True,False
473.26,6008,t6008,220,150.0,53,1,5,0.6584831509737726,False,34.23931731594216,2.3121588737309935,True,False
473.29,6009,t6009,170,700.0,48,2,5,0.6416148460080261,False,117.1791770243919,1.5321932028587741,False,False
473.33,6010,t6010,80,50.0,55,8,2,0.6646473525697999,True,3.2232711904926084,0.7852921303474552,True,False
473.35,6011,t6011,220,150.0,52,9,2,0.6436811449855175,True,33.13189441515395,2.3880191293950377,True,False
473.44,6012,t6012,300,250.0,60,10,6,0.6517630024957822,False,83.95943127282217,3.046670516483676,False,False
473.46,6013,t6013,120,75.0,48,0,8,0.6717788090976302,False,10.385230235412635,1.1904573906853209,True,False
473.47,6014,t6014,270,200.0,52,5,6,0.6511684616462691,True,47.62556578538162,2.7599651489888246,True,False
473.75,6017,t6017,220,150.0,61,3,5,0.6380159142017371,True,31.762923254688836,2.401434462899349,True,False
473.84,6018,t6018,170,100.0,96,1,6,0.6397980540390644,True,14.343007150169901,1.5568219405525883,True,False
474.01,6020,t6020,270,200.0,29,10,4,0.6706281379410187,False,60.42579582113323,2.645842933243718,False,False
474.14,6021,t6021,300,1000.0,63,0,1,0.6743144478900746,False,281.9481265490465,3.1025390629553344,False,False
474.25,6022,t6022,270,200.0,68,8,5,0.6402568296800625,True,61.84764278530748,2.904448233396854,True,False
474.39,6023,t6023,170,700.0,89,8,4,0.6557761127305656,False,102.92888306348735,1.5480648060189843,False,False
474.49,6025,t6025,270,1000.0,20,1,8,0.6168679392859309,False,278.01904223083585,2.5418024359407445,False,False
474.54,6026,t6026,220,150.0,64,1,5,0.6545701546209638,True,29.87463819433209,2.3732280003085537,True,False
474.55,6027,t6027,270,900.0,77,1,8,0.6136590420386736,False,273.4242706459481,2.552675197462506,False,False
474.83,6029,t6029,300,250.0,39,3,4,0.635971703602746,False,62.58513143797155,2.754578486940058,False,False
475.0,6030,t6030,220,150.0,49,8,4,0.6519172571426209,True,37.5394333865953,2.4015736929504428,True,False
475.05,6032,t6032,170,500.0,86,7,5,0.6528243406044202,True,72.96339033252201,1.642251550204679,True,False
475.19,6033,t6033,270,900.0,38,10,6,0.6479844091125334,False,195.9395167195332,2.5086598804415217,False,False
475.3,6034,t6034,300,250.0,85,1,5,0.6569094181952112,True,75.21833402458823,2.890472738759382,True,False
475.42,6036,t6036,270,200.0,61,0,1,0.6702363407504548,False,62.18419607985417,2.5557773529437426,False,False
475.44,6037,t6037,220,700.0,37,5,6,0.6537272742315255,False,145.28883658416663,2.0411901313528213,False,False
475.51,6039,t6039,170,100.0,24,4,1,0.6661934278336771,True,19.734225514885036,1.838512601177749,True,False
475.65,6040,t6040,170,700.0,22,2,6,0.6430842172317018,False,120.20222488496599,1.61242380933553,False,False
475.75,6041,t6041,270,200.0,76,5,8,0.675168922206847,True,53.87640515435505,2.719673863990689,True,False
475.96,6043,t6043,220,700.0,25,1,5,0.6592018964979737,False,175.02330086601077,2.3189479518233176,False,False
476.02,6044,t6044,220,150.0,84,7,4,0.6428520553854054,True,31.161022271535526,2.098896003027738,True,False
476.03,6045,t6045,80,50.0,55,3,6,0.6521291051827177,True,3.9297696665841264,0.8553590416170724,True,False
476.03,6046,t6046,170,700.0,52,5,6,0.6500609105650769,False,100.0067700540772,1.5624386234845884,False,False
476.13,6048,t6048,300,250.0,53,1,5,0.6552745252346809,False,86.39248402312522,3.0649710130980745,False,False
476.14,6049,t6049,170,100.0,46,9,5,0.6453799654930094,True,13.979010984085704,1.6260600662084403,True,False
476.18,6050,t6050,220,900.0,26,1,5,0.6514257013966539,False,215.8319583470054,2.3620517700199306,False,False
476.24,6051,t6051,170,100.0,72,2,5,0.6381907309060475,True,18.755145476661948,1.5766645724752555,True,False
476.38,6053,t6053,300,250.0,24,4,2,0.665622559817472,False,83.34518392245542,3.204802421689645,False,False
476.39,6054,t6054,300,1000.0,20,10,4,0.666472241848865,False,330.8019775750354,3.1516603195652473,False,False
476.51,6055,t6055,170,100.0,60,1,8,0.6105143227363619,True,18.149385442221078,1.8613904697109045,True,False
476.56,6056,t6056,170,500.0,42,6,8,0.622847501456152,False,71.12404802124689,1.5954908313728826,False,False
476.63,6057,t6057,220,150.0,52,4,2,0.6617182904393044,True,31.777777701619925,2.1024886611495246,True,False
476.64,6058,t6058,170,100.0,72,1,6,0.6424327596249498,True,17.571874693288137,1.6554758051891922,True,False
476.74,6060,t6060,300,250.0,71,10,1,0.6559121649999546,False,77.22155307966851,2.9610844443645425,False,False
476.87,6061,t6061,270,200.0,71,0,1,0.6662397957536276,True,61.33512180502173,2.64240091674743,True,False
477.01,6062,t6062,220,150.0,58,1,5,0.6476538540353874,True,27.99928624664578,2.013785269519177,True,False
477.02,6063,t6063,80,50.0,29,10,8,0.6463040869846879,True,3.5181940027950533,0.8410166668453147,True,False
477.17,6064,t6064,220,700.0,85,1,5,0.6501314436213464,False,156.89238711605205,2.114946761433507,False,False
477.19,6065,t6065,300,250.0,76,1,6,0.6450147710991175,True,64.4841579743876,3.1805932503010657,True,False
477.26,6066,t6066,270,200.0,91,5,8,0.6772477255808919,True,57.48196638216497,2.5587159438500433,True,False
477.35,6067,t6067,300,1200.0,59,4,1,0.6684517410951853,False,378.48852146842955,3.270007978505489,False,False
477.51,6068,t6068,170,100.0,99,10,4,0.6623994636785544,True,14.431522311240345,1.6745611517974461,True,False
477.58,6069,t6069,220,150.0,37,1,8,0.6136064978200961,True,27.849154930469773,2.1096773590136557,True,False
477.62,6070,t6070,220,150.0,71,9,2,0.6461099836242687,True,38.80204564323426,2.2640632250581767,True,False
477.65,6071,t6071,80,50.0,42,6,10,0.6276610755057195,True,4.729142574023969,0.73540182009796,True,False
477.78,6072,t6072,270,200.0,24,6,10,0.6305385206622717,False,44.9931429786256,2.6114929586493276,False,False
478.04,6073,t6073,80,50.0,76,1,6,0.6475451423438018,True,4.286640478032296,0.8429481473169171,True,False
478.18,6074,t6074,300,250.0,78,0,8,0.6674716944541392,False,82.31572012195046,3.1928386321652624,False,False
478.25,6075,t6075,220,150.0,59,7,5,0.6553500356105136,True,35.59293123226712,2.2497897491675523,True,False
478.51,6076,t6076,270,200.0,22,4,2,0.6640661064487002,False,54.33880960232271,2.549840502336344,False,False
478.66,6077,t6077,120,75.0,36,0,2,0.6577730738429175,True,10.27880961040269,1.2319686247253296,True,False
478.74,6079,t6079,300,1200.0,42,8,2,0.6667850721850705,False,426.0312186891905,2.837151386980299,False,False
479.03,6080,t6080,170,100.0,31,0,2,0.6601997941842409,True,13.680755709221755,1.8526215601386287,True,False
479.07,6081,t6081,170,100.0,71,5,8,0.6792849528874558,False,17.68740880407281,1.6466327945795523,True,False
479.23,6083,t6083,80,50.0,41,5,8,0.6751074356478884,True,3.486727345632441,0.7467227996280599,True,False
479.31,6084,t6084,170,100.0,44,8,2,0.6627060374080358,True,16.227725840145553,1.5883960216683584,True,False
479.47,6085,t6085,220,150.0,21,10,8,0.6489601870631759,False,28.54051777470521,1.9923788839430885,False,False
479.48,6086,t6086,120,75.0,73,4,5,0.6666171536838681,True,10.00959852584983,1.2063799483401765,True,False
479.5,6087,t6087,300,1000.0,73,6,10,0.6271844169156929,False,246.53849524599556,3.1449135474158316,False,False
479.61,6088,t6088,300,1000.0,97,2,4,0.6513573398037465,False,303.5638423929351,2.7089503127310905,False,False
479.88,6091,t6091,220,150.0,31,0,8,0.663250722103518,False,32.029192063685414,2.1373038720763375,False,False
480.01,6092,t6092,220,150.0,65,10,4,0.66458214107165,True,35.58592581990216,2.0627043145828687,True,False
480.29,6093,t6093,270,200.0,25,4,5,0.6688669924283726,False,50.951656500380935,2.757411396551785,False,False
480.29,6094,t6094,300,250.0,38,0,8,0.6591141691999092,False,73.46304302128812,2.708577986992158,False,False
480.35,6095,t6095,300,250.0,26,0,1,0.6684971816567368,False,89.53717132848853,2.957157233822086,False,False
480.42,6096,t6096,220,150.0,50,10,1,0.6519223832384171,True,36.96131175096901,2.2482718039091,True,False
480.44,6097,t6097,80,50.0,53,1,5,0.6463854814155862,True,3.9614270527691273,0.830977119833259,True,False
480.46,6098,t6098,80,50.0,47,0,6,0.6555291865341348,True,3.224583226880229,0.7761440119274869,True,False
480.47,6100,t6100,300,250.0,45,1,6,0.6500249061635924,False,87.83618992983257,2.997668905967309,False,False
480.7,6101,t6101,270,200.0,42,2,6,0.6394791995537344,False,61.35019651653394,2.5794799091158267,False,False
480.87,6103,t6103,270,200.0,70,1,8,0.6166368294021558,True,45.55460487175884,2.7659418063507992,True,False
480.88,6104,t6104,170,500.0,79,5,10,0.6441246943626466,False,97.84787246336217,1.5696950647191317,False,False
481.01,6105,t6105,170,100.0,70,0,2,0.6625779801187379,True,15.667892391678928,1.7580459369716357,True,False
481.04,6106,t6106,270,200.0,43,7,5,0.6578252167164851,False,43.89345852704603,2.5349266960296886,False,False
481.09,6107,t6107,170,100.0,93,9,2,0.6484902454902448,True,17.71864629911978,1.684939696461035,True,False
481.12,6108,t6108,270,200.0,90,6,10,0.6238973952440457,True,62.15219384550093,2.9383144541581943,True,False
481.15,6109,t6109,270,1000.0,91,4,1,0.6644908880914635,False,282.63104815146465,2.906431505461605,False,False
481.23,6110,t6110,300,250.0,34,2,4,0.6477383748258535,False,63.18373976900008,2.895236729022145,False,False
481.31,6111,t6111,300,250.0,63,10,4,0.6667211649168837,False,80.08077299410691,2.7100142244133263,False,False
481.32,6112,t6112,120,75.0,26,8,4,0.6543095786664351,True,9.86699555895725,1.2130008995242487,True,False
481.38,6113,t6113,170,100.0,23,4,5,0.6648978343979869,True,16.19563934136066,1.6918703139714106,True,False
481.57,6114,t6114,300,1200.0,71,1,8,0.6196065543525742,False,397.29064594655546,3.1599758646688114,False,False
481.75,6115,t6115,80,50.0,37,3,1,0.6333398126899171,True,3.42737739954789,0.8102778208201123,True,False
481.9,6117,t6117,170,100.0,78,3,1,0.6362551982543007,True,20.170850384359742,1.6313164771716853,True,False
481.91,6118,t6118,220,150.0,26,10,4,0.6626434082852126,False,31.068438353387116,2.143113873917506,False,False
481.92,6119,t6119,300,250.0,83,0,6,0.6578492694701188,True,71.58906377403166,3.1930441906955602,True,False
481.95,6120,t6120,120,75.0,61,10,1,0.6541863971121102,True,7.545276147257118,1.1725303813353072,True,False
481.98,6121,t6121,170,100.0,57,6,8,0.6197987332452107,True,15.925596332344767,1.6984231172712378,True,False
482.13,6123,t6123,300,250.0,26,0,2,0.6649086023345451,False,75.96045862844579,3.1832740125598313,False,False
482.17,6124,t6124,170,100.0,86,4,5,0.667182059528209,True,14.526501825190142,1.7615885521588464,True,False
482.34,6125,t6125,120,75.0,85,6,10,0.6268501140058315,True,8.750917104657253,1.0946929928499445,True,False
482.43,6126,t6126,300,250.0,97,6,1,0.6645912093590579,True,70.6145246963818,2.7440033831695976,True,False
482.45,6127,t6127,220,150.0,56,3,1,0.6391122761073964,True,26.44382372923188,2.334719015995398,True,False
482.51,6128,t6128,270,200.0,70,4,2,0.6601929661379079,True,61.22233178105729,2.6537496355789623,True,False
482.58,6129,t6129,120,75.0,76,4,5,0.6694206001558266,True,10.71552104718056,1.1471928808912806,True,False
482.6,6130,t6130,270,200.0,37,6,10,0.6297437783923815,False,54.84525370317966,2.926448107303806,False,False
482.64,6131,t6131,270,1000.0,59,6,1,0.6667300518385435,False,316.8472113413911,2.4912048650109737,False,False
482.76,6133,t6133,80,50.0,57,2,4,0.6441917891475183,False,3.5722040249722906,0.866042132600237,True,False
482.93,6134,t6134,270,200.0,27,9,5,0.6479030328498159,False,47.17424269425063,2.6006316483926732,False,False
482.98,6135,t6135,220,150.0,24,1,6,0.6462810747069873,False,32.84728417000499,2.07629863221942,False,False
483.02,6137,t6137,80,50.0,81,1,8,0.6163428848039842,True,4.033435925292802,0.8752555286895549,True,False
483.05,6138,t6138,220,150.0,94,9,2,0.6508229021189014,True,33.24607480375147,2.3351308924431065,True,False
483.07,6139,t6139,220,150.0,45,8,5,0.643033874904643,True,39.114543678086235,2.109415812911144,True,False
483.09,6141,t6141,170,500.0,89,8,4,0.6566540537597731,False,94.64567104969512,1.6081701489595304,False,False
483.09,6140,t6140,220,150.0,29,8,2,0.6648825833265418,False,35.89298725794943,2.249392358210635,False,False
483.12,6142,t6142,300,250.0,78,6,1,0.6626521174684393,False,81.76520691521232,3.0602572099157714,False,False
483.26,6143,t6143,170,700.0,90,9,2,0.653108905614985,False,115.9519592295307,1.5956520211624725,False,False
483.36,6144,t6144,120,75.0,55,0,6,0.660122950747383,True,7.610484869348406,1.312551853454994,True,False
483.37,6145,t6145,80,50.0,37,4,1,0.6606092521478161,True,4.1696582279979495,0.7453218156716366,True,False
483.41,6146,t6146,270,900.0,50,10,2,0.6459964311374533,False,200.7839730949643,2.8932223955397376,False,False
483.41,6147,t6147,270,200.0,40,3,5,0.6408377777358841,False,63.33042618377095,2.8363023823780127,False,False
483.61,6148,t6148,120,75.0,20,7,4,0.645577196095879,True,10.10282872648419,1.1187879009531563,True,False
483.63,6149,t6149,170,100.0,73,10,4,0.658647206786175,True,16.037847615567497,1.7503400547401349,True,False
483.84,6151,t6151,220,700.0,36,1,5,0.6488884384539412,False,162.67406913795355,2.169420382069472,False,False
484.01,6152,t6152,220,150.0,96,2,4,0.6407161351827496,True,36.472543606674144,2.0300124793358423,True,False
484.02,6153,t6153,170,500.0,37,4,5,0.671614369970892,False,75.920971274688,1.6465832583818725,False,False
484.07,6155,t6155,170,700.0,63,0,1,0.6645354198417839,False,126.82377070426108,1.7806127620907852,False,False
484.2,6156,t6156,170,100.0,33,9,2,0.6491751890411468,True,18.09975022350428,1.7847321456527563,True,False
484.29,6157,t6157,270,200.0,33,4,5,0.6675902643896559,False,51.855502258169395,2.7559576431119015,False,False
484.51,6158,t6158,300,1200.0,25,4,1,0.6629792489230415,False,338.81905083178174,3.217516415457097,False,False
484.53,6159,t6159,170,100.0,47,8,2,0.6608415983266777,True,16.63316814858905,1.7600783430051288,True,False
484.66,6160,t6160,300,250.0,95,8,2,0.6630554330268107,True,87.64682848538777,3.0822815694010117,True,False
484.7,6161,t6161,80,50.0,99,0,2,0.6610186121060359,True,4.450532588034799,0.8289837098168991,True,False
484.75,6162,t6162,220,150.0,89,2,5,0.6410090981061084,True,29.692692836565197,2.3302812286160317,True,False
484.75,6163,t6163,220,900.0,92,8,4,0.6527776393512443,False,205.53759384238933,2.0237004248005674,False,False
484.81,6164,t6164,300,1200.0,41,7,4,0.6482478339921433,False,400.300393277077,2.716920965230969,False,False
484.94,6165,t6165,270,200.0,83,4,5,0.6636466409200447,True,45.369405172569195,2.439918537719076,True,False
485.12,6167,t6167,270,200.0,63,5,6,0.6464678741719571,True,56.337585371953146,2.468485176935071,True,False
485.22,6169,t6169,300,1200.0,32,3,1,0.6419122124034303,False,326.7775805982477,3.2338767974933416,False,False
485.24,6170,t6170,300,1200.0,84,6,8,0.6229849403984884,False,401.8272606737124,2.7768202786904093,False,False
485.32,6171,t6171,120,75.0,70,0,1,0.66065289326313,True,9.162708378163217,1.1808868495512246,True,False
485.4,6173,t6173,220,150.0,90,1,5,0.645167336351529,True,38.43638328634558,2.3258015199401827,True,False
485.44,6174,t6174,220,150.0,61,7,5,0.6540768942003372,True,38.202062001385386,2.3689503857993004,True,False
485.47,6175,t6175,220,150.0,32,9,4,0.6503401425967226,False,35.907215606835905,2.1889470722564965,False,False
485.59,6176,t6176,170,500.0,88,7,4,0.6446910591304823,True,80.0175274871303,1.6046415648935473,True,False
485.67,6177,t6177,80,50.0,98,2,4,0.6434839942972764,True,3.811545534385078,0.8439955882320961,True,False
485.86,6178,t6178,270,200.0,35,8,4,0.648978753230886,False,58.90362396749262,2.6724452085635604,False,False
485.91,6179,t6179,270,200.0,54,2,4,0.6461964962295128,True,48.701532293600145,2.8857667763251262,True,False
485.94,6180,t6180,220,900.0,37,1,8,0.6193184886463661,False,214.9326451108003,2.3209179145207024,False,False
486.01,6181,t6181,220,150.0,95,8,2,0.6652249910329412,True,33.37833579067143,2.1407900716940516,True,False
486.11,6182,t6182,120,75.0,77,7,5,0.6565775381345124,True,7.881693223282473,1.1662061579663874,True,False
486.42,6186,t6186,300,250.0,36,2,5,0.6437710979621679,False,76.60029439642005,3.0025123027453935,False,False
486.48,6187,t6187,300,1000.0,81,0,1,0.6630220172160493,False,290.10247649356353,2.7922539026888304,False,False
486.61,6188,t6188,120,75.0,79,10,9,0.6457830554607155,False,33.00311262611697,2.4940532637216024,False,True
486.63,6189,t6189,170,100.0,84,0,1,0.65916975868991,True,15.042123056319888,1.6585283903881194,True,False
486.72,6191,t6191,300,250.0,36,8,2,0.6673511578789489,False,72.8455627287419,2.7946126616440568,False,False
486.73,6192,t6192,300,1000.0,49,9,4,0.6465900064114548,False,319.0140375188006,3.2999467705941745,False,False
486.83,6193,t6193,220,150.0,90,10,8,0.6453891651400943,True,35.76389917897855,2.0437618710658616,True,False
486.88,6194,t6194,120,75.0,49,3,6,0.6546687048972452,False,8.63949528810864,1.1785844064996274,True,False
486.91,6195,t6195,120,75.0,24,3,5,0.6374292039993483,True,9.321807674504246,1.1925291603055053,True,False
487.19,6196,t6196,170,100.0,44,1,6,0.6426121198795142,True,17.82903314266216,1.6215836661692955,True,False
487.3,6198,t6198,220,900.0,76,1,6,0.6451905441485906,False,214.23682048611866,2.1396437254040572,False,False
487.35,6199,t6199,300,1200.0,44,10,4,0.6609049293171182,False,413.42441882207015,2.9405070330577905,False,False
487.41,6200,t6200,170,100.0,47,6,8,0.6199334234087005,True,14.464583991554846,1.6377761863679376,True,False
487.43,6201,t6201,80,50.0,25,1,5,0.6476946562911651,True,3.4509454557135566,0.7568017255801814,True,False
487.46,6202,t6202,270,900.0,64,2,6,0.6359462822293264,False,222.36629948516233,2.653605861139997,False,False
487.66,6203,t6203,270,900.0,20,9,5,0.6442016388594861,False,263.6401913871244,2.83043745891099,False,False
487.78,6204,t6204,270,200.0,88,4,5,0.6659558899198256,True,58.220190659185114,2.599485694959705,True,False
487.96,6205,t6205,80,50.0,20,1,8,0.6160605804119001,False,3.4594447701389055,0.7448777990847459,True,False
487.98,6206,t6206,220,150.0,25,9,2,0.6514941467987854,False,34.323894540905535,2.022100182528304,False,False
488.04,6207,t6207,120,75.0,40,9,4,0.6429148729498924,False,10.45543420875593,1.088886504694375,True,False
488.13,6208,t6208,80,50.0,85,9,2,0.6475927254012712,True,4.74754659496573,0.78556330231281,True,False
488.13,6209,t6209,120,75.0,23,10,8,0.6480635636554742,True,8.93835684125737,1.2267660574404469,True,False
488.17,6210,t6210,170,100.0,23,10,4,0.6569434973974425,True,18.200725800440942,1.7262005678235095,True,False
488.18,6211,t6211,80,50.0,75,9,10,0.6405376293055798,True,3.7113321260424836,0.7561539656453616,True,False
488.23,6213,t6213,120,75.0,55,4,5,0.6682189539396108,True,9.902179515979887,1.2260119552434527,True,False
488.25,6214,t6214,80,50.0,64,0,2,0.663380421682097,True,4.480897785415736,0.8559531635863462,True,False
488.43,6215,t6215,220,150.0,76,1,5,0.6501714298320084,True,37.49222725639091,2.3458224686101765,True,False
488.59,6216,t6216,80,50.0,40,6,1,0.6586557417857372,True,3.545867963915073,0.7767562914848797,True,False
488.62,6217,t6217,220,150.0,78,6,10,0.6264055694912006,True,28.93558872458427,2.2071867995095937,True,False
488.69,6218,t6218,220,150.0,52,1,6,0.6415433999322854,True,31.144353037306374,2.144437900963929,True,False
488.73,6219,t6219,270,200.0,77,4,1,0.6591278457627625,True,50.528500976971834,2.9652677787171586,True,False
488.74,6221,t6221,300,1000.0,58,2,6,0.6324840232514065,False,358.13642577845894,2.7045577891769548,False,False
488.74,6220,t6220,220,150.0,35,5,6,0.6491206985066998,True,31.49292073959433,2.4091666694280267,True,False
488.75,6222,t6222,170,700.0,62,4,2,0.6625712886333316,False,113.85908600495992,1.5988327644532823,False,False
488.85,6223,t6223,170,100.0,55,2,5,0.6403038578211064,True,18.702323958222642,1.8320790100581117,True,False
488.86,6224,t6224,170,100.0,44,7,4,0.6473794197660544,True,17.280475278854944,1.5572670505374593,True,False
488.89,6225,t6225,220,150.0,60,1,6,0.6441431986003064,False,37.992648349531954,2.3734020604866743,True,False
489.03,6226,t6226,300,250.0,61,9,5,0.6405742727489632,False,84.69189741157017,3.237828279502242,False,False
489.17,6227,t6227,220,150.0,58,10,4,0.6592352941161603,True,35.46513554998544,2.156672523360329,True,False
489.25,6228,t6228,300,250.0,58,2,4,0.6488547481231043,False,64.42565949065931,3.079551116708725,False,False
489.47,6230,t6230,120,75.0,26,9,2,0.6499433324317074,True,7.315068138034933,1.316783545488798,True,False
489.61,6231,t6231,300,250.0,23,1,5,0.6525986679020349,False,86.30385849542631,3.216782888110542,False,False
489.71,6232,t6232,80,50.0,80,9,10,0.6433090585376501,True,4.538012282898344,0.8608145809359764,True,False
489.76,6234,t6234,220,700.0,98,6,10,0.6293081247680432,False,183.07914311044976,2.016076650998696,False,False
489.9,6237,t6237,170,100.0,29,9,10,0.6460250591850788,True,15.349541546060433,1.6821566551271505,True,False
489.99,6239,t6239,270,200.0,68,1,6,0.6405170012949669,True,60.95887808826802,2.6591288213963464,True,False
490.07,6240,t6240,270,200.0,81,8,2,0.6632608013880367,True,48.246077181186465,2.4545730628765248,True,False
490.24,6243,t6243,300,250.0,53,5,6,0.6517204663547477,False,61.157912675720745,2.8446752772305817,False,False
490.24,6244,t6244,170,100.0,45,3,1,0.6384821499735436,True,14.403908911285756,1.734861701978089,True,False
490.24,6242,t6242,300,1200.0,74,0,6,0.6623511583991021,False,293.9342891840025,2.743504957158807,False,False
490.31,6245,t6245,80,50.0,35,10,8,0.6506844742005465,True,4.617388018557527,0.7591882057609298,True,False
490.32,6246,t6246,120,75.0,43,0,2,0.6656949950666369,True,8.629827239777674,1.1564413687601591,True,False
490.38,6247,t6247,80,50.0,45,3,6,0.6509835126174821,True,4.012015384433025,0.7324544446896746,True,False
490.52,6248,t6248,270,900.0,97,7,10,0.6424280730156046,False,262.18488571057947,2.9075208921743414,False,False
490.9,6249,t6249,220,150.0,35,6,8,0.6231169367587083,True,34.59325442080643,2.165545749131654,True,False
491.26,6250,t6250,300,250.0,34,3,5,0.6402628017375431,False,78.54063880104829,3.1321049566055716,False,False
491.33,6251,t6251,220,900.0,66,9,6,0.6403339647640843,False,160.73143355577167,1.9852265910424396,False,False
491.36,6252,t6252,220,150.0,99,9,2,0.6522469273215348,True,28.82866272219522,2.4159122545273286,True,False
491.45,6253,t6253,120,75.0,55,8,2,0.6654262520269426,True,7.330019850778416,1.1058101889353973,True,False
491.55,6255,t6255,220,150.0,67,2,4,0.6452858349788241,True,37.69539670165606,2.143056991542664,True,False
491.77,6256,t6256,170,100.0,93,6,1,0.6609132936166892,True,20.316772037813557,1.618175285015421,True,False
491.87,6258,t6258,170,700.0,46,5,8,0.6771874687531125,False,121.37502582807569,1.684400789099957,False,False
491.91,6259,t6259,300,1000.0,91,1,6,0.6431373279357343,False,247.20691143463017,2.8336643985224406,False,False
491.91,6260,t6260,170,700.0,98,1,8,0.6128678303421238,False,118.49107543198623,1.8434187889228935,False,False
492.03,6261,t6261,220,900.0,31,0,2,0.6679632769834859,False,183.72883456768244,2.2063524353071076,False,False
492.11,6263,t6263,300,250.0,83,3,5,0.636865727520974,True,78.03992340872041,3.2808443038877524,True,False
492.37,6264,t6264,80,50.0,44,1,6,0.6395312480436862,True,3.4933818238577743,0.8502732362280986,True,False
492.44,6266,t6266,300,250.0,47,9,10,0.6486867398195592,False,61.476886383131934,3.241064830706173,False,False
492.47,6267,t6267,120,75.0,64,5,6,0.6480942388458345,True,9.054571880641856,1.2672511271796647,True,False
492.52,6268,t6268,220,700.0,46,4,2,0.6587280446788468,False,139.22771098605836,2.1481622937511142,False,False
492.72,6271,t6271,270,1000.0,62,9,2,0.6545044503135655,False,319.09350079696316,2.7072893711065187,False,False
492.72,6270,t6270,300,250.0,36,8,4,0.645255844832935,False,89.71187958990268,2.8490030668655457,False,False
492.81,6272,t6272,120,75.0,50,2,5,0.6430799624828661,True,9.216763379811702,1.1990673454804233,True,False
492.88,6273,t6273,220,900.0,54,7,4,0.6500140131889152,False,193.27258625848094,2.3107283194020747,False,False
492.9,6274,t6274,120,75.0,61,5,10,0.6404988671420603,True,7.4263967788576295,1.2207334985121876,True,False
493.05,6275,t6275,170,500.0,25,1,6,0.6421712897494792,False,100.90539440725132,1.6322767338728184,False,False
493.29,6277,t6277,170,500.0,69,7,2,0.6392768706816011,False,85.05872687594804,1.5985256321874037,False,False
493.56,6279,t6279,120,75.0,74,7,4,0.6464219147433187,False,7.866847192564105,1.2862936034455286,True,False
493.6,6280,t6280,120,75.0,41,0,1,0.6615685453342937,True,8.495373437738364,1.2877409952482701,True,False
493.61,6281,t6281,220,150.0,71,7,8,0.6390286906167467,True,34.209200178973354,2.0400572356802793,True,False
493.61,6282,t6282,80,50.0,84,1,5,0.6488033612106608,True,4.130163477061222,0.7333990759700129,True,False
493.65,6284,t6284,170,700.0,94,5,6,0.6507145358870996,False,138.18017594073746,1.7973731827097588,False,False
493.7,6285,t6285,270,200.0,36,2,6,0.6290910094530451,False,50.83446468167284,2.807043065688963,False,False
493.73,6286,t6286,220,150.0,55,4,5,0.6704367566790005,True,31.24907176029766,2.1966146326293763,True,False
493.96,6289,t6289,80,50.0,33,7,5,0.6590281691900038,True,4.639945026805307,0.778652095393493,True,False
494.01,6290,t6290,80,50.0,91,1,6,0.6385845306211563,True,4.174468397984641,0.835425234332613,True,False
494.04,6291,t6291,220,150.0,86,4,5,0.6726102033636022,True,27.81187704233564,2.1146226778403343,True,False
494.27,6292,t6292,170,100.0,89,0,2,0.6640121932619981,True,18.804488317458738,1.632230213789907,True,False
494.37,6296,t6296,170,100.0,58,8,4,0.6416073946029429,True,15.112735712744094,1.553266507181259,True,False
494.4,6297,t6297,170,100.0,35,8,4,0.6442059133775507,True,13.60265534914172,1.6510325295133093,True,False
494.44,6298,t6298,80,50.0,46,0,6,0.6583608018977868,True,3.631439879729719,0.7400900532228831,True,False
494.51,6299,t6299,270,900.0,66,9,2,0.6505428228457559,False,285.1448302171733,2.9547082311483126,False,False
494.57,6300,t6300,120,75.0,46,7,4,0.6429016582666341,True,7.605314062569489,1.213315488802209,True,False
494.63,6301,t6301,120,75.0,73,0,1,0.6639193562457896,False,7.470517886523275,1.286094346193346,True,False
494.78,6302,t6302,80,50.0,59,1,8,0.6097389352737428,True,3.5893701627427705,0.8788639299704166,True,False
494.81,6304,t6304,300,250.0,64,6,8,0.6262367798417159,False,65.66081731347444,2.8754668685567197,False,False
494.98,6306,t6306,170,100.0,44,10,8,0.6532529665347174,True,16.096042633368267,1.801294086620435,True,False
495.23,6308,t6308,170,700.0,26,8,2,0.6675483936530705,False,126.24394799415214,1.7393068653585915,False,False
495.23,6307,t6307,80,50.0,96,3,1,0.6412946887922545,True,3.7676751795947783,0.7413464809946368,True,False
495.27,6309,t6309,220,700.0,83,1,5,0.6512579606531144,False,181.74550721781108,2.018673579576867,False,False
495.32,6310,t6310,170,100.0,99,6,1,0.663125694411022,True,15.987296143314575,1.8138341200255146,True,False
495.42,6311,t6311,120,75.0,57,8,4,0.6467524617766665,True,8.015395731343201,1.1869536696696892,True,False
495.47,6312,t6312,80,50.0,50,8,4,0.6492480792077998,True,3.932377706423668,0.8669172805535175,True,False
495.48,6314,t6314,220,150.0,89,5,6,0.6471084269875395,True,28.78237591151742,2.224815939433594,True,False
495.59,6315,t6315,270,200.0,29,8,2,0.6634540924466757,False,51.84817527962671,2.813116434845093,False,False
495.61,6317,t6317,170,100.0,51,3,1,0.6440509768345912,True,19.883460208166017,1.8352075189805137,True,False
495.68,6318,t6318,220,150.0,91,6,10,0.6259786289393491,True,38.904301944864834,2.0979573689801456,True,False
495.73,6319,t6319,220,900.0,26,10,4,0.6614812549005038,False,164.65559413004766,1.9828325421610606,False,False
496.06,6321,t6321,270,200.0,93,2,4,0.6479623000974294,True,52.7787575251963,2.6929260581124184,True,False
496.11,6322,t6322,120,75.0,70,9,10,0.6451211868413497,True,7.839731948203575,1.141924020306723,True,False
496.15,6323,t6323,270,900.0,36,8,5,0.645755379224732,False,278.5909119791814,2.7193973329619565,False,False
496.18,6324,t6324,170,100.0,84,4,5,0.6747401811145121,True,19.797284352351333,1.7681240749612395,True,False
496.22,6325,t6325,220,150.0,49,10,1,0.6564051307083296,True,31.461092896896506,2.339800393773682,True,False
496.22,6326,t6326,300,1200.0,71,3,5,0.6397105947887364,False,289.4267969213831,3.12783654494601,False,False
496.29,6328,t6328,300,250.0,84,2,4,0.6505852359136627,False,87.82889299673431,2.762435503320766,False,False
496.34,6329,t6329,220,150.0,83,2,1,0.6280971029418689,True,35.75628889909708,2.291989302462884,True,False
496.35,6330,t6330,120,75.0,43,0,6,0.6606242525264977,True,10.005491523061401,1.1170366322085852,True,False
496.39,6332,t6332,270,200.0,71,0,1,0.6600491509390557,True,58.358004084970545,2.823593946449146,True,False
496.43,6333,t6333,270,200.0,49,5,6,0.6497484402659705,True,44.37148913694565,2.5790059369712175,True,False
496.45,6334,t6334,300,250.0,59,5,8,0.673051901196232,False,73.31494863224397,2.9289360834363145,False,False
496.55,6335,t6335,220,900.0,57,9,10,0.6478009449227046,False,199.21203759964487,2.2117936642452647,False,False
496.64,6336,t6336,300,250.0,24,8,2,0.6594416772644088,False,60.27282397715749,3.2746159910655823,False,False
496.72,6337,t6337,300,250.0,36,8,4,0.6516937842903104,False,82.17234293155654,3.002864022584664,False,False
496.79,6338,t6338,300,1000.0,64,5,10,0.6431195564658858,False,268.7346099566284,3.240714792389421,False,False
496.9,6339,t6339,300,250.0,44,8,2,0.6555095103857874,False,85.58356874124071,3.2792530730682596,False,False
496.91,6340,t6340,120,75.0,54,10,4,0.6575082964691604,True,10.329047192741381,1.1773349075020423,True,False
497.0,6341,t6341,300,1000.0,31,8,2,0.6516559868447384,False,321.90569366448335,2.921510218755099,False,False
497.24,6343,t6343,170,700.0,85,10,4,0.6597887972064439,False,128.52318526345016,1.8107800302438077,False,False
497.3,6344,t6344,170,700.0,82,9,10,0.6442531078424322,False,139.23798346616053,1.6885802427726084,False,False
497.32,6345,t6345,120,75.0,20,4,5,0.6768275593104036,True,8.625071567102454,1.3071130173877255,True,False
497.36,6346,t6346,220,150.0,37,5,6,0.6523356532788328,True,29.743940363308138,2.047896231626471,True,False
497.56,6347,t6347,270,900.0,78,10,8,0.6557700890222049,False,239.04170008585797,2.882574449072952,False,False
497.63,6348,t6348,270,900.0,53,8,4,0.647916575271171,False,277.6663015743712,2.7007621421425476,False,False
497.97,6349,t6349,80,50.0,60,1,5,0.6474894681067187,True,4.228588438914442,0.8163755993011016,True,False
498.06,6350,t6350,270,200.0,64,10,4,0.6558496879289817,True,56.32009599409728,2.7476289227435875,True,False
498.13,6351,t6351,270,900.0,34,7,4,0.6456258069194832,False,195.79951457643153,2.6094203816190125,False,False
498.14,6352,t6352,270,200.0,87,5,6,0.654871122031438,True,45.72834162734857,2.5784517548764487,True,False
498.18,6354,t6354,120,75.0,32,9,10,0.6407762275037654,True,7.547494717205465,1.1057948739204295,True,False
498.2,6355,t6355,220,150.0,85,9,2,0.6466604279273023,True,33.20259682136115,2.1823859921646873,True,False
498.24,6356,t6356,170,100.0,43,4,1,0.6615274706656891,True,17.314969815080048,1.8659814630180616,True,False
498.3,6357,t6357,300,250.0,72,6,10,0.6288897230272287,False,84.5280645889406,3.1493997062256796,False,False
498.47,6358,t6358,300,250.0,56,3,6,0.6535460241833143,False,71.48949008675734,3.153606038321425,False,False
498.59,6360,t6360,80,50.0,88,0,1,0.6624303497384564,True,4.308309740859563,0.7836528513802581,True,False
498.6,6361,t6361,300,250.0,80,4,5,0.6788731899423773,True,62.65820038015723,2.809071142042478,True,False
498.66,6362,t6362,220,700.0,93,10,8,0.6520628690599427,False,152.88186618539456,2.357712226420804,False,False
498.7,6363,t6363,300,250.0,61,7,8,0.6418302986225936,False,68.57939811362616,3.273161812586694,False,False
498.75,6364,t6364,300,250.0,91,1,6,0.6412435066753998,True,82.64646917720832,3.258967666759225,True,False
498.77,6365,t6365,270,1000.0,70,10,1,0.6585794896326247,False,303.07699222857093,2.6130393272891115,False,False
498.98,6366,t6366,300,1200.0,74,9,8,0.6395874834169749,False,378.0428464872442,2.73132276079974,False,False
498.98,6367,t6367,270,900.0,29,0,2,0.66631413121494,False,271.5190583013157,2.7958114443336872,False,False
499.19,6369,t6369,80,50.0,55,3,6,0.6498832855178298,True,4.620570864271915,0.7760563988536058,True,False
499.25,6370,t6370,270,1000.0,78,0,2,0.6623960304088229,False,257.5914960969825,2.8417912572145583,False,False
499.42,6372,t6372,300,1000.0,31,8,5,0.6422484534584192,False,300.396507918805,3.2596902765568494,False,False
499.5,6373,t6373,170,100.0,23,9,4,0.6393132421575612,True,20.230617751065637,1.7439425329325182,True,False
499.67,6375,t6375,300,1000.0,48,8,4,0.6442149104324141,False,285.62360215229995,2.8588681750467693,False,False
499.8,6377,t6377,170,100.0,30,1,5,0.649970345411251,True,13.632317552476062,1.6141552588702648,True,False
499.93,6378,t6378,120,75.0,69,6,10,0.6255685952333508,True,8.817441776757866,1.2088316712334857,True,False
499.96,6379,t6379,300,1000.0,89,3,5,0.6363245647111435,False,325.0715947513022,2.7162462867765678,False,False
500.0,6380,t6380,300,1000.0,89,2,5,0.6458005450513906,False,320.88249006438457,3.2989307136947676,False,False
500.06,6381,t6381,220,900.0,58,2,4,0.6469817130135712,False,196.14071178132554,2.133357375401334,False,False
500.1,6382,t6382,270,200.0,85,5,4,0.6400232151286214,False,52.33451613376452,2.5117869741518812,True,False
500.26,6383,t6383,170,500.0,84,0,6,0.6628424341426343,False,96.41665769826898,1.6005400382417638,False,False
500.33,6384,t6384,270,1000.0,55,4,2,0.6549616656034517,False,223.30296926333003,2.9274209007896577,False,False
500.35,6385,t6385,270,200.0,83,9,10,0.6435428847718719,True,44.127316846392795,2.8863705082259554,True,False
500.4,6386,t6386,120,75.0,83,1,6,0.6438493032085585,True,10.582800666866028,1.1337000604478986,True,False
500.42,6387,t6387,270,900.0,70,7,10,0.6389876933734743,False,235.8604825191856,2.912515881959321,False,False
500.57,6388,t6388,120,75.0,70,10,4,0.6581633608370687,True,7.453643127265979,1.2481753778444624,True,False
500.63,6389,t6389,120,75.0,97,7,4,0.6421214725992753,True,7.321149220987176,1.3009102313017058,True,False
500.81,6390,t6390,300,1200.0,45,0,6,0.6588422521264484,False,337.9637693252423,2.967731725931795,False,False
500.83,6391,t6391,120,75.0,53,7,4,0.6448612249654716,True,10.175697802500418,1.0842480553107112,True,False
500.9,6392,t6392,220,150.0,76,3,5,0.6330062552351025,True,36.25053678096673,2.3969857080795545,True,False
501.04,6393,t6393,220,150.0,75,6,1,0.6652938471894682,True,30.787834896965062,2.363301966992654,True,False
501.11,6394,t6394,170,700.0,54,2,1,0.6311173427012133,False,99.61042539457544,1.7535669477700488,False,False
501.18,6395,t6395,170,500.0,93,10,1,0.6545363613784336,True,87.31369959788897,1.8437262802806536,True,False
501.25,6397,t6397,300,250.0,63,2,4,0.6434502605714816,True,60.919194886533795,2.83751868283523,True,False
501.35,6398,t6398,170,500.0,79,8,4,0.6405872788904325,True,69.57034000424048,1.6457814175717116,True,False
501.42,6399,t6399,170,700.0,65,6,8,0.6231202260630634,False,97.70819059882116,1.844609274412935,False,False
501.52,6400,t6400,220,700.0,46,7,4,0.647546182284344,False,136.9894861570429,2.3063795161039695,False,False
501.58,6401,t6401,270,900.0,21,9,10,0.6462542088946163,False,204.00468541013612,2.779812288856625,False,False
501.85,6403,t6403,120,75.0,40,6,10,0.6284878899953504,True,8.080828650833185,1.2762616158392934,True,False
501.98,6404,t6404,300,250.0,46,4,5,0.6808779079617117,False,67.53934100192812,2.786211290785726,False,False
502.06,6405,t6405,80,50.0,43,9,10,0.6427373065349058,True,4.037144760079231,0.7989878062400192,True,False
502.25,6406,t6406,300,250.0,79,10,8,0.6484297934969255,False,88.95967268144837,2.943126888592749,False,False
502.27,6407,t6407,120,75.0,77,2,5,0.6422927159685446,True,9.050570131459908,1.1724418750092604,True,False
502.28,6408,t6408,220,150.0,55,1,8,0.6128466181067296,True,35.65442960858698,2.1978215382032644,True,False
502.46,6409,t6409,170,500.0,20,7,5,0.6614297876243856,False,90.0849742092942,1.7346271032788043,False,False
502.57,6410,t6410,220,150.0,85,9,4,0.6419576439810766,True,29.597882755701487,2.266576690748519,True,False
502.65,6411,t6411,300,1000.0,48,8,1,0.6395108632371085,False,333.00034823955906,3.0014212457688414,False,False
502.74,6412,t6412,300,1000.0,40,4,5,0.6766685316206592,False,270.93161243534036,3.024755658047482,False,False
502.92,6414,t6414,220,150.0,23,4,8,0.6534258678155223,False,26.958944919683322,2.3571866826260304,False,False
502.98,6415,t6415,220,150.0,61,0,2,0.6585562916188282,True,38.554116776091426,2.0460046364793887,True,False
503.04,6416,t6416,80,50.0,88,5,6,0.6573558814089911,True,3.6723516124923035,0.8186752682674412,True,False
503.14,6417,t6417,220,900.0,41,5,2,0.6398024025936168,False,180.09928082592313,2.3645880505917356,False,False
503.15,6418,t6418,170,100.0,87,2,1,0.6279031776653708,True,17.073089331156467,1.7363603811057817,True,False
503.23,6419,t6419,170,100.0,46,3,5,0.6359283119485822,True,15.820953208409207,1.737022426797788,True,False
503.44,6421,t6421,80,50.0,52,9,2,0.6490296809072178,True,3.609235820539319,0.8324828867464608,True,False
503.44,6422,t6422,120,75.0,33,9,10,0.6454647422223895,True,10.751592752374552,1.0841189291171083,True,False
503.58,6423,t6423,300,250.0,53,10,8,0.6448693794451689,False,67.0689744444429,3.2240463577377554,False,False
503.6,6424,t6424,80,50.0,71,8,4,0.6432061999792905,True,4.094664489674885,0.7840676630086276,True,False
503.61,6425,t6425,220,150.0,39,9,10,0.6481376291961235,True,34.09302494584381,2.093685778409421,True,False
503.78,6426,t6426,220,150.0,92,7,5,0.6576093736900797,True,38.24598508121323,2.1879918655942636,True,False
503.87,6427,t6427,80,50.0,21,0,2,0.6609673476046335,True,4.37412621777178,0.7622014071022849,True,False
503.95,6428,t6428,170,100.0,30,2,4,0.6461634371782338,True,18.3122818968293,1.6528105871952634,True,False
503.96,6429,t6429,300,250.0,82,4,5,0.6725433428064278,True,63.696574904651136,3.109986376128621,True,False
504.33,6431,t6431,220,150.0,20,8,4,0.6457727426463714,False,37.87677634000462,2.1788639016022615,False,False
504.35,6432,t6432,300,1200.0,82,6,10,0.6313487988621101,False,351.1226229108686,3.2637499680236197,False,False
504.52,6433,t6433,270,200.0,95,1,8,0.6158921472830565,True,57.01587509670554,2.5073263252964666,True,False
504.54,6434,t6434,220,900.0,35,0,2,0.6633301824707227,False,183.30251356370906,2.185640126011357,False,False
504.58,6435,t6435,120,75.0,28,0,2,0.6594717606394901,True,9.425748332788652,1.0887510858572003,True,False
504.59,6436,t6436,270,200.0,22,2,5,0.6450290434673556,False,61.12160237809106,2.487200792038872,False,False
504.65,6437,t6437,170,100.0,31,10,4,0.660430760286994,True,17.317881886273238,1.729630304374791,True,False
504.8,6438,t6438,300,1200.0,21,8,4,0.6421139544601107,False,392.02231088927266,2.8816475132263673,False,False
504.87,6440,t6440,120,75.0,25,1,6,0.646402983811054,False,7.3801525787924,1.2656976443260903,True,False
504.96,6441,t6441,170,100.0,25,9,10,0.6507570584303829,True,17.34578193305805,1.6169077941565544,True,False
504.99,6442,t6442,220,150.0,90,7,5,0.66003936803446,True,37.66621289923956,2.25990675380317,True,False
505.05,6443,t6443,270,1000.0,21,0,2,0.6618645072448821,False,266.7401561162265,2.4445253415098187,False,False
505.05,6444,t6444,300,1000.0,68,7,4,0.644003440456839,False,359.4017512064377,2.9185011971151846,False,False
505.08,6445,t6445,270,200.0,41,5,6,0.6597909455989931,False,58.62346097861673,2.917388051956124,False,False
505.36,6447,t6447,80,50.0,85,2,5,0.6415366444161902,True,3.370224827567518,0.7286918417578678,True,False
505.39,6448,t6448,80,50.0,69,5,8,0.6689990449904893,True,3.5618868984314354,0.7588386167978803,True,False
505.46,6449,t6449,80,50.0,40,10,1,0.6567480956893266,True,3.391559096154285,0.7813616322432416,True,False
505.53,6451,t6451,80,50.0,95,7,5,0.6624207624919526,True,4.552067110040673,0.741816112022446,True,False
505.53,6450,t6450,120,75.0,31,0,1,0.6647639245618691,True,7.944809316834833,1.1940692069926788,True,False
505.54,6452,t6452,220,150.0,73,6,1,0.6674186369123455,True,26.810986473985746,2.339951830596006,True,False
505.6,6453,t6453,170,100.0,74,0,2,0.6580353989181663,True,18.90676294534608,1.8607099303480605,True,False
505.69,6454,t6454,270,200.0,96,9,2,0.651351548827535,True,45.07242439823123,2.9280240416405303,True,False
505.74,6455,t6455,80,50.0,27,1,5,0.6524016051696927,True,4.611820574302179,0.8142375933139793,True,False
505.97,6458,t6458,300,250.0,51,2,1,0.6309272959302453,False,70.8918226670007,2.7537876632742533,False,False
505.98,6459,t6459,170,500.0,32,4,6,0.6524622250829469,False,87.25808891075096,1.5468334992578234,False,False
506.02,6460,t6460,170,100.0,97,10,1,0.6589155953140016,True,18.89518390809776,1.5574044622227499,True,False
506.24,6461,t6461,300,1000.0,92,10,4,0.6626528117479208,False,296.4534271459502,2.825041138472514,False,False
506.33,6462,t6462,300,250.0,54,9,10,0.653324099079957,False,82.68780051568983,3.2207993607547443,False,False
506.37,6463,t6463,80,50.0,83,7,5,0.6647545290602953,True,4.495472268639729,0.7628520730013921,True,False
506.4,6464,t6464,170,500.0,22,2,4,0.6488223502528508,False,74.54913694626154,1.682164948460964,False,False
506.46,6465,t6465,170,100.0,30,9,10,0.6496657989165397,True,20.33458304045898,1.8224006885549193,True,False
506.47,6466,t6466,80,50.0,63,1,5,0.6547842397329654,True,3.563190750940794,0.8704165595194816,True,False
506.56,6468,t6468,220,150.0,20,5,8,0.6712012459088613,False,39.426988304763995,2.1156828296254644,False,False
506.61,6470,t6470,120,75.0,75,9,2,0.6536269793894458,True,7.795671631575677,1.2200058388117756,True,False
506.68,6471,t6471,170,100.0,84,0,1,0.6670508278888135,True,18.178159384950575,1.5548288521704035,True,False
506.69,6472,t6472,170,100.0,28,1,6,0.6427315908014996,True,15.169739443141372,1.8184922951479747,True,False
506.82,6473,t6473,120,75.0,22,7,5,0.6670416202972712,True,10.704741765364076,1.2534523782792568,True,False
506.83,6474,t6474,120,75.0,58,5,10,0.6395138320032349,True,10.79729727095178,1.1442546478108209,True,False
506.9,6475,t6475,300,250.0,76,3,5,0.6387919275277925,False,82.68656095651322,2.763690360654296,False,False
507.2,6476,t6476,120,75.0,49,0,1,0.669291993149219,True,8.029085942234932,1.1447474287130415,True,False
507.25,6478,t6478,300,250.0,83,6,10,0.6279784895515346,False,85.4677957558647,3.0304972456084203,False,False
507.26,6479,t6479,270,200.0,74,3,5,0.6354242707954184,True,47.91891949763961,2.962392514414096,True,False
507.29,6480,t6480,170,500.0,49,6,10,0.6246755864271706,False,86.84415993533065,1.7801516229357717,False,False
507.34,6481,t6481,80,50.0,51,7,5,0.6692829697095076,True,3.3622556591876265,0.7567147473141129,True,False
507.38,6482,t6482,220,700.0,30,4,2,0.6512706141095644,False,156.06798937210937,2.2611647817689353,False,False
507.4,6483,t6483,170,700.0,94,3,6,0.652467801625655,False,138.58812788249026,1.8514139235446436,False,False
507.47,6485,t6485,220,900.0,59,4,5,0.6746746577684811,False,218.05980535312716,2.1274953117621003,False,False
507.59,6486,t6486,80,50.0,81,7,4,0.640531553465884,True,4.736763130140099,0.7848000201618325,True,False
507.64,6487,t6487,220,150.0,98,6,8,0.620066003359984,True,32.55677936796062,2.225940414207855,True,False
507.67,6488,t6488,270,200.0,88,1,5,0.6571192216049728,True,64.41998790186021,2.7595893238959395,True,False
507.7,6489,t6489,120,75.0,45,9,4,0.6445491577681217,True,10.154146304569343,1.1605238858389306,True,False
507.85,6491,t6491,170,100.0,87,10,6,0.6442813875969494,True,17.698892554652577,1.6627598905657937,True,False
507.91,6492,t6492,220,150.0,81,6,8,0.623246865110966,True,36.2227818636205,2.340780635441936,True,False
508.29,6494,t6494,300,1200.0,34,8,2,0.6478795337745101,False,344.8733023263491,2.701607298269561,False,False
508.37,6495,t6495,220,150.0,45,8,5,0.6388116662074327,True,28.04780620637556,2.1952138591386974,True,False
508.64,6496,t6496,120,75.0,21,9,10,0.6522546647563908,True,8.679711957060407,1.301116740535353,True,False
508.68,6497,t6497,300,250.0,90,4,1,0.6638791030705572,True,63.02757076252097,3.1101680056587098,True,False
508.72,6498,t6498,80,50.0,36,10,4,0.658656422179629,True,3.4301338988198156,0.8751072184746319,True,False
508.77,6499,t6499,300,1200.0,56,5,10,0.6421542220298367,False,341.5570453378445,2.8929921821300786,False,False
508.81,6500,t6500,300,250.0,86,9,4,0.6470888412794259,True,74.22968335568277,3.1442764138670887,True,False
508.88,6501,t6501,170,500.0,88,9,10,0.6547917532794448,False,97.14464138512801,1.6756175941947051,False,False
509.01,6502,t6502,300,250.0,28,5,8,0.6671854028088658,False,77.80457353001438,3.040026181042359,False,False
509.05,6503,t6503,220,700.0,33,1,5,0.65940750383954,False,139.85788056392417,2.260556949457449,False,False
509.11,6504,t6504,170,100.0,65,10,6,0.6468264265116771,True,20.30129707372607,1.7364971898518786,True,False
509.28,6505,t6505,170,100.0,82,3,5,0.6382979671976918,True,13.94845582885356,1.7792499168546343,True,False
509.32,6507,t6507,220,900.0,76,2,1,0.6277169318298222,False,224.93146605769664,2.3701424849545987,False,False
509.41,6508,t6508,120,75.0,29,5,6,0.6560033085051951,True,7.6311397642714685,1.2214212486738572,True,False
509.42,6509,t6509,300,250.0,41,0,1,0.6714883351044164,False,61.970633927660074,2.732844263431044,False,False
509.44,6510,t6510,80,50.0,69,10,6,0.6493205646481102,True,4.488470467628948,0.8206706102151323,True,False
509.45,6511,t6511,170,100.0,63,1,8,0.6188767658758569,True,16.81392711097482,1.5855900132246712,True,False
509.48,6512,t6512,170,500.0,46,5,6,0.6584654241532729,False,86.50174027405738,1.600554300271976,False,False
509.52,6513,t6513,300,1000.0,76,5,8,0.6632498765708704,False,289.8077540957694,2.7120480407423573,False,False
509.61,6515,t6515,220,150.0,96,5,1,0.6387790281537705,True,36.0226418131674,2.023502099760556,True,False
509.7,6516,t6516,270,200.0,56,2,5,0.6442880933460483,False,59.31516937234224,2.542499546076935,False,False
509.74,6517,t6517,220,900.0,81,2,6,0.6257658559306508,False,212.18070965783264,2.3429399015055226,False,False
509.88,6518,t6518,220,700.0,50,9,2,0.6558569013401183,False,144.03734328847145,2.4090184696812598,False,False
510.05,6519,t6519,270,200.0,46,8,5,0.6416176147014658,False,56.39274146494382,2.6327701698262476,False,False
510.15,6521,t6521,300,250.0,51,6,8,0.6263641096269287,False,79.54989256730346,3.1714911405396293,False,False
510.15,6520,t6520,120,75.0,59,9,2,0.6518682248517775,False,7.608435948356208,1.186021962368636,True,False
510.17,6522,t6522,300,1200.0,87,1,8,0.6218016920968013,False,313.3972652650775,2.8255802440436435,False,False
510.46,6523,t6523,270,200.0,30,10,6,0.6517648200218146,False,50.882609340957266,2.4502131680588737,False,False
510.47,6525,t6525,120,75.0,21,2,4,0.6452540850659757,True,8.840791446131977,1.1366682605883485,True,False
510.47,6526,t6526,270,200.0,37,1,5,0.655476020429416,False,62.673379170931575,2.7085806216821338,False,False
510.47,6524,t6524,80,50.0,43,6,8,0.6232450092525719,True,3.7150969057611225,0.879699997772335,True,False
510.53,6529,t6529,220,900.0,50,2,5,0.6408105132973091,False,219.96339267905412,2.3580537668817256,False,False
510.77,6531,t6531,170,500.0,22,10,1,0.6610397449461829,False,86.99960838607804,1.7950893531563334,False,False
510.79,6532,t6532,170,100.0,60,6,8,0.6263622908857023,True,19.432379613820974,1.5614254318954681,True,False
510.81,6533,t6533,270,900.0,53,10,4,0.6609139604027031,False,270.71359392101095,2.6195975803654497,False,False
511.06,6535,t6535,80,50.0,59,2,3,0.6251147544371191,False,15.70880170153837,1.449120917726919,False,True
511.06,6534,t6534,270,200.0,97,8,4,0.638528342037575,True,55.73141301386283,2.4429182399950626,True,False
511.21,6536,t6536,170,700.0,56,1,6,0.6453076256521363,False,103.92569708424749,1.8211656202615953,False,False
511.22,6537,t6537,170,700.0,76,7,5,0.6714794921334993,False,131.6162215308029,1.7311485467248466,False,False
511.24,6538,t6538,220,150.0,28,3,6,0.6488266274113238,True,27.765847212468937,2.3967912763913084,True,False
511.25,6539,t6539,220,150.0,96,7,8,0.6384018744683235,True,34.95853302872739,2.008918444787019,True,False
511.38,6542,t6542,300,250.0,42,10,4,0.6569523478613157,False,67.34172013462964,3.1820628957993318,False,False
511.41,6543,t6543,80,50.0,36,7,4,0.6433031042147481,True,4.235659318067147,0.7846218558782703,True,False
511.55,6545,t6545,80,50.0,94,2,5,0.6374024848495448,True,4.408044965260946,0.8160599856287502,True,False
511.58,6547,t6547,300,1000.0,49,9,10,0.6511041000320378,False,333.22121163739484,2.9055982281438744,False,False
511.6,6549,t6549,170,100.0,79,8,2,0.6441786097656866,True,16.67624415075608,1.828775960800201,True,False
511.6,6548,t6548,220,150.0,46,8,5,0.6381934442256183,True,29.15892601241269,2.3597641740316204,True,False
511.88,6550,t6550,80,50.0,47,3,5,0.6411141896719198,True,3.9588508761119052,0.8376379084843908,True,False
511.89,6551,t6551,300,250.0,63,0,1,0.6674667502205099,False,64.75108480493678,2.7925398057136412,False,False
511.92,6552,t6552,220,700.0,26,1,8,0.6184941197933267,False,181.53630501046067,2.248856112148199,False,False
512.06,6553,t6553,170,100.0,78,0,2,0.6604568727579848,True,17.043306981380102,1.6063673309758464,True,False
512.35,6554,t6554,300,250.0,90,3,1,0.6467521391160812,True,72.03196723251277,3.18893853625959,True,False
512.37,6555,t6555,270,1000.0,46,8,4,0.6411884418634902,False,250.57450568294462,2.655555405640258,False,False
512.46,6556,t6556,270,900.0,78,4,10,0.651120271095239,False,229.82515033545835,2.5066902816944694,False,False
512.53,6557,t6557,270,1000.0,51,1,5,0.6516231666874942,False,246.49940107097896,2.9172871329714263,False,False
512.58,6558,t6558,220,900.0,39,2,4,0.647931185182838,False,214.51318130833047,2.3211935230953666,False,False
512.68,6559,t6559,300,250.0,99,2,1,0.6245707750114076,True,84.76636993309997,3.1174033286258878,True,False
512.78,6560,t6560,120,75.0,97,5,8,0.6593930608576347,True,8.081078271036267,1.2494978333699336,True,False
512.83,6561,t6561,270,900.0,65,6,1,0.6695009308407652,False,270.8961244138193,2.5330555440348483,False,False
512.98,6562,t6562,220,700.0,56,7,8,0.6412160187971389,False,124.29732669132956,1.9845547906222343,False,False
513.16,6564,t6564,300,250.0,40,1,8,0.6152526989359217,False,63.413928094695216,2.7221395866720526,False,False
513.26,6566,t6566,300,250.0,27,1,8,0.6120761064956648,False,72.61640556460986,3.0109110168833153,False,False
513.29,6567,t6567,170,700.0,24,1,5,0.647847370020411,False,98.07093082007492,1.7197367094258862,False,False
513.39,6568,t6568,220,150.0,74,9,10,0.6474901998495788,True,26.52632396367896,2.358863395086734,True,False
513.5,6569,t6569,120,75.0,36,3,6,0.6514322766812791,True,8.806105144763388,1.2620494574634684,True,False
513.74,6571,t6571,300,250.0,95,6,8,0.6294172268861701,True,77.61816391312733,2.8257630236136992,True,False
513.96,6572,t6572,170,100.0,32,6,10,0.6214387413652938,True,19.286429399208558,1.702035009824754,True,False
513.98,6574,t6574,120,75.0,78,6,8,0.6324110641666284,True,9.410235557975387,1.1301050243974042,True,False
513.99,6575,t6575,300,250.0,39,1,6,0.6416581398057603,False,71.40296504576234,3.2230220689924316,False,False
514.02,6576,t6576,120,75.0,83,7,8,0.637799880239378,True,10.622488146259444,1.2668768429417947,True,False
514.04,6577,t6577,270,200.0,89,10,1,0.6569474115857208,True,45.95443009716868,2.9612705041102494,True,False
514.2,6578,t6578,300,1200.0,58,7,5,0.6674580841090111,False,306.44647135587,3.289632734757138,False,False
514.25,6579,t6579,220,700.0,65,4,8,0.6496140171258785,False,175.37706849943936,2.284048610543188,False,False
514.33,6580,t6580,220,700.0,23,10,6,0.6479861902880449,False,137.44199237538962,2.25625576066287,False,False
514.39,6581,t6581,220,700.0,86,9,4,0.6495777311205041,False,180.95207943562846,2.108695226935626,False,False
514.39,6582,t6582,220,900.0,88,1,8,0.608963045904213,False,219.46563458009135,2.2861254697045945,False,False
514.42,6583,t6583,170,100.0,75,4,5,0.6705893464312933,True,18.99550367479972,1.73445040652417,True,False
514.44,6584,t6584,270,200.0,99,8,2,0.6467257042370396,True,60.56178080442504,2.4438392250347154,True,False
514.66,6586,t6586,300,250.0,82,6,8,0.6353450247014777,True,80.67290221496033,3.2596534558845978,True,False
514.68,6587,t6587,170,100.0,36,2,1,0.6276615413293612,True,20.144506295949917,1.8575112258048074,True,False
514.74,6589,t6589,300,1200.0,36,6,1,0.6653675788906167,False,423.2911600934865,2.9683692466617697,False,False
514.76,6590,t6590,170,100.0,38,6,10,0.6244406332046546,True,16.625095784307472,1.8592484718321367,True,False
514.97,6591,t6591,270,1000.0,69,5,6,0.6547042974883893,False,310.32287946954295,2.5154854067770724,False,False
514.98,6592,t6592,170,100.0,36,5,8,0.6617873814586639,True,16.323277241051695,1.802998760934721,True,False
515.25,6593,t6593,80,50.0,23,9,10,0.650122577670769,True,4.022556512883476,0.7814852554698629,True,False
515.27,6594,t6594,80,50.0,45,8,4,0.6376213396928871,True,3.367651723452596,0.8088295090222988,True,False
515.33,6595,t6595,220,900.0,23,4,6,0.6488211623994699,False,183.98347887229448,2.1347113140408793,False,False
515.34,6596,t6596,300,1200.0,96,0,2,0.6628299171210069,False,426.47147360414476,2.8738711003899993,False,False
515.38,6597,t6597,270,1000.0,49,9,10,0.6527023079355355,False,220.74328078786633,2.548790127523795,False,False
515.41,6598,t6598,170,100.0,38,3,1,0.6493992781519414,True,19.033934374642634,1.8111635720388888,True,False
515.42,6599,t6599,300,250.0,78,1,5,0.6441470892866695,False,87.28342097193158,2.8217197273341412,False,False
515.68,6601,t6601,120,75.0,41,5,8,0.6641338156476725,False,8.941306277657084,1.3133122796676149,True,False
515.7,6602,t6602,170,700.0,70,7,4,0.646019223948635,False,107.83946319813191,1.73052310149351,False,False
515.79,6603,t6603,120,75.0,65,6,8,0.63822030602563,True,9.834658466087506,1.2632402261365043,True,False
515.87,6604,t6604,300,250.0,74,3,1,0.6519934744070844,False,75.82183524660364,3.181153257808389,False,False
515.9,6605,t6605,80,50.0,71,9,10,0.6490564435950066,True,4.051548751928832,0.869250094593048,True,False
515.96,6606,t6606,300,250.0,41,2,1,0.6306904923209559,False,70.98213454287786,3.1367350488149865,False,False
516.17,6607,t6607,270,1000.0,67,6,1,0.661316893979471,False,247.67157389288624,2.8286227751898885,False,False
516.23,6608,t6608,170,100.0,62,9,4,0.6458428431647607,True,17.50604918908967,1.784775517583591,True,False
516.63,6610,t6610,220,150.0,66,1,8,0.6059122465245903,True,31.45237564599266,2.116506284153939,True,False
516.65,6611,t6611,170,700.0,92,8,5,0.6410117571592878,False,100.67278507227653,1.710169903926303,False,False
516.75,6613,t6613,270,900.0,29,0,8,0.6550603473543724,False,231.9479899843181,2.9479623379572515,False,False
516.8,6615,t6615,120,75.0,95,3,1,0.6483617867371244,False,8.901530996791946,1.1692582908155955,True,False
517.11,6618,t6618,270,1000.0,67,0,2,0.6589815005967685,False,225.76666619548922,2.616791652305103,False,False
517.44,6620,t6620,270,200.0,66,8,4,0.640299579565696,True,55.886658047552906,2.9337930273174044,True,False
517.66,6621,t6621,170,100.0,72,9,2,0.6479593218932036,True,17.32987430621887,1.5343096682027977,True,False
517.68,6622,t6622,220,900.0,82,3,1,0.6448027328205638,False,226.18074444754927,2.379893413696373,False,False
517.86,6623,t6623,270,200.0,69,5,6,0.6510183933568033,True,55.409690960941056,2.4475420129616587,True,False
517.92,6625,t6625,120,75.0,26,3,6,0.6539858129658352,True,10.280714634850113,1.1060592007537138,True,False
517.92,6624,t6624,220,150.0,74,9,4,0.6483566529681322,True,33.53870063973358,2.1037058130492543,True,False
518.05,6626,t6626,80,50.0,88,2,4,0.6443807432973631,True,4.101170092707949,0.7799057354890881,True,False
518.09,6627,t6627,80,50.0,23,2,5,0.6402366169707358,True,3.4157022117837617,0.7818288724652613,True,False
518.14,6628,t6628,300,250.0,91,4,1,0.6661837028273278,True,74.3713671985148,2.9247828695214557,True,False
518.16,6629,t6629,220,150.0,33,3,1,0.6413148599823343,False,38.490948574987044,2.2150046070229608,False,False
518.25,6630,t6630,270,900.0,49,4,2,0.647653383645555,False,235.32285772280312,2.45569144635339,False,False
518.31,6631,t6631,270,200.0,38,3,6,0.6564882785247005,False,48.63846166544683,2.473178524388271,False,False
518.33,6632,t6632,300,250.0,30,8,5,0.6375997038342839,False,62.75264525701798,3.0208149178693944,False,False
518.43,6633,t6633,170,100.0,65,3,5,0.6438740876966632,True,19.51503964330957,1.7324607809629016,True,False
518.58,6634,t6634,170,500.0,86,9,2,0.650302596993801,True,76.95988917466104,1.8488548870790213,True,False
518.85,6636,t6636,120,75.0,70,10,1,0.659110924892468,True,10.767411938393314,1.174676694075758,True,False
518.98,6637,t6637,170,100.0,42,8,4,0.6429242546410489,True,20.106085807434514,1.6576471955595038,True,False
519.23,6639,t6639,120,75.0,37,4,1,0.668442210588963,True,8.521047086966446,1.1177952176472703,True,False
519.28,6641,t6641,170,100.0,36,5,8,0.6602593211529008,False,17.54404972166265,1.617726673914695,True,False
519.37,6642,t6642,170,100.0,60,9,10,0.6516574965412882,True,19.973245107691138,1.6109129467374204,True,False
519.42,6643,t6643,170,700.0,55,7,8,0.6406260644527721,False,95.23473183542173,1.6409456538053688,False,False
519.54,6646,t6646,270,1000.0,93,4,10,0.647354532340001,False,274.2293986532292,2.730614162907034,False,False
519.55,6647,t6647,120,75.0,24,10,6,0.6442831331489508,True,10.259000161813312,1.1552890334788397,True,False
519.56,6648,t6648,120,75.0,27,9,2,0.6525990065923866,True,10.149274133606118,1.2535251168294255,True,False
519.74,6649,t6649,170,100.0,55,0,6,0.654922073750586,True,14.86208574745062,1.5711430617786557,True,False
519.87,6650,t6650,270,900.0,36,8,2,0.6492218568189655,False,231.71290161484282,2.7395187916948522,False,False
519.94,6651,t6651,120,75.0,62,3,5,0.6465787877609118,True,7.6457415224062295,1.2251504112643865,True,False
519.95,6652,t6652,220,700.0,58,8,2,0.6454940863492528,False,133.21097073062282,2.4049156690510634,False,False
519.96,6653,t6653,220,150.0,38,10,4,0.6530699675707561,True,31.372003341897802,2.381741931174876,True,False
520.26,6654,t6654,220,150.0,80,3,5,0.6492293938238755,True,36.19829155414087,2.1458321049663214,True,False
520.41,6657,t6657,170,100.0,70,5,1,0.6414341142573617,True,19.208630694613433,1.6770929748429977,True,False
520.45,6658,t6658,270,200.0,42,4,5,0.6727597413208493,False,49.90677490048161,2.449086090686702,False,False
520.46,6659,t6659,220,150.0,63,10,1,0.6612311679330802,True,31.27783410488685,2.177158976601588,True,False
520.79,6660,t6660,80,50.0,84,10,6,0.6468281371526384,True,4.350487892362172,0.7233527077385299,True,False
520.84,6661,t6661,300,1000.0,26,8,10,0.6373574010206613,False,327.5452603526596,3.217883527423564,False,False
520.89,6662,t6662,300,250.0,41,4,1,0.6706555481953657,False,88.20121643065006,3.253442247042879,False,False
520.92,6663,t6663,170,100.0,38,5,8,0.6564623165480247,True,15.337075831406512,1.5764964627125444,True,False
520.95,6664,t6664,120,75.0,62,6,10,0.6273824872072281,True,9.7793700490865,1.1548244024315075,True,False
521.08,6666,t6666,170,700.0,54,1,5,0.6405208141676028,False,96.62246357893969,1.5706943335628119,False,False
521.28,6669,t6669,120,75.0,71,0,2,0.655210052403015,True,9.382295628424034,1.2963937245653419,True,False
521.31,6671,t6671,120,75.0,38,1,8,0.6090964631325602,True,10.035565555239048,1.247265186177269,True,False
521.31,6670,t6670,170,100.0,23,0,2,0.6576880331731365,True,19.716767615595174,1.7274440524054893,True,False
521.35,6672,t6672,220,150.0,56,6,8,0.6410380817232992,True,33.778789512715214,2.16053658253862,True,False
521.44,6673,t6673,170,100.0,91,10,4,0.6554392348860075,True,19.856066621021398,1.6961109156393626,True,False
521.44,6674,t6674,170,100.0,95,8,2,0.6418408712889344,True,13.627896204100706,1.8641853291322275,True,False
521.46,6676,t6676,80,50.0,32,9,4,0.6508201865754362,True,4.588318698445203,0.7610284294825984,True,False
521.49,6678,t6678,270,200.0,62,9,2,0.6548494879990003,True,55.163961818165944,2.7020819415627564,True,False
521.52,6679,t6679,220,700.0,86,10,6,0.6493222410762524,False,135.3177792981253,2.1378734751407635,False,False
521.56,6680,t6680,220,150.0,79,1,5,0.6369670645509175,True,30.899969706874916,2.0181161655500386,True,False
521.57,6681,t6681,300,1200.0,33,5,1,0.6440360986388812,False,326.9415467799565,2.7634980085783134,False,False
521.59,6682,t6682,170,100.0,67,4,1,0.6666506190496401,True,16.721831754405386,1.7994554621654664,True,False
521.62,6683,t6683,80,50.0,59,2,1,0.6274848642927185,True,4.527784687426731,0.7326937470195105,True,False
521.65,6684,t6684,220,150.0,96,3,1,0.6378967446008695,True,30.647100444857767,2.062612831609355,True,False
521.83,6685,t6685,270,200.0,42,7,5,0.6635171042450126,False,60.26469358236394,2.940697736644639,False,False
521.86,6686,t6686,220,900.0,84,10,4,0.6577611168549541,False,197.4612588817317,2.169537793428323,False,False
521.97,6687,t6687,170,100.0,29,7,5,0.6596549439782943,True,16.742806169542117,1.6593045172215635,True,False
522.06,6688,t6688,170,100.0,38,4,1,0.6688997884868292,True,15.273704579123574,1.6806506363202232,True,False
522.28,6689,t6689,270,200.0,67,1,8,0.6122169954083705,True,55.62378272232269,2.6089377500804454,True,False
522.29,6690,t6690,120,75.0,89,9,4,0.6532344495105941,True,9.172836851250876,1.2614846685682246,True,False
522.53,6691,t6691,270,200.0,34,3,1,0.6407209915270339,False,58.52746931909327,2.742554259724916,False,False
522.55,6692,t6692,270,200.0,26,10,6,0.6455924629213939,False,54.80203701626749,2.4430036280038925,False,False
522.59,6693,t6693,170,500.0,49,10,2,0.6422049640531657,False,72.69858333332269,1.7392523047405812,False,False
522.73,6695,t6695,170,100.0,85,8,4,0.6454964362148945,True,14.57813868624226,1.8088309345742206,True,False
522.75,6696,t6696,270,200.0,77,3,5,0.6518269877655797,True,50.71643579554814,2.552417639019974,True,False
522.89,6697,t6697,170,700.0,63,2,4,0.6470753102495976,False,114.30854208744634,1.6341528230252922,False,False
523.01,6698,t6698,80,50.0,48,10,4,0.6538625611845217,True,3.3128224957203702,0.8779863132291864,True,False
523.02,6699,t6699,270,200.0,27,5,8,0.6589152520352459,False,59.84390094829039,2.6452080893436736,False,False
523.06,6700,t6700,270,900.0,57,2,4,0.6435419858627874,False,276.43685102937644,2.963623663373995,False,False
523.08,6701,t6701,220,150.0,62,10,6,0.6419372803296327,True,27.9782321349442,2.085373785329112,True,False
523.33,6702,t6702,220,900.0,85,5,6,0.6535802073078492,False,209.9476367278744,1.99552357286975,False,False
523.42,6703,t6703,300,250.0,96,9,4,0.6556004271870489,False,64.19880638670365,2.9085914448524783,True,False
523.64,6705,t6705,220,900.0,81,9,10,0.6542065284286444,False,168.38765705369516,2.3047390124237,False,False
523.71,6706,t6706,80,50.0,50,7,8,0.6372217249818986,True,4.537415194393827,0.8749101545897215,True,False
523.93,6707,t6707,220,150.0,61,4,5,0.6687127283126141,True,31.506519623144733,2.146870766301154,True,False
523.97,6708,t6708,120,75.0,62,3,6,0.6527666947723882,True,9.33639630934072,1.3087880488150598,True,False
524.37,6710,t6710,80,50.0,66,5,1,0.6404120433327702,True,4.34788069637001,0.777954486985325,True,False
524.55,6711,t6711,270,900.0,78,2,4,0.6400793279637135,False,230.86795512158855,2.821275916213641,False,False
524.64,6712,t6712,270,200.0,56,9,4,0.6517450853099745,True,52.38411530983394,2.503070565134901,True,False
524.78,6713,t6713,170,500.0,91,9,2,0.657054959777482,True,83.4976593611251,1.541720543453227,True,False
524.79,6714,t6714,220,150.0,70,4,5,0.6709206555645436,True,35.43470944884879,2.0105436188189936,True,False
524.83,6715,t6715,170,100.0,65,2,1,0.630517348825046,True,13.624685818862442,1.7552682601879226,True,False
524.86,6716,t6716,300,250.0,96,10,1,0.6633090061128801,True,82.29895645524721,3.185130263019202,True,False
524.99,6717,t6717,270,200.0,36,10,6,0.6445292013897067,False,60.304888731728084,2.7191906159216366,False,False
525.0,6718,t6718,270,900.0,98,6,1,0.6573472227665481,False,237.45570423890592,2.9412821030229037,False,False
525.06,6719,t6719,120,75.0,34,9,2,0.6592163221203937,True,7.388316956832921,1.2889715081567183,True,False
525.07,6720,t6720,120,75.0,88,1,8,0.6152751170386646,True,7.8056576302799865,1.081319386108971,True,False
525.13,6721,t6721,300,250.0,58,0,2,0.6601164543278556,False,74.63153766024163,3.0789918955624502,False,False
525.23,6723,t6723,80,50.0,35,7,8,0.6400594723004424,True,3.6372295785522923,0.7267706023410522,True,False
525.25,6724,t6724,270,200.0,73,0,2,0.6563223070594802,True,53.135769846422896,2.459925603208397,True,False
525.58,6725,t6725,80,50.0,66,1,6,0.6380816436763116,True,4.331359821112136,0.8157390319474788,True,False
525.59,6726,t6726,170,100.0,40,9,2,0.6613344572164475,True,18.70949692607492,1.8099168094958396,True,False
525.6,6727,t6727,300,250.0,70,5,6,0.649916784979874,False,81.92170274199543,2.831921260788246,False,False
525.63,6728,t6728,220,150.0,60,2,4,0.6366859232226211,True,30.18446007426234,2.174013663250399,True,False
525.66,6729,t6729,300,250.0,34,0,6,0.657254298942241,False,87.20853929825583,3.1277480068910104,False,False
525.85,6730,t6730,220,150.0,72,10,1,0.665345287529084,True,31.699620636502015,2.2137161438461135,True,False
526.08,6733,t6733,80,50.0,52,2,5,0.6430140664495029,True,4.108803720890907,0.7413623225590147,True,False
526.1,6734,t6734,220,150.0,96,6,10,0.6302655041297502,True,31.634820769413345,2.322966890544454,True,False
526.15,6735,t6735,220,150.0,99,3,1,0.637314753514675,True,33.34372419313813,2.0573318585202047,True,False
526.42,6739,t6739,120,75.0,68,7,4,0.6425070212878441,True,8.768979899188993,1.2966968137551154,True,False
526.44,6740,t6740,270,200.0,74,1,8,0.6182720762363529,True,56.171489376761706,2.489755812562579,True,False
526.55,6741,t6741,300,1000.0,62,4,8,0.6458784034500276,False,318.0285551796467,3.192999706474905,False,False
526.57,6742,t6742,270,200.0,92,10,8,0.6413801736744473,True,53.01682814642678,2.645132013715141,True,False
526.63,6743,t6743,170,500.0,60,7,8,0.6428404646726154,False,94.27769023910105,1.7544103058330365,False,False
526.87,6744,t6744,270,200.0,63,9,10,0.6505305796782532,True,60.50020753427576,2.6276979692660736,True,False
526.94,6745,t6745,300,250.0,29,4,5,0.6730844242714346,False,89.51357853504732,2.8220328097118266,False,False
527.16,6746,t6746,300,1200.0,83,3,1,0.6401506402625633,False,373.42843664258083,3.1709658400137384,False,False
527.18,6747,t6747,300,250.0,65,1,5,0.6396583899265657,False,83.43443939365451,3.1187729462387863,False,False
527.43,6749,t6749,270,200.0,96,10,1,0.6673408433169639,True,56.164743641960214,2.716737615508722,True,False
527.49,6750,t6750,170,500.0,72,5,8,0.6551451288127229,False,100.63270044076076,1.7916630130859523,False,False
527.53,6751,t6751,270,200.0,76,7,4,0.645239062680269,True,60.011394178875136,2.900502073688249,True,False
527.55,6752,t6752,80,50.0,53,2,4,0.6395343865763504,True,3.892338855155767,0.8319550055581874,True,False
527.6,6753,t6753,270,200.0,24,0,2,0.6587780427364726,False,53.98882026818674,2.8096583707565927,False,False
527.61,6754,t6754,220,150.0,57,9,4,0.6541408502704418,True,27.95606257942714,2.230620393580794,True,False
527.62,6755,t6755,270,200.0,43,5,1,0.6430344691327815,False,48.05682199195813,2.6563861582856516,False,False
527.63,6756,t6756,300,1000.0,97,6,1,0.6534569449778839,False,270.44707741297435,3.18201041918707,False,False
527.84,6757,t6757,120,75.0,27,9,10,0.6531021499028701,True,10.664489377062111,1.1486927989330558,True,False
527.95,6758,t6758,220,150.0,57,1,5,0.636121888794701,False,37.00415493309476,2.3618955690830017,True,False
527.96,6759,t6759,300,250.0,94,0,2,0.6550106636999248,True,72.49322275859957,3.000299524299466,True,False
528.01,6760,t6760,170,100.0,77,4,5,0.6690309176041876,True,18.55596747733899,1.809379810136341,True,False
528.02,6761,t6761,220,150.0,57,3,1,0.6367558092754939,True,32.42265005229263,2.3302775526292856,True,False
528.09,6762,t6762,270,200.0,41,2,4,0.6423258806630053,False,54.98079847508824,2.6459037190734263,False,False
528.11,6763,t6763,120,75.0,44,0,4,0.6544590108042571,True,9.193303636923323,1.1595718709956224,True,False
528.15,6764,t6764,270,200.0,77,10,4,0.656215976627498,True,53.85610379286622,2.517386946575073,True,False
528.17,6765,t6765,270,1000.0,53,5,8,0.6514504080546503,False,236.37863391455681,2.6177253837493084,False,False
528.78,6768,t6768,300,250.0,48,1,6,0.6407506774694521,False,68.86393179878887,3.0696529830964767,False,False
528.81,6769,t6769,120,75.0,43,4,5,0.6712324810702858,True,8.700449170318302,1.1025116948197493,True,False
528.83,6770,t6770,220,700.0,70,8,1,0.6358491075108279,False,150.6124347854032,2.087508855340605,False,False
528.86,6771,t6771,80,50.0,43,8,4,0.6480171741572632,True,4.382552171662868,0.8256776222805094,True,False
529.13,6772,t6772,300,250.0,80,9,10,0.6556222887229944,True,65.82184095937212,2.8052510124340424,True,False
529.15,6773,t6773,220,150.0,79,0,2,0.6574926322441081,True,37.45050561861355,2.117463640013316,True,False
529.3,6774,t6774,220,700.0,73,6,10,0.6330908607138219,False,175.8561544594811,2.1084101561885773,False,False
529.33,6775,t6775,270,200.0,90,10,4,0.6585223237616147,True,50.84320307880672,2.8180285009448407,True,False
529.5,6778,t6778,270,900.0,34,8,5,0.63425589157578,False,289.352535590671,2.5043794537629305,False,False
529.57,6779,t6779,80,50.0,97,0,2,0.6599249614174078,True,3.3598816594216183,0.7261845601122308,True,False
529.62,6780,t6780,270,200.0,95,0,4,0.6568004972548386,True,53.30234245889288,2.69377242826744,True,False
529.63,6781,t6781,220,900.0,31,2,4,0.638887544867927,False,189.3853901223711,2.3139027065678115,False,False
529.66,6782,t6782,170,100.0,97,7,4,0.6479164632448454,True,13.654817310551952,1.5490445070526164,True,False
530.22,6784,t6784,170,100.0,72,3,5,0.6543726298284499,True,19.0514439715789,1.6739930025846588,True,False
530.22,6785,t6785,300,250.0,54,1,6,0.6371923305867296,False,72.55488802957841,2.7881830023865843,False,False
530.3,6786,t6786,220,150.0,42,3,6,0.6552935426951223,True,28.228947332905655,2.3484319680126267,True,False
530.47,6787,t6787,120,75.0,35,5,8,0.647829581711739,True,7.528098733286149,1.2770355948046097,True,False
530.59,6788,t6788,300,250.0,78,3,5,0.6568673590500628,False,79.87280182411448,2.7107191789559995,False,False
530.69,6789,t6789,300,250.0,53,6,1,0.6496444727449929,False,78.63984362683321,3.2641479680298424,False,False
530.76,6790,t6790,170,700.0,79,8,4,0.6504874973407847,False,138.83774504471086,1.8276867136799042,False,False
530.77,6791,t6791,80,50.0,89,10,1,0.6692964879890861,True,4.363429104447103,0.7289446108038016,True,False
530.78,6792,t6792,120,75.0,37,2,1,0.6334891836667268,True,7.596590455981336,1.3166523299287638,True,False
530.85,6793,t6793,170,100.0,32,6,10,0.6296857101662121,True,17.362841875690204,1.6078159104042578,True,False
530.98,6794,t6794,170,500.0,49,1,5,0.6326561176854737,False,101.08350594929624,1.6038730947981013,False,False
531.1,6795,t6795,120,75.0,96,0,2,0.6623086440072415,True,10.624959948975885,1.180148172134647,True,False
531.26,6796,t6796,120,75.0,90,0,2,0.6646446529452784,True,8.371369169131118,1.2499827695892003,True,False
531.26,6797,t6797,220,150.0,96,3,6,0.6577698536594017,True,32.42239092947983,2.31282680120573,True,False
531.38,6798,t6798,270,900.0,68,6,1,0.6459082499567597,False,253.70495549608887,2.889329514393061,False,False
531.45,6800,t6800,220,150.0,82,6,8,0.643799501907015,True,33.42665986041705,2.1547310291919475,True,False
531.54,6802,t6802,270,200.0,73,6,10,0.6325226626295546,True,50.855082858929016,2.667974871528658,True,False
531.57,6803,t6803,270,900.0,91,6,1,0.6422467516242911,False,257.2083348844254,2.515816525632684,False,False
531.61,6804,t6804,300,1200.0,66,1,8,0.6212090962500874,False,307.0607497291921,3.0689086613299383,False,False
531.64,6805,t6805,170,100.0,62,8,4,0.6467344140606356,True,18.231307481223695,1.5895477170312207,True,False
531.72,6807,t6807,80,50.0,82,10,1,0.6712130197677659,True,4.605737455877473,0.8619738575251632,True,False
531.75,6808,t6808,220,150.0,65,6,1,0.638658483258472,True,34.639901539173934,2.377319461465816,True,False
531.86,6810,t6810,120,75.0,49,3,6,0.6601966384043955,True,10.061637800702998,1.1004477061426594,True,False
531.97,6811,t6811,170,700.0,65,5,6,0.6463266310984582,False,106.39087895891954,1.6221566740898834,False,False
532.06,6813,t6813,80,50.0,28,7,4,0.6505403157981303,True,4.495438660720724,0.7674642161134164,True,False
532.15,6814,t6814,220,150.0,46,6,8,0.6465056936870566,True,30.2121592512167,2.291171836412136,True,False
532.29,6815,t6815,300,1200.0,52,7,5,0.6620440269169102,False,329.3425203658628,2.818696230286326,False,False
532.49,6816,t6816,80,50.0,98,1,5,0.6292596619984309,True,3.921929689838426,0.7559534065059087,True,False
532.78,6817,t6817,220,150.0,22,8,4,0.6492303924460896,False,38.9490508555636,2.1885575113774425,False,False
532.8,6818,t6818,170,100.0,68,3,6,0.6625748874544893,True,14.132603856172363,1.8044828016030567,True,False
532.92,6820,t6820,270,1000.0,34,10,8,0.6441347520191402,False,228.3509911992436,2.4748156638515755,False,False
533.01,6821,t6821,300,250.0,57,10,6,0.6408952840285792,False,70.44566084514513,2.76269317572549,False,False
533.04,6822,t6822,80,50.0,71,0,2,0.6669339417045547,True,4.358122427976062,0.8493120538459069,True,False
533.08,6823,t6823,170,100.0,97,7,4,0.6531116913003495,True,15.449698913536674,1.6532272790949958,True,False
533.09,6824,t6824,270,1000.0,98,5,1,0.6394304464167926,False,318.73249039986484,2.5439399409112102,False,False
533.14,6825,t6825,170,100.0,74,7,8,0.6393918371973449,True,13.818349688093903,1.7111103572568687,True,False
533.2,6826,t6826,80,50.0,72,7,4,0.6556316392925244,True,4.255629398806931,0.7677173745456153,True,False
533.27,6827,t6827,120,75.0,22,3,5,0.6531381936872432,True,8.793301388904998,1.267035201919246,True,False
533.35,6828,t6828,220,900.0,71,2,1,0.6364015818115741,False,171.86931701322237,2.4049052551404544,False,False
533.59,6829,t6829,170,100.0,37,10,1,0.6730912209108721,True,19.615028969269808,1.60663320577784,True,False
533.78,6830,t6830,220,150.0,93,3,6,0.6649055715235813,True,26.63639939440796,2.219845860920678,True,False
533.82,6831,t6831,80,50.0,53,6,1,0.6413159802599692,True,3.9804205923131395,0.8670853388372319,True,False
533.91,6832,t6832,270,900.0,84,3,1,0.6396028749081658,False,224.60181143965474,2.4341379107050147,False,False
534.01,6834,t6834,220,150.0,40,0,4,0.6590951539764085,True,35.57283449903979,2.2680830031223187,True,False
534.03,6835,t6835,80,50.0,64,8,4,0.6455024512638344,True,4.163090338958954,0.8657483604580197,True,False
534.06,6836,t6836,220,150.0,36,1,5,0.6321051354251289,False,39.11366956445659,2.2999433259063715,False,False
534.07,6837,t6837,300,250.0,92,0,2,0.6691774446886455,True,68.7087555433346,3.195520288344688,True,False
534.21,6838,t6838,170,100.0,97,6,10,0.6353028760436301,True,15.640708885091737,1.7988869687814202,True,False
534.41,6839,t6839,170,700.0,65,6,8,0.6491577616314973,False,137.83531318999175,1.540266267355048,False,False
534.44,6840,t6840,300,250.0,84,7,5,0.6582113281967538,True,60.947602111383645,2.819645947598619,True,False
534.57,6841,t6841,80,50.0,51,6,8,0.6455827882170492,True,3.80479548485908,0.8538873172810038,True,False
534.65,6842,t6842,170,100.0,34,7,8,0.6421861822715799,True,18.112444923857375,1.7044647333573197,True,False
534.87,6843,t6843,220,150.0,43,7,8,0.64492464044433,True,39.2011298563661,2.249579965222206,True,False
534.88,6844,t6844,170,500.0,96,10,4,0.660782543953049,False,98.21755181593055,1.7927967046744493,False,False
534.96,6845,t6845,270,200.0,75,6,10,0.6380274851894242,True,56.73337226916973,2.513817098232785,True,False
534.99,6846,t6846,170,500.0,80,5,10,0.6385678042559068,False,98.27325185027124,1.8438735691055812,False,False
535.02,6847,t6847,300,250.0,62,1,6,0.6337051506416618,False,76.70979928054003,3.0301083075442277,False,False
535.03,6848,t6848,270,1000.0,29,5,6,0.642808280294671,False,282.1884866687166,2.51931970222441,False,False
535.06,6849,t6849,120,75.0,25,5,6,0.6393602965069594,True,9.962723417969658,1.1542485864983265,True,False
535.28,6850,t6850,80,50.0,70,2,4,0.6355179757887502,True,3.9726781373666595,0.8262783508925736,True,False
535.35,6851,t6851,300,1000.0,76,10,8,0.6406602387969392,False,359.0298956850528,2.9030307837836657,False,False
535.48,6853,t6853,270,1000.0,79,5,8,0.650455171895686,False,250.88961998616762,2.679406130364543,False,False
535.55,6854,t6854,220,150.0,23,10,4,0.6568235597406548,False,30.715361324021142,2.3250037811197486,False,False
535.56,6855,t6855,120,75.0,69,9,4,0.6564886999316996,True,10.465097371319676,1.1345305079458945,True,False
535.58,6856,t6856,220,150.0,90,9,4,0.6587895925997324,True,36.31180243170139,2.2184978087595777,True,False
535.63,6857,t6857,300,250.0,92,6,10,0.6406976021523024,True,64.24001037342381,2.739808322510891,True,False
535.67,6858,t6858,270,200.0,84,3,1,0.6362189992281844,True,58.901730645796974,2.8157267211110253,True,False
535.72,6859,t6859,300,250.0,67,3,1,0.6390768010618025,False,75.16930524075438,3.176818737188614,False,False
535.73,6860,t6860,300,250.0,82,8,10,0.6340184348184299,True,81.75337276100029,2.708773977530731,True,False
535.75,6861,t6861,220,900.0,38,10,4,0.6529437552125082,False,232.522427417144,2.2036689106699012,False,False
535.8,6862,t6862,80,50.0,24,1,8,0.6179133758635471,True,4.1035658778849715,0.7934853547729621,True,False
536.19,6864,t6864,300,250.0,51,9,10,0.6580920247667164,False,76.28720488827835,2.8455850637799744,False,False
536.26,6865,t6865,270,200.0,32,2,5,0.6457359669386946,False,61.23231624210455,2.680404023067266,False,False
536.38,6866,t6866,220,150.0,64,0,1,0.6635255970342816,True,38.77889083247422,2.0765468898137995,True,False
536.39,6867,t6867,120,75.0,41,3,6,0.6671896419112916,True,7.2973332714172185,1.1492361845620418,True,False
536.55,6868,t6868,270,200.0,62,1,8,0.6208575698847376,True,43.985920302627726,2.9581366355960856,True,False
536.61,6869,t6869,220,150.0,67,4,1,0.6711039745352744,True,37.416655236606864,2.0412016141024067,True,False
536.8,6870,t6870,80,50.0,22,9,2,0.6634102296105802,True,4.652147848255816,0.7220385612527016,True,False
536.94,6871,t6871,220,900.0,32,8,2,0.6444347205298224,False,170.25200391993073,2.082271705646397,False,False
536.95,6872,t6872,220,150.0,52,6,10,0.6433143167759231,True,30.274804544587138,2.029572070699853,True,False
537.11,6874,t6874,80,50.0,41,0,4,0.661343917563547,True,3.3697967807199105,0.7405225792817607,True,False
537.21,6875,t6875,270,1000.0,99,1,6,0.6302877142954952,False,246.083736678309,2.62708389300816,False,False
537.39,6876,t6876,170,100.0,27,10,1,0.6749318580311163,True,15.541404496194577,1.5595117256765874,True,False
537.58,6877,t6877,220,700.0,27,10,4,0.6491415467749247,False,169.78024763922215,2.0174272379886604,False,False
537.73,6878,t6878,120,75.0,67,0,1,0.6658372669117778,True,8.133424714901048,1.158256428461294,True,False
537.8,6879,t6879,220,150.0,25,9,10,0.6543383660895637,False,34.27722625795828,2.23484527105791,False,False
537.88,6880,t6880,300,250.0,62,10,7,0.6399907093048324,True,78.79671504336571,3.103686952219135,True,True
537.98,6883,t6883,120,75.0,47,8,2,0.6408026927858926,False,8.744983774407288,1.145859837639106,True,False
537.99,6884,t6884,120,75.0,63,0,2,0.6713760776130544,True,8.381844009984729,1.2603640812056687,True,False
538.01,6885,t6885,170,100.0,35,5,6,0.642155272395002,True,18.64248779302584,1.8242631711265962,True,False
538.02,6887,t6887,220,150.0,63,0,2,0.6735307378789751,True,38.7787685291287,2.363400083957368,True,False
538.02,6886,t6886,300,1200.0,46,9,2,0.6654444865568301,False,381.16496021592224,2.82672472604861,False,False
538.12,6888,t6888,170,100.0,41,7,4,0.6581011883248558,True,18.11875538709838,1.764754515007676,True,False
538.13,6889,t6889,170,100.0,57,1,6,0.6269386266762519,True,19.24539855697696,1.604383791205172,True,False
538.16,6890,t6890,270,1000.0,71,1,8,0.6237428800255045,False,296.8890374680714,2.9067878136028984,False,False
538.33,6894,t6894,300,250.0,27,8,4,0.6480230689052245,False,85.42768214049713,3.1712117768482044,False,False
538.42,6896,t6896,270,200.0,78,3,5,0.6556576116316802,True,64.01064043634015,2.5168685668538786,True,False
538.44,6897,t6897,300,250.0,95,8,4,0.6443192741937867,True,61.843097980655344,2.87919224232873,True,False
538.64,6899,t6899,300,250.0,21,8,2,0.6372433055968415,False,64.02361692342417,3.2089777232434176,False,False
538.65,6901,t6901,220,700.0,75,4,6,0.6452529209696624,False,131.85651043932253,2.095943032215758,False,False
538.65,6900,t6900,120,75.0,82,4,5,0.6733900132670619,True,7.355760816596011,1.1108568565718566,True,False
538.65,6902,t6902,170,100.0,34,1,5,0.6287196993832931,True,15.372965866310762,1.8081945054388928,True,False
538.69,6903,t6903,300,1200.0,33,3,5,0.6581266412172284,False,397.86229264375106,3.180841161561733,False,False
538.78,6904,t6904,270,200.0,69,9,4,0.6610444674144044,True,58.87592857792131,2.9657807550153805,True,False
539.07,6906,t6906,220,700.0,61,1,5,0.6315759720622939,False,181.895604798829,2.3199658872203264,False,False
539.16,6907,t6907,220,150.0,94,8,10,0.6369202479402432,True,36.32124141063702,2.180227729405678,True,False
539.18,6908,t6908,120,75.0,60,6,8,0.64825331427089,True,7.200561253169776,1.0861767594551937,True,False
539.31,6909,t6909,120,75.0,59,5,4,0.6366309326442308,True,8.95382652095698,1.1014072643484112,True,False
539.32,6911,t6911,80,50.0,27,8,2,0.6337551061515713,True,3.391689678112411,0.8426004555732741,True,False
539.38,6912,t6912,170,100.0,62,5,6,0.6448943487652837,True,18.924929347554524,1.5593772764752116,True,False
539.47,6913,t6913,170,100.0,63,6,10,0.6458786971070712,False,15.1760704692989,1.7188229838618332,True,False
539.48,6914,t6914,270,200.0,68,1,8,0.6203964839634559,True,53.280095726896924,2.5550913944562392,True,False
539.53,6915,t6915,170,500.0,57,0,4,0.6635477058789427,False,75.8911838916904,1.5861277947208081,False,False
539.54,6916,t6916,220,150.0,95,6,1,0.6439203273214366,True,30.694686837594826,2.369348251113153,True,False
539.65,6918,t6918,300,250.0,76,5,4,0.6394804958095279,False,89.3058884012329,3.006530001001974,False,False
539.69,6919,t6919,80,50.0,85,2,5,0.6422294294181025,True,3.6601853768051402,0.7597870793759832,True,False
539.8,6920,t6920,220,900.0,59,1,5,0.6282011192877147,False,172.38460946728435,2.04111069283372,False,False
539.8,6921,t6921,170,500.0,35,2,1,0.6330817319935245,False,90.21438408410387,1.7750787038153586,False,False
539.81,6922,t6922,120,75.0,28,6,10,0.6422177898315965,True,8.298933223659692,1.1517363548947144,True,False
539.98,6923,t6923,170,100.0,51,9,2,0.6612640583641549,True,15.427430961495398,1.7074911276393352,True,False
540.27,6925,t6925,220,150.0,94,2,4,0.6383897980911571,True,30.424864573061228,2.0937295404762257,True,False
540.4,6926,t6926,300,250.0,31,3,1,0.6357034468587482,False,65.57540558766145,2.7367083375053336,False,False
540.5,6929,t6929,300,250.0,60,4,1,0.6732640768627507,False,75.28406490062282,2.884301861012741,False,False
540.5,6928,t6928,270,200.0,39,1,8,0.6232910158226483,False,61.445576069465815,2.76104100352365,False,False
540.5,6927,t6927,170,100.0,81,6,1,0.6464725874416745,True,13.744341212374188,1.6230689210291491,True,False
540.54,6930,t6930,270,200.0,88,10,1,0.6767356824089554,True,59.34940686149982,2.9611580492125418,True,False
540.76,6931,t6931,120,75.0,42,1,5,0.624893763568627,True,7.545743532948692,1.2078412652463566,True,False
540.88,6932,t6932,270,200.0,29,2,1,0.6298282791718358,False,63.527913075029055,2.477630423799156,False,False
540.99,6934,t6934,80,50.0,67,6,1,0.6489738023595076,True,3.3280736263329667,0.7417780605636272,True,False
540.99,6933,t6933,170,500.0,69,8,2,0.6365106706952065,False,96.9221016842437,1.7116370811347803,False,False
541.07,6935,t6935,220,150.0,29,7,4,0.6605213463765404,False,39.23836062993529,2.1609486023898623,False,False
541.16,6936,t6936,220,150.0,93,7,5,0.6606292834510005,True,31.611257678629705,2.023991479952132,True,False
541.32,6939,t6939,170,100.0,81,10,1,0.6785034302992379,True,19.82260674066896,1.5323756726660933,True,False
541.61,6940,t6940,170,100.0,85,4,2,0.6441084977908257,True,17.27086427389539,1.7408118745672907,True,False
541.7,6942,t6942,300,250.0,44,10,4,0.645415382506093,False,87.49943499702484,2.983774356937194,False,False
541.79,6945,t6945,170,700.0,37,10,1,0.6802358232317147,False,128.35800883448087,1.745076032794883,False,False
541.79,6946,t6946,300,250.0,40,3,6,0.6694280308912476,False,69.91486054777981,2.842020076093032,False,False
541.8,6947,t6947,270,1000.0,31,8,4,0.6468635553765776,False,261.9804064003086,2.4847465534216213,False,False
541.88,6948,t6948,300,250.0,55,3,6,0.6654476520916045,False,64.68992484748692,3.074764603728692,False,False
542.02,6950,t6950,300,250.0,36,0,4,0.6595334184280305,False,64.95924583218869,3.1255222912381235,False,False
542.06,6951,t6951,220,150.0,60,0,1,0.6681027033917241,True,28.044064251589564,2.0550740410996027,True,False
542.16,6952,t6952,270,1000.0,24,10,1,0.675759568305542,False,278.51039664432255,2.5000138937092657,False,False
542.36,6953,t6953,170,700.0,56,8,4,0.6431829509357126,False,102.23533743871734,1.5925860285750764,False,False
542.44,6954,t6954,270,1000.0,80,7,5,0.6629988796001623,False,296.10364548697487,2.560914487940756,False,False
542.48,6955,t6955,220,150.0,25,1,6,0.6298305208093936,False,34.65149417698638,1.9844588993035674,False,False
542.51,6956,t6956,270,200.0,39,5,6,0.64757864360816,False,55.83278467993712,2.6454093434954973,False,False
542.63,6957,t6957,220,150.0,84,9,2,0.6633412387353335,True,28.97367814606371,2.064580900725962,True,False
542.92,6958,t6958,270,200.0,72,6,10,0.6448041007016313,True,45.21056760103895,2.82186841553455,True,False
542.93,6959,t6959,270,200.0,27,9,4,0.6632542447327828,False,57.52913055652572,2.492666253815226,False,False
543.01,6961,t6961,300,1000.0,69,1,5,0.6278265549639211,False,282.8257022729302,2.798680309800131,False,False
543.06,6962,t6962,170,100.0,20,0,1,0.6703228311420714,True,15.529002863493313,1.6834806785681313,True,False
543.08,6963,t6963,300,1000.0,89,1,5,0.6245266905313094,False,311.61174454944654,2.8352219949268465,False,False
543.1,6964,t6964,170,500.0,76,6,10,0.6473386853542653,False,86.92067143272874,1.6950962375729095,False,False
543.12,6965,t6965,220,150.0,42,3,5,0.6543722902110657,True,35.33503256309107,2.0271517157390493,True,False
543.24,6967,t6967,120,75.0,85,0,2,0.6756423049395774,True,8.445279429474532,1.3003580618573771,True,False
543.36,6968,t6968,120,75.0,73,3,5,0.6568670262250261,True,10.715323904722156,1.247056931201592,True,False
543.47,6969,t6969,220,150.0,63,9,2,0.6653768754990883,True,34.61114320294516,2.284292516900653,True,False
543.72,6972,t6972,270,200.0,42,5,8,0.6468542502759541,False,54.447722384671295,2.9588320925724685,False,False
543.95,6973,t6973,170,700.0,28,10,4,0.6417637415226377,False,141.48638811471855,1.7277749250495498,False,False
543.99,6974,t6974,220,900.0,52,9,2,0.6673717995275681,False,160.280552749539,2.304371933490978,False,False
544.04,6975,t6975,300,250.0,52,10,7,0.6427730769369174,True,80.59677846870024,3.1571742997774233,True,True
544.08,6976,t6976,120,75.0,54,6,10,0.6436485783138467,True,8.266366503236881,1.160091945461098,True,False
544.1,6977,t6977,300,250.0,86,5,8,0.6433253470886169,False,78.51233021001724,2.9276380022687936,True,False
544.37,6978,t6978,270,900.0,80,2,1,0.6266398954065809,False,279.26069750275735,2.456673189697892,False,False
544.42,6979,t6979,220,700.0,30,3,6,0.6615468808679542,False,161.89865772189475,2.2393283927447647,False,False
544.8,6982,t6982,120,75.0,32,0,4,0.6555994167261366,True,10.044608226378099,1.295878389788564,True,False
544.86,6984,t6984,120,75.0,28,0,1,0.6724985563374118,True,8.198364522526074,1.1218670780892532,True,False
544.86,6983,t6983,220,700.0,25,9,2,0.6631528250754781,False,131.1354582745187,2.062971434177603,False,False
545.19,6985,t6985,220,150.0,93,8,2,0.6330371239479691,True,28.959004692702702,2.1139417072396327,True,False
545.31,6987,t6987,270,900.0,80,10,1,0.6713728384778925,False,215.82246552737146,2.4522304393163363,False,False
545.44,6989,t6989,170,100.0,93,7,4,0.6567191012671915,True,18.11806868060268,1.7581108826965581,True,False
545.56,6990,t6990,300,250.0,26,5,6,0.6440352525541785,False,71.27017393786167,2.779754075248907,False,False
545.57,6991,t6991,300,250.0,96,5,2,0.6364145363599262,True,64.02681091977088,3.2906971931971327,True,False
545.58,6992,t6992,220,150.0,45,10,7,0.645499797216361,True,33.936699653917174,2.0517634186359057,True,True
545.7,6993,t6993,300,250.0,99,9,10,0.6506597805859543,True,71.52260847007031,2.960621364830475,True,False
545.85,6994,t6994,120,75.0,68,5,6,0.6405627293212767,True,7.689385240967228,1.1790927949293553,True,False
545.92,6995,t6995,120,75.0,83,5,2,0.6392684274509096,True,8.766041093424167,1.1901553420223077,True,False
546.04,6997,t6997,270,200.0,39,5,8,0.6398670219650263,False,43.92502163372159,2.8102995508762803,False,False
546.08,6998,t6998,120,75.0,98,1,6,0.6264905770598723,True,9.3363636592137,1.2492027396050973,True,False
546.2,6999,t6999,300,250.0,72,2,4,0.6412041839475158,False,80.40229116257021,2.7908735262309126,False,False
546.23,7000,t7000,220,150.0,70,2,4,0.6377882820867472,True,32.330286988373174,2.3433597835598983,True,False
546.46,7001,t7001,270,200.0,65,1,6,0.6293914321853415,True,60.88122400363368,2.8730748129544206,True,False
546.61,7003,t7003,170,100.0,97,8,4,0.6395759585836651,True,16.682443373559984,1.7467188583304323,True,False
546.93,7006,t7006,220,700.0,61,3,6,0.6577241250687769,False,173.02801849212298,2.193146495615786,False,False
546.99,7007,t7007,220,150.0,98,1,8,0.6199536570446569,True,27.093405938773312,1.9869783977640343,True,False
547.01,7008,t7008,270,200.0,75,3,5,0.6593118675187075,True,61.79624355387849,2.9272333228751055,True,False
547.14,7010,t7010,170,100.0,89,2,4,0.6406146982631942,True,20.116343858080764,1.836225139303826,True,False
547.23,7011,t7011,270,200.0,54,4,5,0.6755043948199025,False,59.42419540099043,2.904624934863902,False,False
547.41,7012,t7012,170,700.0,94,8,2,0.6358070481356763,False,114.2630566207183,1.769328133469846,False,False
547.44,7013,t7013,170,100.0,28,8,10,0.63976402479962,True,20.396508099766127,1.6882626716129607,True,False
547.69,7015,t7015,300,250.0,56,9,2,0.6590182301124301,False,86.10266869118922,2.7739190839559646,False,False
547.71,7016,t7016,170,500.0,93,10,1,0.6670738432467964,True,77.94194320445239,1.6639406659006428,True,False
547.77,7017,t7017,170,700.0,46,7,5,0.6591470838263409,False,126.830657751217,1.5552311983810472,False,False
547.78,7018,t7018,220,150.0,57,1,8,0.6228570454422253,True,33.64752265361462,2.238426122346338,True,False
547.94,7019,t7019,300,250.0,66,4,5,0.6714024887416862,True,65.69936212054505,3.2930149625360494,True,False
548.02,7020,t7020,270,900.0,29,5,8,0.6364778633439075,False,244.58091362302466,2.9462868317800686,False,False
548.18,7021,t7021,170,500.0,63,6,8,0.650870429803654,False,74.33475481953595,1.6170800440860735,False,False
548.45,7023,t7023,220,150.0,29,4,2,0.6468085096531909,False,31.35595665719392,2.123280979270365,False,False
548.46,7024,t7024,270,200.0,95,6,1,0.6514249929789842,True,60.39448197084112,2.49313084649647,True,False
548.48,7025,t7025,80,50.0,64,4,5,0.6735566207850343,True,4.400718467640296,0.7833176467388887,True,False
548.75,7028,t7028,300,250.0,54,2,4,0.6433845861161122,False,64.35421997512029,2.8234863279693925,False,False
548.82,7030,t7030,300,250.0,51,8,2,0.6323475738396295,False,65.83958487336713,2.9040664818478517,False,False
548.84,7031,t7031,270,200.0,52,4,5,0.6756676701875155,False,51.670686101730126,2.9137710510190984,True,False
549.03,7032,t7032,300,250.0,69,3,6,0.6539778243855832,False,87.63396807756004,2.7753297603467186,False,False
549.06,7033,t7033,120,75.0,97,10,7,0.6481719830902156,True,8.679401047608145,1.2776718301081516,True,True
549.26,7034,t7034,270,200.0,61,2,9,0.6245548112359682,False,121.90030868987554,5.047707380688252,False,True
549.66,7036,t7036,80,50.0,61,5,4,0.6360990677115191,True,4.231720593268266,0.7542391282245022,True,False
549.69,7037,t7037,80,50.0,26,7,8,0.6476083294536252,True,3.5575171234807743,0.8487082684839753,True,False
549.8,7038,t7038,270,200.0,76,9,10,0.6532287667924171,True,61.84531513098631,2.6836691375189754,True,False
549.89,7039,t7039,300,1000.0,33,8,10,0.6425509261218095,False,312.42065398627466,2.901003925944676,False,False
549.94,7040,t7040,270,900.0,50,3,5,0.6617078119865152,False,280.5776137992351,2.5109124174739352,False,False
550.01,7042,t7042,120,75.0,36,5,2,0.6420652407200732,True,9.449185592045346,1.1298415867439757,True,False
550.13,7044,t7044,170,100.0,66,9,2,0.654966327048643,True,19.02219953238756,1.788997551463153,True,False
550.14,7045,t7045,170,100.0,85,5,6,0.643333656553033,True,19.494713149088405,1.692346639005305,True,False
550.25,7046,t7046,300,250.0,52,9,4,0.6592458265047939,False,64.47194174788429,2.8062076237077322,False,False
550.32,7047,t7047,80,50.0,56,6,8,0.6472612030257626,True,4.608586596145795,0.7360576680849945,True,False
550.33,7048,t7048,120,75.0,79,5,2,0.6448061177238535,True,9.991497009520742,1.2332533285041927,True,False
550.35,7049,t7049,120,75.0,52,0,1,0.6746307670288454,True,7.366663769214408,1.137073727929123,True,False
550.38,7051,t7051,270,200.0,30,9,10,0.6557463732747505,False,61.90693454218494,2.4961854017908074,False,False
550.38,7050,t7050,220,700.0,32,3,4,0.6326604513488729,False,142.9991322082033,2.3332778322008862,False,False
550.41,7052,t7052,270,200.0,90,0,4,0.6579180950582806,True,53.3268050180642,2.61755580994712,True,False
550.47,7053,t7053,80,50.0,47,8,1,0.6322605868990727,True,3.306160632269074,0.8461370920041145,True,False
550.53,7054,t7054,220,150.0,42,5,4,0.6389592681754707,True,34.87990918137219,2.351087991895931,True,False
550.65,7055,t7055,120,75.0,36,9,4,0.6553175766413647,True,7.50976970687172,1.311571264491257,True,False
550.81,7058,t7058,220,150.0,75,10,1,0.669034827920322,False,33.92403206655302,2.3179438828246965,True,False
550.95,7060,t7060,270,200.0,88,9,4,0.657641891775204,True,48.489134151052355,2.484199229252634,True,False
550.97,7061,t7061,120,75.0,91,0,4,0.6601903998237816,True,10.431459964646667,1.1490240564194611,True,False
550.98,7063,t7063,170,100.0,37,0,4,0.6624172584939726,True,14.454110815830035,1.6224258220667584,True,False
550.99,7064,t7064,300,1000.0,51,1,6,0.6322342702083014,False,284.6436160393913,3.0298588086701423,False,False
551.01,7065,t7065,80,50.0,92,0,2,0.6777116406589677,True,4.274647806241207,0.8725798629327177,True,False
551.03,7066,t7066,120,75.0,23,8,4,0.6422151060786584,True,9.30669337426054,1.2303424185534315,True,False
551.03,7067,t7067,80,50.0,95,7,8,0.6502383446827346,True,3.7242764961522234,0.7924486631260828,True,False
551.04,7068,t7068,300,250.0,96,3,6,0.6503064497160533,True,84.11561050627115,3.164017796755543,True,False
551.2,7070,t7070,120,75.0,94,4,1,0.6692069771436775,True,7.416385655085035,1.147282567865262,True,False
551.22,7071,t7071,120,75.0,54,5,2,0.6474921771875582,True,8.489746756193592,1.3112035034184522,True,False
551.42,7072,t7072,270,200.0,85,5,6,0.6460491652401542,True,45.81106258226947,2.698373118122896,True,False
551.49,7074,t7074,220,150.0,41,9,2,0.6571694620461317,True,29.311576781506204,2.0642910183696954,True,False
551.49,7073,t7073,220,150.0,79,6,1,0.6538271597860711,True,29.43254579191553,2.4037272837612136,True,False
551.52,7075,t7075,120,75.0,21,7,5,0.6553723239679959,True,9.850612615287575,1.311667566293869,True,False
551.6,7076,t7076,220,150.0,71,1,6,0.6288462514708021,True,34.76482813107058,2.2476029282701893,True,False
551.61,7077,t7077,80,50.0,49,10,2,0.638489326310564,True,3.870090597085837,0.732034072183025,True,False
551.64,7078,t7078,170,100.0,75,7,4,0.6591669010600295,True,16.181431289254913,1.6085243002974485,True,False
551.78,7080,t7080,170,100.0,42,0,1,0.6767203335064503,True,14.537757767790573,1.7057563399188866,True,False
551.91,7081,t7081,170,500.0,83,2,1,0.6235152793166311,False,91.89880031060792,1.5811154132815461,False,False
551.93,7082,t7082,220,150.0,47,0,4,0.6645995799907599,False,37.60275902177844,2.2573288327667553,True,False
552.13,7084,t7084,270,200.0,48,1,8,0.6257023660718424,False,51.76353893580257,2.5241191005051853,False,False
552.35,7085,t7085,270,200.0,98,1,6,0.6316999931080526,True,44.40161731333603,2.6493540842500534,True,False
552.43,7086,t7086,300,250.0,70,10,2,0.6410220013228143,False,72.13930864685237,3.003538850145807,False,False
552.44,7087,t7087,300,250.0,78,1,6,0.6344966599125582,True,72.95697183474445,2.873725010692385,True,False
552.7,7088,t7088,120,75.0,82,8,4,0.6448014706237519,True,7.567121964497962,1.20757982745447,True,False
552.75,7089,t7089,220,700.0,21,0,1,0.6787681086545031,False,124.80289470335073,2.1625030718617624,False,False
552.86,7090,t7090,170,100.0,25,2,6,0.6225072054787045,True,16.41789062200894,1.5366892269218924,True,False
552.95,7091,t7091,120,75.0,48,5,4,0.641762264630143,True,8.169873431407606,1.2069449758299364,True,False
552.96,7092,t7092,120,75.0,95,6,1,0.6561812832570163,True,8.718778067271602,1.1240900518127126,True,False
553.09,7093,t7093,300,250.0,90,6,10,0.6462062734142363,True,78.41477380258998,2.8345307402476316,True,False
553.21,7094,t7094,270,200.0,42,4,10,0.6436641083598676,False,62.97149590000134,2.8867231072046233,False,False
553.3,7095,t7095,120,75.0,81,5,4,0.644509201155722,True,10.04571963109838,1.2460394404979516,True,False
553.54,7096,t7096,220,900.0,96,2,6,0.625487728035797,False,226.10286392498926,2.3337357863088544,False,False
553.55,7097,t7097,220,900.0,28,4,1,0.6714050194189858,False,185.12811067830643,2.0652368350799355,False,False
553.6,7100,t7100,170,100.0,35,3,5,0.6578818375649667,True,14.028925532061745,1.6156977217440205,True,False
553.82,7103,t7103,170,100.0,90,3,1,0.6323975597397551,True,14.428493936274105,1.7146349649062502,True,False
553.97,7104,t7104,220,700.0,51,4,5,0.6715624986019469,False,139.58912593686452,2.153907358928693,False,False
554.04,7105,t7105,270,900.0,42,2,5,0.6449670226479223,False,211.4660398906113,2.769367170059229,False,False
554.07,7106,t7106,270,200.0,95,1,8,0.6223167802888669,True,44.21144466204647,2.517990861728798,True,False
554.17,7107,t7107,120,75.0,30,0,4,0.6605642550576113,True,7.244574146086075,1.2559838885236525,True,False
554.42,7108,t7108,270,200.0,69,0,1,0.6746009282995948,True,50.93227244658344,2.577251231288815,True,False
554.55,7109,t7109,120,75.0,29,0,1,0.6766910915517848,True,9.846721602849792,1.1516942604851936,True,False
554.55,7110,t7110,300,1200.0,95,6,8,0.6498981607834292,False,353.5711986165112,3.2611017825580078,False,False
554.68,7111,t7111,120,75.0,85,10,1,0.664782592900377,True,7.408262834077367,1.1179809705357358,True,False
554.77,7113,t7113,270,200.0,40,8,1,0.6349178366995529,False,49.64174746441619,2.532411143280906,False,False
554.91,7116,t7116,300,250.0,29,0,1,0.6787394515389309,False,82.50012770825796,2.912462397048677,False,False
554.95,7117,t7117,300,1200.0,91,7,5,0.6578470593068179,False,293.539621322528,3.0072094034186767,False,False
555.05,7118,t7118,300,250.0,28,0,2,0.6797395896639702,False,71.20776465405807,3.0251032548372283,False,False
555.29,7120,t7120,120,75.0,27,3,6,0.652882502539914,True,7.977609153598553,1.1406136902232396,True,False
555.39,7121,t7121,300,1200.0,73,2,6,0.6222346401417478,False,412.14009785866705,2.8648320401021534,False,False
555.44,7122,t7122,80,50.0,29,7,8,0.6528157596072617,True,4.682130401502631,0.7934069082813556,True,False
555.53,7123,t7123,80,50.0,30,3,1,0.6353317903631418,True,4.5248710987219365,0.8039929598999613,True,False
555.71,7127,t7127,270,1000.0,91,2,4,0.6399250762119716,False,254.1248618713629,2.5877869568937566,False,False
555.89,7128,t7128,170,500.0,94,0,1,0.674572844326334,False,99.30472216426786,1.6947175073565097,False,False
556.01,7130,t7130,220,900.0,58,8,1,0.6313479415040233,False,186.21883762612867,2.3145776802736866,False,False
556.01,7129,t7129,170,100.0,79,10,1,0.666789402580831,True,15.778979217156657,1.5829353661799637,True,False
556.04,7131,t7131,270,200.0,46,6,1,0.6584883242585428,False,60.377767510053744,2.827068533664978,False,False
556.11,7132,t7132,300,250.0,43,1,8,0.6251729062215512,False,89.89503075834074,2.842214651860972,False,False
556.12,7133,t7133,220,150.0,74,0,2,0.6755529796888726,True,37.88972437842877,2.145309554384348,True,False
556.23,7134,t7134,270,1000.0,37,4,2,0.6432805212783089,False,245.69520250306917,2.4668549758722094,False,False
556.24,7135,t7135,220,150.0,34,3,1,0.6382073363740608,True,31.44441662135693,2.243005267161902,True,False
556.41,7136,t7136,220,900.0,21,2,4,0.6365347565059141,False,167.74128087540035,2.07111433067675,False,False
556.44,7137,t7137,300,250.0,50,0,2,0.677624101913277,False,85.14668990481361,3.2469098322291376,False,False
556.56,7139,t7139,220,700.0,72,2,5,0.6414758640131456,False,156.2148284828431,2.0167454290500673,False,False
556.61,7142,t7142,220,150.0,32,2,1,0.6204531555484804,True,29.07027913596035,2.3535732962757336,True,False
556.69,7143,t7143,80,50.0,93,1,8,0.6217979096355817,True,4.56022840330474,0.8256028916606084,True,False
556.78,7144,t7144,120,75.0,58,4,1,0.6673851008487879,True,9.175311458647224,1.1314303827913095,True,False
556.79,7145,t7145,300,1200.0,95,4,5,0.6675394304480898,False,332.18401881702437,3.275259594463935,False,False
557.11,7146,t7146,220,700.0,59,7,8,0.6553416262332983,False,169.4817646766062,2.339527317285628,False,False
557.61,7148,t7148,120,75.0,79,3,1,0.6410253714647615,True,10.734086494294855,1.1039602202455183,True,False
557.63,7150,t7150,220,700.0,80,3,6,0.6554070343072976,False,173.2384593927901,2.050441531677835,False,False
557.63,7149,t7149,220,150.0,59,2,1,0.6236262742556925,True,31.38021967572453,2.2543620970583786,True,False
557.7,7151,t7151,220,900.0,31,10,4,0.6381851333588516,False,232.4313913709214,2.2092571899506988,False,False
557.79,7152,t7152,80,50.0,32,0,1,0.6704895692579892,True,3.3100281101849225,0.8054024374548719,True,False
557.93,7153,t7153,270,1000.0,37,10,7,0.6507907252465931,True,272.85467270269106,2.9548206645933024,True,True
558.01,7154,t7154,270,200.0,32,8,5,0.6309789555624462,False,47.99388665595523,2.5251538831018645,False,False
558.03,7155,t7155,170,700.0,36,0,1,0.6726619596910112,False,132.25803265450548,1.6488112187878523,False,False
558.13,7156,t7156,170,700.0,98,6,1,0.6545752244400386,False,118.2051296471489,1.7192903430994921,False,False
558.15,7157,t7157,120,75.0,98,3,6,0.6517070754393334,True,7.269789034681433,1.1825651355327431,True,False
558.24,7159,t7159,220,900.0,68,5,6,0.6487103637535329,False,213.2847571576895,2.27827204750992,False,False
558.25,7160,t7160,170,100.0,97,0,1,0.6686169023153729,True,17.756668772033414,1.6645904838759762,True,False
558.31,7161,t7161,300,250.0,69,9,10,0.6520396276274374,False,85.66094479057656,3.0326620888783067,False,False
558.37,7162,t7162,220,700.0,97,10,7,0.653357092559843,True,166.2511527434442,2.245335733098721,True,True
558.56,7163,t7163,300,1000.0,33,10,1,0.6687560760676758,False,297.5104677705316,3.082842882636915,False,False
558.65,7165,t7165,170,100.0,90,4,5,0.6635968236573099,True,14.238705712819499,1.809714108067325,True,False
558.69,7166,t7166,220,150.0,97,6,10,0.6487128146126183,True,27.30782039260367,2.264474086407453,True,False
558.71,7167,t7167,300,1000.0,98,3,1,0.643787045853648,False,259.1545851734175,3.0772190454194055,False,False
558.74,7168,t7168,300,250.0,38,3,5,0.6603063826318492,False,77.18695830027656,3.291530515762398,False,False
558.76,7169,t7169,270,900.0,87,6,10,0.6511692249870326,False,266.2371993787771,2.9234211533939356,False,False
558.8,7170,t7170,80,50.0,81,8,4,0.6473361078779436,True,3.9798867044784902,0.8343739282168846,True,False
558.8,7171,t7171,300,1200.0,96,3,5,0.656508436797394,False,382.567205572077,3.11855627516867,False,False
558.82,7172,t7172,220,150.0,43,8,10,0.6391080894175551,True,38.790681240567224,2.153908024811934,True,False
558.87,7173,t7173,270,200.0,66,1,5,0.6212928233873498,True,46.891218347520024,2.9550625223151115,True,False
558.95,7174,t7174,220,900.0,53,4,1,0.6696195806499939,False,210.71214338667556,2.3894714329462325,False,False
559.01,7176,t7176,170,700.0,59,1,5,0.6242976335862696,False,102.60237951277892,1.5575803660638317,False,False
559.07,7177,t7177,170,100.0,64,4,5,0.6659070690023455,True,15.673643677468219,1.853544340204769,True,False
559.09,7178,t7178,220,150.0,77,1,5,0.6210683475812108,True,37.10421283527341,2.1802893993782635,True,False
559.14,7180,t7180,270,900.0,49,3,5,0.652786449879628,False,201.16175892880005,2.486771757204793,False,False
559.18,7181,t7181,270,200.0,64,6,1,0.6507403866179043,True,46.846709806010914,2.6609127873650262,True,False
559.35,7182,t7182,270,900.0,21,4,5,0.6681711094404804,False,269.53017160457125,2.556250923673919,False,False
559.42,7183,t7183,170,500.0,45,3,5,0.6491389027002171,False,69.1573934591359,1.6227155442287482,False,False
559.48,7185,t7185,220,900.0,28,9,10,0.6484070168930705,False,202.3346408417728,2.0591664278094117,False,False
559.66,7187,t7187,300,250.0,75,0,4,0.6627836366231258,False,79.97203845316379,2.805395372249978,False,False
559.67,7189,t7189,170,500.0,64,7,4,0.6615657448570107,False,101.31265350467848,1.572537411122249,False,False
559.67,7188,t7188,220,900.0,47,2,1,0.6267359305887604,False,190.30329703394423,2.2286246367144904,False,False
559.85,7191,t7191,300,1200.0,56,9,4,0.6599197206063666,False,399.0480474468454,3.2119979631568785,False,False
559.91,7193,t7193,270,200.0,44,1,8,0.6246644129813317,False,45.44818076878114,2.687141160493821,False,False
559.93,7194,t7194,270,200.0,65,1,5,0.6240776472962533,True,44.183353190931996,2.840403973030795,True,False
559.94,7195,t7195,80,50.0,91,5,2,0.6501245154619889,True,4.4837931515783795,0.815614503391942,True,False
560.21,7197,t7197,300,1200.0,73,10,7,0.655872132526828,True,329.1624568928492,3.2005716333877907,True,True
560.28,7198,t7198,220,150.0,80,0,4,0.6587846305573298,True,36.64424365885339,2.19777343691031,True,False
560.3,7199,t7199,270,200.0,62,10,7,0.6583368716944732,True,53.40153579145781,2.7944270045667134,True,True
560.34,7200,t7200,170,100.0,33,8,2,0.6289572890295035,True,19.61111750442401,1.8011374266721865,True,False
560.35,7201,t7201,170,100.0,71,0,4,0.6610396046128499,True,17.076838142858268,1.570134477779941,True,False
560.36,7202,t7202,300,250.0,59,0,2,0.6734798016931932,False,88.29351483308534,2.8408406968020765,False,False
560.38,7203,t7203,220,150.0,83,4,1,0.6656353708551759,True,34.89838349602166,2.2627160734145786,True,False
560.41,7204,t7204,170,100.0,32,8,4,0.6498200523870513,True,14.5222322485641,1.6236889858974775,True,False
560.45,7205,t7205,300,250.0,20,6,8,0.6463083793859424,False,70.11890543076696,2.8782742418274294,False,False
560.59,7207,t7207,220,150.0,40,2,1,0.6236093937951671,True,36.16421022931456,2.1006592212277564,True,False
560.93,7210,t7210,120,75.0,26,10,7,0.6607523160787656,True,8.563536584900179,1.2840960097381109,True,True
560.93,7209,t7209,220,150.0,83,10,6,0.6373340450146744,True,34.84108721558867,2.3765727404318664,True,False
560.96,7211,t7211,300,250.0,39,5,6,0.6451443382966441,False,89.29689923436237,3.1858696446114654,False,False
560.99,7212,t7212,120,75.0,86,0,4,0.6632494791872596,False,8.865048128775884,1.3072363914085177,True,False
561.21,7213,t7213,80,50.0,63,0,1,0.6708267460872471,True,3.6769305750797407,0.7619283032025667,True,False
561.33,7216,t7216,170,100.0,27,3,1,0.6403194867547569,True,15.941014802883336,1.6517114560213952,True,False
561.35,7217,t7217,80,50.0,94,9,4,0.655977992860906,True,4.2412853746857175,0.7769683167446226,True,False
561.64,7219,t7219,300,250.0,82,6,8,0.6427903936164054,False,86.43214267672106,3.2754364887811356,False,False
561.7,7220,t7220,80,50.0,38,6,8,0.6393427675622592,True,4.136148057666427,0.8708622659303356,True,False
561.82,7222,t7222,80,50.0,67,0,1,0.6729923929836841,True,3.471128869031966,0.7954014597825672,True,False
561.82,7223,t7223,80,50.0,21,7,8,0.6516429755268142,True,3.6591710858912543,0.7746006579528364,True,False
561.82,7224,t7224,120,75.0,49,6,1,0.653156245552213,True,10.320699064961637,1.0880217885437469,True,False
561.86,7225,t7225,120,75.0,42,0,2,0.6694183874775111,True,7.5012684931569265,1.2514114568457015,True,False
561.89,7226,t7226,270,1000.0,95,7,8,0.6541922978344598,False,303.4078821179907,2.8904315808370944,False,False
562.0,7227,t7227,80,50.0,42,6,1,0.6555237873078353,True,3.694275762798893,0.7617295861161858,True,False
562.03,7228,t7228,220,150.0,61,3,6,0.6542551157487286,True,38.45331927237608,2.2201487882531805,True,False
562.04,7229,t7229,170,100.0,90,3,6,0.6567521952519358,True,16.775773239837797,1.5999537956107324,True,False
562.08,7230,t7230,220,700.0,84,2,1,0.6267193877374456,False,156.72772501180302,2.1425971252068385,False,False
562.21,7231,t7231,170,700.0,83,10,1,0.664509416084784,False,137.8118697538821,1.711684970495409,False,False
562.22,7232,t7232,270,1000.0,72,2,5,0.6380545285510645,False,282.1285093854036,2.9180379562236287,False,False
562.32,7233,t7233,170,100.0,79,3,5,0.6455643064643947,True,19.18416059894551,1.611946552624005,True,False
562.4,7234,t7234,300,250.0,46,7,8,0.6505166336959524,False,81.3009745874657,2.763430601333497,False,False
562.46,7235,t7235,120,75.0,92,5,4,0.6472011989507894,True,9.886030851312452,1.1720195911855684,True,False
562.55,7236,t7236,80,50.0,71,3,1,0.6430952788378436,True,4.023951676646115,0.8039814140400173,True,False
562.61,7237,t7237,120,75.0,79,1,5,0.6270267610169948,True,9.23001396117342,1.0875988541392758,True,False
562.72,7238,t7238,220,150.0,61,1,8,0.6212995862601665,True,33.59788840791482,2.296992641295609,True,False
562.98,7242,t7242,170,100.0,66,1,6,0.6372373933809737,True,18.921419230378824,1.8657507851517687,True,False
563.15,7243,t7243,120,75.0,22,5,6,0.6416496333488929,True,10.120241408075426,1.2200247416053165,True,False
563.16,7244,t7244,120,75.0,96,8,10,0.6419081094473859,True,10.787620755743767,1.16193241993121,True,False
563.33,7246,t7246,120,75.0,26,4,8,0.6422175020476937,True,7.283121969196828,1.3167040073850185,True,False
563.35,7247,t7247,300,1200.0,24,1,6,0.6399233121800209,False,360.46662847508645,3.2672801621006466,False,False
563.36,7248,t7248,170,100.0,37,7,5,0.6540982999388633,True,13.617896076916686,1.6240996723999541,True,False
563.39,7249,t7249,270,200.0,57,6,10,0.6474025071539586,True,51.324262104586026,2.7319390027950226,True,False
563.4,7250,t7250,80,50.0,92,9,10,0.6448470583733908,True,3.9950126604792837,0.7246235723455254,True,False
563.41,7251,t7251,220,150.0,35,6,1,0.6578439782283453,False,38.81090814830891,2.152371557418243,False,False
563.52,7252,t7252,170,100.0,84,5,2,0.652704206970931,True,14.218432620238172,1.6344117726396474,True,False
563.66,7254,t7254,170,100.0,94,2,1,0.6235931818008785,True,18.020644826298486,1.623517278587108,True,False
563.69,7255,t7255,300,250.0,43,0,4,0.6592411562701811,False,84.9434733729905,2.94841854539963,False,False
563.71,7256,t7256,300,1200.0,78,6,1,0.6539437653304451,False,393.1054260853848,3.1090219838410986,False,False
563.77,7257,t7257,170,700.0,85,4,1,0.6679048452562542,False,136.60616689816027,1.7212885147867605,False,False
563.79,7258,t7258,220,150.0,96,6,8,0.6421380940291957,True,39.47703256072344,2.3007091791001097,True,False
563.9,7259,t7259,300,1200.0,48,4,5,0.6642158690698526,False,367.2232112910976,2.7935761000498402,False,False
563.96,7260,t7260,300,250.0,27,8,10,0.64465212907662,False,87.93260062282661,3.0286651525772266,False,False
564.12,7261,t7261,170,100.0,20,5,2,0.6552323046496942,False,20.016089579512098,1.6005616021314157,False,False
564.24,7262,t7262,170,700.0,94,4,5,0.6603397335066373,False,130.35391408612568,1.6098156356194988,False,False
564.29,7263,t7263,300,250.0,88,4,1,0.663954930169311,True,62.759828027960154,2.918308299943563,True,False
564.33,7264,t7264,80,50.0,93,9,10,0.6475322990241049,True,3.263246525457263,0.8410004987270329,True,False
564.78,7265,t7265,270,200.0,58,10,7,0.6631194515753721,True,52.84613846033366,2.9117829363172643,True,True
565.28,7268,t7268,270,200.0,76,0,2,0.6716122015461428,True,49.957286477132335,2.8047391404061166,True,False
565.28,7267,t7267,220,150.0,64,4,5,0.6565411206546864,True,37.255246556091365,2.0611149376095184,True,False
565.32,7269,t7269,120,75.0,78,9,2,0.6593285343436706,True,7.59147121899712,1.2295175585886484,True,False
565.37,7271,t7271,300,250.0,99,3,6,0.6591993331650791,True,70.91751741735986,3.2708251814740947,True,False
565.42,7272,t7272,300,250.0,60,5,6,0.644398822500097,False,82.72141847352152,3.2846558021236825,False,False
565.51,7273,t7273,270,1000.0,20,10,7,0.6654392443620465,True,294.4414975908795,2.4567885443090405,True,True
565.62,7275,t7275,220,150.0,67,3,6,0.6615975283199592,True,37.251965712692076,2.273183293947831,True,False
565.64,7276,t7276,170,100.0,22,1,5,0.6299168924633216,True,14.930650445454782,1.8008013449200797,True,False
565.96,7277,t7277,300,250.0,98,2,5,0.634701619798225,True,85.84490384404678,3.153372463802128,True,False
565.97,7278,t7278,170,100.0,71,4,8,0.6448038186734065,True,14.88364638785364,1.6080227185536908,True,False
566.11,7279,t7279,220,900.0,73,5,2,0.6515358403748821,False,207.29923976306546,2.388086896949322,False,False
566.15,7281,t7281,220,150.0,47,8,4,0.6522543180059771,True,37.6268624554081,2.14999680826797,True,False
566.28,7282,t7282,220,150.0,55,2,1,0.6267034999830426,False,32.560057743447544,2.3798353569290214,True,False
566.29,7283,t7283,120,75.0,34,9,4,0.6582890996703545,True,8.81520855809459,1.3021952382977384,True,False
566.38,7284,t7284,220,150.0,45,9,4,0.6605539843436141,True,28.116909434800302,2.2841479074893334,True,False
566.42,7285,t7285,270,200.0,35,2,4,0.6332122431939776,False,47.51349457603864,2.909982664470053,False,False
566.43,7286,t7286,220,150.0,29,3,5,0.6482352021532886,True,26.90483329818337,2.30359752055957,True,False
566.55,7288,t7288,270,200.0,87,4,8,0.647338408966605,True,56.52930063832797,2.590865288311626,True,False
566.61,7290,t7290,170,700.0,49,5,6,0.6409190278682768,False,115.65279637179918,1.7601521107149898,False,False
566.61,7289,t7289,220,900.0,97,9,2,0.6614444251952587,False,233.03364056820965,2.1707701799276147,False,False
566.86,7292,t7292,80,50.0,70,10,6,0.6400180307810476,True,3.4689714675302548,0.7815795940463288,True,False
566.87,7293,t7293,80,50.0,98,9,4,0.6627735713234085,True,3.5198223562759914,0.7778274536945413,True,False
566.93,7295,t7295,170,700.0,97,3,1,0.6458155550792685,False,105.07593271613138,1.5798094846359996,False,False
566.96,7296,t7296,300,1000.0,65,10,6,0.6426483368320933,False,282.7419013518729,3.0257126085453585,False,False
566.99,7297,t7297,270,200.0,70,9,2,0.657343998229815,True,55.73693408216536,2.433805301919839,True,False
567.01,7298,t7298,300,250.0,60,3,6,0.6639477595717419,False,74.52161885807483,2.912704169995561,False,False
567.27,7299,t7299,220,150.0,98,2,5,0.6375897692204424,True,35.74665641359057,2.4124814303716744,True,False
567.32,7300,t7300,300,250.0,42,8,10,0.6411672683132693,False,83.30730762634995,3.171015309016475,False,False
567.44,7301,t7301,120,75.0,87,7,5,0.6565985157582678,True,7.630647317517537,1.147328620332305,True,False
567.47,7302,t7302,220,150.0,92,3,1,0.6423074257958649,True,36.62521312004262,2.236446035938338,True,False
567.55,7303,t7303,270,200.0,84,5,2,0.6479133053855662,True,46.26645164247282,2.722179457250049,True,False
567.7,7304,t7304,300,1200.0,35,2,1,0.6235776118015637,False,300.7196079659943,2.9125466653143723,False,False
567.73,7305,t7305,120,75.0,55,3,6,0.6600769861984889,True,8.12730032707306,1.1367228661630615,True,False
567.87,7306,t7306,270,200.0,49,7,4,0.6577426117780524,False,53.10764227858249,2.5697329239256463,False,False
567.98,7307,t7307,170,100.0,81,9,2,0.6594995798036805,False,16.700389826843352,1.7113788590435517,True,False
568.03,7308,t7308,120,75.0,60,10,6,0.6390520367621181,True,9.905128337836734,1.263699268404151,True,False
568.24,7309,t7309,120,75.0,26,9,10,0.6501638348618045,True,10.743303159710216,1.1515600214143549,True,False
568.36,7310,t7310,170,100.0,44,6,8,0.6448775139667937,True,14.782708603269981,1.848629835338762,True,False
568.77,7313,t7313,220,150.0,47,7,8,0.646914482840215,True,34.968787016331426,2.2241873748368772,True,False
569.24,7315,t7315,300,1200.0,94,4,1,0.6662580133841064,False,337.9545830438303,3.111494627762038,False,False
569.3,7316,t7316,300,250.0,84,4,5,0.6589924800597745,True,73.17982779312291,2.9593436424524873,True,False
569.31,7317,t7317,270,200.0,53,3,5,0.6508526799284046,True,46.201389578419644,2.4515456066885095,True,False
569.34,7318,t7318,300,1200.0,44,2,1,0.6205142413837142,False,372.2023029883677,3.1963668678042247,False,False
569.35,7319,t7319,270,200.0,52,10,1,0.6603476893015499,False,63.84722226903343,2.7039686339294295,False,False
569.36,7320,t7320,220,150.0,89,4,8,0.6498223074539397,True,33.39160400614123,2.052305363874676,True,False
569.39,7321,t7321,80,50.0,36,8,10,0.6377521047651858,True,3.3797716930579123,0.8764030755771988,True,False
569.44,7322,t7322,300,250.0,91,4,8,0.6522565279715274,False,62.63915906769213,3.2429311983152953,True,False
569.56,7323,t7323,270,1000.0,34,2,5,0.6404201556542154,False,298.77231214193245,2.5423341726700133,False,False
569.6,7324,t7324,220,150.0,81,7,4,0.6539959413606731,True,26.589437854223974,2.4087052963068705,True,False
569.65,7325,t7325,80,50.0,24,1,8,0.6241760560734249,True,3.3923001352981057,0.7995579759528634,True,False
569.68,7327,t7327,300,1000.0,35,2,5,0.6370199343593129,False,293.5684816716105,2.9959761647070886,False,False
569.77,7328,t7328,120,75.0,53,4,1,0.662341034934606,True,10.524650407276525,1.3026659100315683,True,False
569.9,7329,t7329,170,500.0,67,0,1,0.6751147269421921,False,91.89771384914496,1.658830018920604,False,False
570.0,7331,t7331,80,50.0,75,4,1,0.6646763960540959,True,4.248677691234589,0.8492064202237295,True,False
570.08,7332,t7332,270,200.0,52,4,8,0.6484680640787636,False,53.128449634093116,2.5375802358513226,False,False
570.45,7333,t7333,220,900.0,44,5,2,0.6505372210960368,False,228.368954169863,2.3697077080059907,False,False
570.46,7334,t7334,300,250.0,71,10,7,0.6677126412929874,False,166.52147418419696,7.65360443650313,False,True
570.57,7335,t7335,300,1000.0,62,3,1,0.6450434590981294,False,359.9563919802837,3.0354876323941653,False,False
570.83,7336,t7336,300,250.0,67,3,6,0.6624576282927009,False,68.42348184276487,2.9301878667131147,False,False
570.92,7337,t7337,120,75.0,87,5,2,0.6469346584922978,True,7.398268730770563,1.2733138742476975,True,False
570.97,7338,t7338,220,150.0,88,9,4,0.664948766563607,True,36.81530373595397,2.2373567740682874,True,False
571.11,7340,t7340,300,250.0,74,2,4,0.6299561801482798,True,67.90367465256426,2.9298230755499026,True,False
571.11,7341,t7341,120,75.0,39,3,5,0.6534178081480183,True,8.19428387015151,1.2443473794886548,True,False
571.19,7342,t7342,80,50.0,89,8,2,0.6318088099155802,True,3.6373976835724764,0.8104230213827907,True,False
571.2,7344,t7344,120,75.0,72,4,1,0.6669650499511958,True,10.774302091308028,1.3159771415176233,True,False
571.32,7345,t7345,270,200.0,33,1,8,0.6269949964904178,False,55.6629075263292,2.5467249510551624,False,False
571.41,7346,t7346,170,100.0,68,10,7,0.6523005702853094,False,36.435577753279965,4.096635978010717,False,True
571.52,7347,t7347,300,250.0,36,8,4,0.6546398983125242,False,84.8190462918485,2.912338266865428,False,False
571.59,7348,t7348,220,150.0,65,2,4,0.6329392383634961,True,32.01980088004204,1.990111761961473,True,False
571.6,7349,t7349,120,75.0,49,1,5,0.6327492212807219,True,9.759825963458605,1.3155237859105295,True,False
571.77,7352,t7352,220,150.0,90,7,8,0.6495583750015926,True,37.94194233435529,2.037866691696202,True,False
571.91,7353,t7353,300,1200.0,54,9,4,0.6670804578990016,False,340.4943475338336,3.0255967522825884,False,False
571.98,7354,t7354,300,250.0,89,5,2,0.6495781471406338,True,86.26372270311246,3.0160626667338875,True,False
572.01,7355,t7355,170,100.0,71,3,1,0.6415507717343486,True,15.720076368372363,1.6308390248752538,True,False
572.01,7356,t7356,220,150.0,36,8,2,0.6346033003839352,True,30.4437232230495,2.198721693124769,True,False
572.15,7358,t7358,270,200.0,75,8,4,0.6508037670129404,True,60.497351600141364,2.9518280752495625,True,False
572.33,7359,t7359,170,700.0,51,7,8,0.6521493893197425,False,98.91096270273698,1.8151966978049412,False,False
572.41,7360,t7360,120,75.0,91,3,5,0.6559316338032398,False,7.439789825868644,1.1611897250808818,True,False
572.45,7361,t7361,170,100.0,21,6,10,0.6498851236775461,False,14.834931702613902,1.7372418268745669,True,False
572.46,7362,t7362,120,75.0,46,3,6,0.6586166575450286,True,8.203212594549937,1.2042793202987578,True,False
572.69,7363,t7363,170,100.0,85,9,2,0.6554380497460683,True,18.16798501398128,1.5521065250222128,True,False
572.69,7364,t7364,220,700.0,63,8,4,0.6532183583393482,False,130.72891625846282,2.0288039509959557,False,False
572.72,7365,t7365,220,150.0,70,2,5,0.6336877174903084,True,34.30853463939518,2.1091882777413717,True,False
572.87,7366,t7366,120,75.0,65,3,5,0.6522211829453569,True,10.199916873486703,1.08830382773372,True,False
572.92,7367,t7367,120,75.0,63,7,4,0.6564982043516415,True,8.25669546690353,1.2489472940881094,True,False
573.19,7369,t7369,170,700.0,26,1,5,0.6355249035217742,False,118.75815619081003,1.806649613767267,False,False
573.29,7370,t7370,220,900.0,92,0,4,0.6553129998114441,False,190.80621800756163,2.1976044307869773,False,False
573.41,7371,t7371,300,250.0,88,10,1,0.6562691970539802,False,68.42539313191209,3.082705946722296,True,False
573.44,7372,t7372,80,50.0,37,7,5,0.6590487272612843,True,3.8482284746721938,0.7206039698494041,True,False
573.54,7373,t7373,170,100.0,52,1,5,0.6320710721180053,True,16.818505019507292,1.8233506831430655,True,False
573.68,7374,t7374,300,1200.0,71,7,8,0.6485145833515295,False,344.8475495108029,3.12013252546108,False,False
573.7,7375,t7375,170,100.0,91,7,8,0.6449524735026807,True,20.109928724767578,1.7647381865527607,True,False
573.73,7376,t7376,120,75.0,62,0,5,0.6535462500629433,True,8.942366605257913,1.2256550696223838,True,False
573.76,7377,t7377,300,250.0,51,1,5,0.6348603173423119,False,68.87335102674943,2.8267355260811073,False,False
573.8,7378,t7378,80,50.0,60,2,4,0.635862635414408,True,3.650770612750836,0.8309362559596635,True,False
573.95,7379,t7379,120,75.0,56,8,4,0.6494106578392279,True,7.386522810928828,1.1817884740645686,True,False
574.15,7380,t7380,270,200.0,28,6,1,0.6501215566905029,False,58.36564171954082,2.8292843885374777,False,False
574.17,7381,t7381,120,75.0,80,9,10,0.6527427399827502,True,10.423112206965955,1.3081751440440728,True,False
574.2,7382,t7382,270,200.0,87,2,4,0.6387275645243017,True,45.02068153068231,2.864518153037768,True,False
574.2,7383,t7383,80,50.0,43,7,4,0.6589504220827904,True,3.2578859303717347,0.7699245768595596,True,False
574.38,7384,t7384,170,100.0,35,6,8,0.6475621455056396,True,18.3649431988195,1.7768968602224398,True,False
574.45,7386,t7386,80,50.0,88,1,8,0.623583558099071,True,3.504737819907159,0.754079433894021,True,False
574.49,7387,t7387,300,250.0,47,4,8,0.6447553694638549,False,85.43165241893887,2.914735309369692,False,False
574.59,7388,t7388,270,200.0,55,10,2,0.6373300228348193,True,54.620833056594286,2.6671904531938924,True,False
574.61,7389,t7389,270,200.0,95,2,6,0.6190466140055795,True,46.29761617782615,2.947395266946945,True,False
574.79,7391,t7391,270,200.0,67,6,1,0.6463757922233594,True,61.37780698776336,2.521123007912784,True,False
574.89,7393,t7393,300,250.0,47,3,5,0.6547589411046315,False,73.74370184805495,3.0236137456115837,False,False
575.02,7394,t7394,120,75.0,87,0,2,0.6737621393334018,True,9.246815088028207,1.086478058873736,True,False
575.05,7395,t7395,170,100.0,97,0,1,0.6710206142215301,True,13.866465640163744,1.787822320819316,True,False
575.32,7396,t7396,220,150.0,53,6,8,0.6501930844137087,True,27.089709518110848,2.098156344989606,True,False
575.43,7397,t7397,220,900.0,60,5,4,0.6498393567899554,False,213.55071535535453,2.253298341692094,False,False
575.58,7398,t7398,170,100.0,35,5,2,0.6521687660160028,True,18.505672943701068,1.588955431875073,True,False
575.63,7399,t7399,120,75.0,21,3,6,0.66102650621231,True,9.516694825871458,1.1476655675181224,True,False
575.98,7401,t7401,220,150.0,91,6,10,0.6461440878706618,True,27.14559356315824,2.2806437436387803,True,False
576.04,7402,t7402,220,150.0,33,4,5,0.6613948122767609,False,37.28444034666287,2.41729403537138,False,False
576.09,7403,t7403,220,700.0,45,7,8,0.6476356058508089,False,141.9251259103949,2.153620868477472,False,False
576.15,7405,t7405,270,200.0,77,6,1,0.6488789430455589,True,58.09023800693632,2.468059779754456,True,False
576.22,7406,t7406,220,150.0,83,10,6,0.6417016626935423,True,30.192669846817374,1.9802426110396096,True,False
576.26,7407,t7407,300,1000.0,20,1,5,0.6314197776621323,False,265.542746965962,2.894133632228482,False,False
576.32,7410,t7410,80,50.0,33,9,2,0.6576317502896085,True,4.133077409778121,0.7763786168063713,True,False
576.45,7411,t7411,80,50.0,70,3,1,0.6443019381178435,True,4.737004238807617,0.8396463729291495,True,False
576.48,7412,t7412,300,250.0,98,3,1,0.6469980811736685,False,69.8360910238015,2.9545594574349927,True,False
576.63,7413,t7413,270,1000.0,56,6,8,0.6527714045436164,False,291.28872094232116,2.6531203376927306,False,False
576.65,7414,t7414,220,150.0,29,7,8,0.6440910755519745,False,29.470829628930375,2.106520937477468,False,False
576.67,7415,t7415,80,50.0,43,6,10,0.6486518727799153,True,3.4794475600076207,0.8010371107467146,True,False
576.77,7416,t7416,170,700.0,51,5,4,0.6462507514723381,False,141.36573500594838,1.7215648436955648,False,False
576.82,7417,t7417,120,75.0,95,8,10,0.6405792444880639,True,10.512119239248268,1.115858583269909,True,False
577.05,7420,t7420,170,500.0,85,4,1,0.6692079307703537,False,97.4453680093832,1.6596112493408712,False,False
577.18,7422,t7422,220,150.0,28,5,6,0.6375088291290931,False,28.328607557481803,2.3527623525966064,False,False
577.2,7423,t7423,300,250.0,80,4,6,0.6417560443684508,True,62.8892913321961,2.9337699625806177,True,False
577.37,7425,t7425,170,100.0,49,3,1,0.6434663013683769,True,15.127387756818166,1.5500008006884292,True,False
577.37,7426,t7426,120,75.0,59,8,2,0.6373419010429232,True,8.551973409938617,1.0977010242357,True,False
577.45,7427,t7427,220,150.0,67,7,8,0.6406174358591169,True,33.451281874908055,2.169600027687479,True,False
577.56,7428,t7428,120,75.0,42,10,6,0.6442982961063382,True,7.995455576325013,1.2398922956716547,True,False
577.57,7429,t7429,270,1000.0,83,6,10,0.6511095019909837,False,223.9746981193166,2.6299712327875104,False,False
577.59,7430,t7430,270,200.0,56,3,1,0.6461791571591912,False,56.065530689210014,2.7196323115510936,False,False
577.67,7431,t7431,170,700.0,83,4,5,0.6575750978494075,False,100.42970635147043,1.7222815506998779,False,False
577.81,7432,t7432,270,900.0,88,10,6,0.6468429968508781,False,277.17632613017696,2.588438553249958,False,False
577.83,7433,t7433,270,200.0,22,0,2,0.6758690783649156,False,58.848960537185924,2.7835415893731046,False,False
578.07,7434,t7434,80,50.0,95,7,5,0.6614499345342404,True,4.3762661432576175,0.7660808392735241,True,False
578.15,7435,t7435,170,700.0,73,10,2,0.6398858839165846,False,115.99706792982737,1.6750705470417406,False,False
578.21,7436,t7436,300,250.0,74,1,5,0.6280480487755563,False,87.3234349971482,3.0470763223496298,False,False
578.33,7438,t7438,120,75.0,89,1,5,0.6247437544667118,True,7.457905976221752,1.1094713886337566,True,False
578.34,7439,t7439,80,50.0,48,6,1,0.6513320308513144,True,3.8325156117560013,0.7399616788916357,True,False
578.34,7440,t7440,300,250.0,28,7,4,0.6613535954593165,False,69.47762612832406,2.9345506696094765,False,False
578.54,7441,t7441,170,100.0,72,9,2,0.6597815768222779,True,19.344557941947304,1.8424503332222255,True,False
578.7,7442,t7442,300,1000.0,89,8,4,0.6518531113491101,False,350.4752519208263,2.9532686776787447,False,False
578.82,7443,t7443,170,100.0,53,2,4,0.6415351950519974,True,19.501022612659824,1.5572534370863498,True,False
579.2,7444,t7444,120,75.0,90,4,1,0.6652319539731283,True,10.111939285761512,1.1850582282522053,True,False
579.22,7445,t7445,300,1000.0,86,7,4,0.6575347053683119,False,345.86995657013506,3.158848842815506,False,False
579.24,7446,t7446,170,100.0,68,2,6,0.6220963483921346,True,20.196829665683012,1.5746576888082604,True,False
579.28,7447,t7447,220,700.0,95,2,5,0.6365961449586841,False,134.1179705251827,2.2317179655232087,False,False
579.38,7448,t7448,300,250.0,69,3,1,0.6426637558341892,False,74.6978102282005,2.883758544428949,False,False
579.4,7450,t7450,220,150.0,24,2,5,0.6332724038776922,False,33.080734064587915,2.1999236293019004,False,False
579.48,7451,t7451,170,100.0,71,3,6,0.6633881579062456,True,13.979421514669834,1.6970426650500057,True,False
579.64,7452,t7452,300,250.0,62,6,8,0.6491241582709258,False,87.55537024709268,2.920793063032308,False,False
579.65,7453,t7453,220,150.0,58,6,1,0.6537360569009548,True,37.80270396586646,2.1431929308865536,True,False
579.66,7454,t7454,270,900.0,55,1,6,0.6363815126030872,False,199.09379738089734,2.929143037593174,False,False
579.71,7456,t7456,80,50.0,98,4,5,0.6538317777106012,True,4.794105259816667,0.7916616014482047,True,False
579.77,7457,t7457,300,1000.0,94,7,4,0.6537921930791275,False,291.41805827008113,2.891486689532189,False,False
579.77,7458,t7458,270,900.0,91,0,5,0.6559059917283511,False,245.03523628185863,2.9283975723667055,False,False
579.95,7460,t7460,270,200.0,44,6,1,0.6560920024296023,False,58.822590503956576,2.8284427834430694,False,False
579.95,7459,t7459,220,700.0,68,0,6,0.6533658796300629,False,173.41582010310745,2.0165728817547253,False,False
579.97,7462,t7462,220,150.0,82,2,4,0.6442866729691393,True,33.287683970313935,2.2909454360295816,True,False
579.97,7461,t7461,220,700.0,73,4,1,0.6675094967118477,False,169.4010409889111,2.0017331479533476,False,False
579.99,7463,t7463,220,900.0,87,10,8,0.6372552158391823,False,237.25568463292598,2.260386852714926,False,False
580.05,7465,t7465,270,200.0,60,0,10,0.6529430952144576,True,54.53666669162782,2.960737679195057,True,False
580.05,7464,t7464,270,200.0,43,4,5,0.656337323974571,False,64.20916526347467,2.5032413883043456,False,False
580.07,7466,t7466,220,900.0,23,1,6,0.6329105490176921,False,180.76856386106775,2.086873660941031,False,False
580.08,7467,t7467,270,200.0,59,4,5,0.6526187593132613,False,62.329233795283045,2.9237091591399236,False,False
580.14,7468,t7468,300,1200.0,91,2,5,0.6300151376183202,False,322.42931178191293,2.823522804377526,False,False
580.21,7469,t7469,300,250.0,24,7,4,0.6501245310357268,False,77.44061245963304,2.9525160962259465,False,False
580.39,7470,t7470,300,250.0,28,1,5,0.6276795460440442,False,79.94724865415733,3.1537426947842637,False,False
580.41,7471,t7471,80,50.0,25,10,1,0.6522722746513623,True,3.480769605956636,0.7974959058016909,True,False
580.45,7472,t7472,220,150.0,96,9,4,0.6629955154076882,True,31.788922630051037,2.1485424930404338,True,False
580.52,7474,t7474,220,150.0,21,10,6,0.6431628035805271,False,31.316014627099527,2.1956045048964605,False,False
580.56,7475,t7475,170,100.0,78,4,6,0.6445031052992637,True,19.27627949858034,1.569078322507187,True,False
580.63,7476,t7476,300,1200.0,31,3,5,0.6510719441007208,False,302.7326864951654,3.167190377010633,False,False
580.69,7477,t7477,80,50.0,71,1,6,0.629509004704005,True,3.681849403423022,0.8547243432279448,True,False
580.71,7478,t7478,220,900.0,23,6,1,0.652226829047677,False,191.5856349994639,2.267836164929308,False,False
580.8,7480,t7480,220,700.0,66,0,10,0.6550768047387399,False,138.65841944684777,2.2408578702841777,False,False
580.89,7481,t7481,270,900.0,46,3,6,0.6657025765663024,False,202.37425380454755,2.487251774624388,False,False
581.07,7482,t7482,270,900.0,65,9,4,0.6651662717662011,False,251.62853046401213,2.719818816357606,False,False
581.16,7484,t7484,120,75.0,47,6,10,0.6473439786178307,True,7.959685033335394,1.1452042007700092,True,False
581.32,7485,t7485,170,700.0,79,8,2,0.6400257296887314,False,126.85166575005677,1.8091917939647753,False,False
581.51,7487,t7487,220,700.0,47,2,6,0.6250850880909585,False,170.3025508389962,2.3404137281694486,False,False
581.51,7488,t7488,300,250.0,72,4,5,0.6489745659451779,True,63.44058773860031,2.726606658118894,True,False
581.73,7492,t7492,270,200.0,86,0,5,0.6520445385604506,True,51.95419518723329,2.506839369989199,True,False
581.8,7493,t7493,270,200.0,71,0,5,0.6544343144559083,True,57.543893018187795,2.49331453202974,True,False
581.96,7495,t7495,120,75.0,96,0,2,0.6717598786157991,True,8.803218348281126,1.2899502446524866,True,False
582.03,7496,t7496,270,200.0,67,2,6,0.621840052995806,True,64.13842215581653,2.5923871046242635,True,False
582.05,7497,t7497,120,75.0,49,9,10,0.6552700670012771,True,8.682555212307745,1.1820691141023985,True,False
582.2,7498,t7498,220,700.0,81,9,10,0.6577468474794333,False,144.90390137440355,2.1038522334872964,False,False
582.2,7499,t7499,300,250.0,26,7,8,0.6433872689601164,False,68.36928162339082,3.2802838231990217,False,False
582.26,7500,t7500,300,250.0,50,9,4,0.6611196129975437,False,68.63486002819923,2.757374591257469,False,False
582.28,7501,t7501,170,700.0,69,5,1,0.6358985041551234,False,106.36354046303872,1.7237803839650647,False,False
582.29,7502,t7502,120,75.0,75,7,8,0.6399277053990958,True,10.3939248488416,1.2175567951703454,True,False
582.39,7503,t7503,80,50.0,79,3,5,0.647458687036888,True,4.727149740000529,0.8229736218422657,True,False
582.53,7504,t7504,170,100.0,38,7,8,0.6427113331092957,True,18.60006534005366,1.7543171496928165,True,False
582.56,7505,t7505,170,100.0,62,10,1,0.6545292906967966,True,17.718208728635844,1.6965405986564592,True,False
582.73,7506,t7506,170,100.0,21,3,1,0.6392186625356873,False,13.638727113037485,1.7675216693222475,True,False
582.77,7507,t7507,300,1200.0,56,4,5,0.6515772564444561,False,292.1192887659001,2.818065952914681,False,False
582.8,7508,t7508,270,1000.0,26,7,5,0.6638031176617375,False,271.29300235575914,2.9393904795283143,False,False
583.03,7510,t7510,270,200.0,75,1,5,0.6243826217898301,True,61.1268916556042,2.9305640398599637,True,False
583.12,7512,t7512,220,150.0,60,2,4,0.6469831213279383,True,35.708958423235536,2.3476342902229077,True,False
583.26,7514,t7514,300,250.0,47,10,6,0.6395562141755833,False,63.68410405038877,3.176903040236613,False,False
583.31,7515,t7515,300,250.0,42,1,5,0.6273256360207001,False,81.20430814194,2.860884090670392,False,False
583.47,7516,t7516,270,900.0,44,6,10,0.6498277657121406,False,230.81977095246185,2.6709969524560155,False,False
583.5,7517,t7517,80,50.0,33,5,10,0.6350531148374552,False,3.4959203156830374,0.8298338858619723,True,False
583.53,7520,t7520,170,100.0,80,0,2,0.6739068628616649,True,18.505127243062038,1.712226511910134,True,False
583.53,7518,t7518,220,900.0,83,10,1,0.6567411664213221,False,217.60434059655302,2.324685157976372,False,False
583.73,7521,t7521,170,700.0,97,4,6,0.6471952250114602,False,102.82806226041272,1.5579739191808546,False,False
583.82,7522,t7522,220,700.0,27,9,10,0.6540000923480266,False,163.66568526467668,2.2918174107646405,False,False
583.88,7523,t7523,80,50.0,33,5,2,0.6547075725138646,True,4.21805348663976,0.7228875240265389,True,False
583.9,7524,t7524,120,75.0,76,0,1,0.6731823837552814,True,9.502985387002841,1.128371091806926,True,False
583.93,7525,t7525,80,50.0,79,6,8,0.6455498569236892,True,4.352264833788536,0.7571010377281301,True,False
583.96,7527,t7527,120,75.0,95,0,1,0.6753009178983576,True,7.533044302553685,1.1014956351219027,True,False
584.05,7529,t7529,80,50.0,23,7,5,0.6599352371266846,True,4.470711470224844,0.8231424879207577,True,False
584.05,7528,t7528,220,900.0,64,10,2,0.6362166277767143,False,171.6192407112551,2.3000804222144824,False,False
584.14,7530,t7530,270,200.0,22,2,6,0.6248339186025565,False,47.542492251676656,2.8393569618920367,False,False
584.18,7531,t7531,120,75.0,57,9,10,0.6503282723192478,True,8.097252226519954,1.1527739044867429,True,False
584.21,7532,t7532,300,250.0,93,4,5,0.6479538931337488,True,77.2377498393256,3.0001339005306753,True,False
584.26,7533,t7533,120,75.0,76,10,6,0.6360217565587384,True,7.348303873162925,1.1341373425065042,True,False
584.31,7534,t7534,220,900.0,35,7,8,0.6454392882652916,False,236.70922135476707,2.3521975099513868,False,False
584.32,7535,t7535,220,900.0,26,8,4,0.6480727157887944,False,193.31225266189847,2.2816377512796877,False,False
584.51,7536,t7536,80,50.0,22,7,4,0.646530222233194,True,3.5682594877580622,0.851328768414558,True,False
584.59,7537,t7537,80,50.0,63,8,10,0.6433498414164844,True,4.664101749987479,0.8731422993168476,True,False
584.79,7538,t7538,300,250.0,77,3,6,0.6617967068531582,True,76.43799307218657,2.967565486845168,True,False
584.79,7539,t7539,220,150.0,70,3,1,0.6358424711031553,True,34.68651563037369,2.2865901131441486,True,False
584.8,7540,t7540,300,250.0,74,9,4,0.6571538874042595,False,86.05380345281918,3.2299741547659364,False,False
584.81,7541,t7541,220,150.0,57,1,8,0.6264143484755511,True,39.18740236479849,2.4084404612145853,True,False
584.98,7542,t7542,300,250.0,99,2,6,0.6215939068971721,True,77.86935392347966,3.076624008861228,True,False
585.07,7544,t7544,80,50.0,82,2,6,0.6245926954258954,True,4.228548289761694,0.7801506579347094,True,False
585.15,7545,t7545,170,100.0,57,4,5,0.6505769970892558,True,17.760284936532194,1.5504199233735902,True,False
585.34,7547,t7547,270,1000.0,90,6,1,0.6484389591333901,False,255.00635789979773,2.9548986663741355,False,False
585.39,7548,t7548,300,250.0,78,9,10,0.6529038886910447,True,62.71558218650994,2.8832666675339844,True,False
585.45,7549,t7549,300,250.0,28,6,1,0.6447268466173889,False,81.33602325089639,3.2004011276406588,False,False
585.51,7550,t7550,220,150.0,69,7,5,0.6623187142023327,True,28.87323169151479,1.9952105834544949,True,False
585.79,7551,t7551,300,1000.0,28,2,6,0.6275315081840441,False,325.4366289390737,3.2237827771066376,False,False
585.82,7552,t7552,170,100.0,45,6,8,0.6482210416033972,True,14.802707129025006,1.6441911675012466,True,False
585.85,7553,t7553,220,150.0,81,10,1,0.6527348046313572,True,33.79807859641828,1.998188858333565,True,False
586.37,7556,t7556,300,250.0,72,1,5,0.6240357899669527,True,62.94684641452883,3.0508841562253277,True,False
586.39,7557,t7557,300,250.0,41,5,6,0.634166834364693,False,61.28062693455966,2.705866807546301,False,False
586.49,7558,t7558,80,50.0,61,9,2,0.6618884068242938,True,3.305471798307965,0.8216881264215914,True,False
586.7,7559,t7559,270,200.0,69,10,7,0.6371967406977851,False,113.29050234440228,8.047026284922104,False,True
586.9,7562,t7562,270,200.0,65,1,5,0.6269857408342804,True,62.63820418316232,2.692495270149192,True,False
587.06,7563,t7563,120,75.0,65,2,6,0.6242375446870299,True,9.9988433750716,1.2403677446845836,True,False
587.13,7566,t7566,300,250.0,61,2,4,0.6496256407195614,False,71.03576157957657,2.9817714676076275,False,False
587.13,7565,t7565,170,100.0,80,8,4,0.6443679281396852,True,19.229989449987194,1.6668068243411471,True,False
587.36,7567,t7567,80,50.0,78,6,8,0.650838802589511,True,3.837842109388555,0.7712110115840196,True,False
587.66,7568,t7568,220,150.0,76,9,10,0.6554279927354055,True,32.47005154835546,2.156608647778981,True,False
587.67,7569,t7569,120,75.0,68,2,6,0.6271834604599559,True,7.316914554645256,1.1902238568031038,True,False
587.8,7571,t7571,300,1200.0,23,2,6,0.6300704579174234,False,379.6747749792982,2.8710571210036457,False,False
587.87,7572,t7572,270,1000.0,54,5,8,0.6331564878952113,False,259.49977449910745,2.9259553438025963,False,False
587.88,7573,t7573,270,1000.0,44,0,5,0.6567762948334569,False,255.38843867316376,2.6519677266739694,False,False
588.24,7578,t7578,270,200.0,64,9,2,0.6639531002262695,True,59.51107472496476,2.8444977775767217,True,False
588.33,7579,t7579,120,75.0,25,8,2,0.6364818817616235,True,8.264689470883386,1.2725882928255856,True,False
588.43,7580,t7580,270,200.0,39,0,2,0.6760109074226134,False,64.20471810956796,2.908857383674717,False,False
588.46,7581,t7581,220,900.0,53,8,2,0.6391829107930577,False,174.52668561503418,2.0657706434164727,False,False
588.51,7582,t7582,170,100.0,38,10,6,0.6387319880942303,True,19.555732581238107,1.5358640372621588,True,False
588.64,7584,t7584,300,250.0,80,5,2,0.6571956028817691,False,81.12058270413984,3.011965636681364,False,False
588.64,7583,t7583,120,75.0,33,9,4,0.653267476322841,True,8.75049464996371,1.1358845918685267,True,False
588.65,7585,t7585,170,100.0,77,5,1,0.6324372007386876,True,15.511066912606784,1.7415738874344344,True,False
588.7,7586,t7586,80,50.0,90,3,5,0.6500916951143322,True,4.033433151176363,0.7775541739651195,True,False
588.95,7588,t7588,270,200.0,48,0,1,0.6773770813585723,False,51.50790215340098,2.8296250802753975,False,False
588.95,7589,t7589,270,200.0,61,4,6,0.6436595023294128,True,52.24445118038434,2.5689740808764547,True,False
589.01,7590,t7590,300,1200.0,30,10,6,0.6413880149990122,False,316.7751975616046,2.750138512686843,False,False
589.21,7591,t7591,220,150.0,88,4,6,0.6463684941010064,True,37.173763633959645,2.145949428194895,True,False
589.22,7592,t7592,170,100.0,73,5,4,0.6427339182610732,True,18.300574653967434,1.7097573084336612,True,False
589.23,7593,t7593,220,900.0,63,2,6,0.6267257154257416,False,161.25988925941652,2.2162677025851933,False,False
589.35,7594,t7594,80,50.0,36,4,6,0.6490233060371681,True,4.444124477918023,0.8280417145554115,True,False
589.74,7596,t7596,170,100.0,22,6,10,0.6460878770645645,True,16.849153982820063,1.78434290105118,True,False
589.8,7597,t7597,80,50.0,40,9,4,0.6556327934630508,True,3.494003718971458,0.8797836938455771,True,False
589.93,7598,t7598,220,150.0,98,4,6,0.6516250217346066,True,38.275217602903545,2.2684070205041276,True,False
589.97,7599,t7599,270,1000.0,30,2,6,0.6234478677838935,False,264.296349636101,2.8184975201889917,False,False
590.02,7600,t7600,300,250.0,44,6,1,0.6410889763517078,False,79.95116784980335,3.219457314289494,False,False
590.02,7601,t7601,300,250.0,94,6,10,0.6485967861899399,True,63.892009888265605,2.900323287120082,True,False
590.09,7602,t7602,300,1200.0,40,1,5,0.6298766926842615,False,288.4131597275827,2.9102266072672567,False,False
590.16,7603,t7603,300,250.0,79,8,10,0.6460650264063367,True,75.6153811605489,3.059870192333307,True,False
590.26,7604,t7604,120,75.0,65,8,4,0.6469112362435582,True,9.52327110149488,1.2163572553961675,True,False
590.3,7605,t7605,220,150.0,65,6,8,0.6534042083559027,True,39.1588349746967,2.2952012589754807,True,False
590.5,7606,t7606,170,100.0,90,3,5,0.6526720430302273,True,18.802041559154166,1.6788550436693086,True,False
590.64,7607,t7607,170,100.0,94,4,6,0.6541747031180962,True,15.47019543071729,1.6789788475326557,True,False
590.69,7608,t7608,80,50.0,79,0,1,0.6732377215495826,True,4.5568779353257876,0.7676448940366516,True,False
590.75,7609,t7609,170,500.0,64,8,2,0.6356559192438632,False,94.45171186693156,1.7670069088289726,False,False
590.78,7610,t7610,220,900.0,20,3,6,0.6641429545342769,False,208.78071246626624,1.9842343078031077,False,False
590.83,7611,t7611,170,100.0,53,0,1,0.6753551489367727,True,15.919953463778587,1.5861797354383338,True,False
590.85,7612,t7612,170,100.0,28,9,4,0.6579508042604565,True,17.280301947081867,1.596142523829884,True,False
590.92,7613,t7613,170,100.0,38,5,2,0.6534598726423156,True,16.777570159955054,1.7349408135227786,True,False
590.93,7614,t7614,220,150.0,27,4,1,0.6635674885957925,False,34.061872742402514,1.992001556412182,False,False
590.95,7615,t7615,270,900.0,41,0,1,0.6774302277762191,False,210.4548425196085,2.6337695177523583,False,False
591.01,7616,t7616,270,200.0,80,0,1,0.6732898050388766,True,52.23374582868484,2.4556558577192082,True,False
591.05,7618,t7618,80,50.0,26,7,8,0.6419386843181677,True,4.2566553847883455,0.7909365150821304,True,False
591.09,7619,t7619,270,900.0,78,3,1,0.638707803499274,False,206.15952049404999,2.4942052202630984,False,False
591.2,7620,t7620,80,50.0,27,10,4,0.6346780973583414,True,4.296071358639203,0.7709268824866194,True,False
591.27,7622,t7622,170,100.0,26,0,2,0.6718988710923429,True,14.165252470571318,1.864827937656953,True,False
591.27,7621,t7621,220,700.0,47,2,6,0.6202355770948823,False,174.85023128141552,2.165179370723289,False,False
591.32,7623,t7623,270,200.0,46,9,10,0.6579016146988793,False,52.523569082950765,2.462976763851025,False,False
591.32,7624,t7624,170,100.0,63,1,5,0.6265358254972428,True,18.592234741876094,1.7247029342586646,True,False
591.36,7625,t7625,120,75.0,26,9,2,0.6659764997602058,True,9.057047194046193,1.133996124665499,True,False
591.51,7626,t7626,220,900.0,81,4,5,0.6531476389656524,False,236.46102184514797,2.277852800403267,False,False
591.58,7627,t7627,300,1000.0,52,10,1,0.6549825700771916,False,338.5864050249303,3.1930191325141997,False,False
591.62,7628,t7628,170,100.0,89,10,1,0.6510113802141093,True,14.915576583056144,1.6695985741277637,True,False
591.86,7630,t7630,80,50.0,77,3,6,0.6602682772617732,True,3.2507812000735044,0.824669000373814,True,False
591.88,7631,t7631,270,200.0,72,6,1,0.6375238634913404,True,58.26287041418712,2.516221298252814,True,False
591.96,7632,t7632,220,150.0,44,10,4,0.6374152020778411,True,32.10380923817527,2.179528357948603,True,False
591.98,7633,t7633,120,75.0,42,2,4,0.646041309723352,True,8.474639176183521,1.1056666018760928,True,False
592.17,7634,t7634,170,100.0,41,2,1,0.6175121383742217,True,18.457129647935417,1.7304677192249514,True,False
592.17,7635,t7635,220,900.0,37,2,4,0.6487026653470668,False,194.09722318640416,2.0111865649998237,False,False
592.27,7636,t7636,270,200.0,65,1,5,0.6294357756539647,True,57.99475350362216,2.750793569559864,True,False
592.32,7637,t7637,170,100.0,87,6,10,0.6510555171328078,True,19.208822925082746,1.6614473104756116,True,False
592.32,7638,t7638,120,75.0,83,7,8,0.6446820924499861,True,8.273613758084036,1.154160189106118,True,False
592.36,7639,t7639,170,100.0,88,6,1,0.6402040528881802,True,17.01192981361796,1.5466432240747556,True,False
592.51,7640,t7640,120,75.0,20,1,8,0.6291885230445016,True,8.932085050201744,1.2185216307638822,True,False
592.56,7642,t7642,270,1000.0,22,2,5,0.6268230166841356,False,288.13962429880576,2.8511591273470605,False,False
592.69,7644,t7644,120,75.0,51,1,8,0.6319072141220732,True,9.764602749752507,1.202861911477376,True,False
592.81,7645,t7645,300,1000.0,71,9,4,0.660222454841914,False,340.56821326796603,2.9891194511140404,False,False
592.84,7646,t7646,300,250.0,71,7,5,0.6646545217364678,True,65.33147805347356,2.7751964093366435,True,False
592.94,7647,t7647,300,1200.0,33,5,4,0.6454614217140335,False,308.36547359396695,2.7947251567920923,False,False
593.16,7649,t7649,270,200.0,46,2,1,0.6207440774249191,False,57.14062046601144,2.457514033644369,False,False
593.17,7650,t7650,170,100.0,24,9,4,0.6562746724117424,True,15.87231193907557,1.814471436132714,True,False
593.24,7652,t7652,80,50.0,92,5,4,0.6419603750979347,True,4.546598683960118,0.747678859072032,True,False
593.28,7653,t7653,120,75.0,89,8,4,0.6494036781853537,True,8.206845180751191,1.2980705869725038,True,False
593.31,7654,t7654,80,50.0,93,2,4,0.6451367938583072,True,3.502328559299557,0.7306482824943572,True,False
593.42,7655,t7655,80,50.0,27,6,8,0.6559183060069664,True,3.707877230755096,0.8547745714726993,True,False
593.43,7656,t7656,220,700.0,96,9,2,0.6679594313034631,False,148.46692948026472,2.1193708909440683,False,False
593.49,7658,t7658,170,100.0,47,8,2,0.6321994675256525,True,14.685982814676368,1.7977531904100228,True,False
593.63,7659,t7659,270,200.0,44,8,2,0.6349861448418062,False,56.74975550553909,2.948447293328177,False,False
593.67,7660,t7660,120,75.0,86,6,1,0.6428306384970832,True,8.574079915735258,1.2297155355966227,True,False
593.77,7661,t7661,270,900.0,40,7,8,0.6473706324191681,False,241.0129061655691,2.5935350593536395,False,False
593.85,7662,t7662,80,50.0,23,5,1,0.6352191233905805,True,4.713241794397032,0.8632437016759922,True,False
593.89,7663,t7663,220,150.0,62,3,1,0.6353418292474703,True,32.32220549768689,2.0074462055478675,True,False
593.96,7664,t7664,80,50.0,51,3,5,0.6552007839878046,True,4.470929582816572,0.7257641368425547,True,False
594.01,7665,t7665,120,75.0,91,9,2,0.6637287042158553,True,9.279003235750446,1.3106594175174155,True,False
594.04,7666,t7666,270,200.0,22,9,10,0.6541517642230835,False,45.548229714316484,2.957391481668106,False,False
594.23,7669,t7669,300,250.0,37,8,2,0.6315430886116368,False,74.473075486491,3.154354505458746,False,False
594.27,7670,t7670,120,75.0,57,8,4,0.6518462712883133,True,9.023784037944372,1.1690853979994928,True,False
594.33,7671,t7671,270,200.0,24,9,4,0.6585798456301742,False,44.26019554056094,2.479834263566411,False,False
594.35,7672,t7672,80,50.0,23,4,6,0.6566733908739161,True,4.664866091424387,0.8602758960714326,True,False
594.58,7675,t7675,220,150.0,40,9,4,0.6546649153842373,True,28.4650816132697,2.0221079411113467,True,False
594.62,7676,t7676,170,100.0,46,3,5,0.6576789501262302,True,17.967430493702487,1.6064627832079084,True,False
594.75,7677,t7677,170,100.0,82,7,5,0.6669436131199203,True,13.602407825217249,1.8346520730705835,True,False
594.83,7678,t7678,80,50.0,67,0,1,0.6754061907562808,True,4.447156699931023,0.8327625663826739,True,False
594.97,7680,t7680,170,100.0,76,0,5,0.6528974356034544,True,19.095931671771645,1.7974302972271463,True,False
595.02,7681,t7681,80,50.0,20,8,4,0.6542400125292137,True,4.42287807531883,0.8189104439624773,True,False
595.06,7682,t7682,120,75.0,28,0,2,0.6740430754886779,True,10.107733166573777,1.1447716931889738,True,False
595.32,7684,t7684,220,150.0,27,2,4,0.6478162397993229,False,33.872421437361346,2.2248553137730354,False,False
595.36,7685,t7685,120,75.0,23,8,10,0.6487259076963917,True,8.70715068531001,1.149597459794795,True,False
595.5,7688,t7688,80,50.0,71,6,10,0.6534650734568184,True,4.548472634297759,0.764738954444591,True,False
595.57,7689,t7689,300,250.0,96,9,10,0.6504769107568037,True,80.69722657577779,2.9415838616450993,True,False
595.6,7690,t7690,80,50.0,65,5,1,0.6379454075894356,True,3.8956142181747904,0.8361504249634891,True,False
595.65,7691,t7691,220,700.0,67,8,9,0.6286567283626859,False,340.0951157399255,4.2164484563726505,False,True
595.73,7692,t7692,170,100.0,57,7,5,0.6691869226757038,True,20.373463817394814,1.762054592437857,True,False
596.31,7695,t7695,300,1200.0,39,8,10,0.6513335713606456,False,290.0459355887923,3.075169869753899,False,False
596.47,7696,t7696,270,200.0,68,5,4,0.6447033494141577,True,52.83035549045724,2.556706827329673,True,False
596.66,7697,t7697,120,75.0,83,0,1,0.6774802487593371,True,10.09096870791199,1.271679380239277,True,False
596.71,7698,t7698,220,150.0,79,6,10,0.6558264386543486,True,31.952122178045325,2.363736950147842,True,False
596.81,7699,t7699,270,200.0,44,8,4,0.6565858789452961,False,44.5213069070933,2.6456248240297335,False,False
596.97,7700,t7700,170,100.0,77,6,10,0.6581405765479283,True,16.2482454438446,1.5407879606017503,True,False
596.99,7701,t7701,220,150.0,46,0,5,0.655270153558052,True,26.730357594065847,2.289173431328235,True,False
597.03,7702,t7702,80,50.0,44,7,8,0.6438314015889667,True,3.7662316708643333,0.734743644798427,True,False
597.41,7703,t7703,170,100.0,85,2,1,0.6177373776946026,True,14.248277094442322,1.6814431619262284,True,False
597.48,7704,t7704,170,700.0,35,0,2,0.6761443957970862,False,114.67805520732273,1.7590473781140208,False,False
597.57,7706,t7706,170,100.0,29,8,4,0.6527108280330568,True,15.438985763061119,1.7870781245314094,True,False
597.62,7707,t7707,120,75.0,69,2,1,0.6209648119588923,True,9.1827729865947,1.3120342948851353,True,False
597.7,7708,t7708,170,500.0,47,5,4,0.6473914642440565,False,73.70458755117328,1.759179898179254,False,False
597.74,7709,t7709,120,75.0,63,5,2,0.6559728570076512,True,9.967108866812382,1.317491818938967,True,False
597.81,7710,t7710,270,900.0,70,1,6,0.6323494912765915,False,234.19796040970283,2.9393963635659355,False,False
597.92,7711,t7711,80,50.0,44,0,5,0.6575954171535575,True,4.230630778177659,0.7277230524728628,True,False
597.94,7712,t7712,220,700.0,68,8,4,0.6550872781390623,False,129.89286901807648,2.1179631904533993,False,False
597.95,7713,t7713,220,150.0,36,4,1,0.6597043206420584,True,31.36371648416873,2.156214371653149,True,False
598.24,7716,t7716,80,50.0,26,10,1,0.6532936141482886,True,4.229293714418498,0.739086582108952,True,False
598.45,7717,t7717,120,75.0,52,3,1,0.6382171744807028,True,8.303423784009551,1.1669959615538266,True,False
598.48,7718,t7718,220,150.0,96,10,4,0.640097564702951,True,38.50369472456534,2.0952364323619763,True,False
598.57,7719,t7719,220,150.0,38,1,8,0.6345715313780933,True,33.54321361747246,2.367586722127365,True,False
598.58,7720,t7720,120,75.0,33,1,5,0.632277726807552,True,9.463980764351124,1.3167915997170114,True,False
598.84,7722,t7722,170,100.0,30,0,1,0.6795128256023321,True,20.220239102102983,1.5944063055633266,True,False
598.96,7724,t7724,270,200.0,57,4,5,0.6494928680045212,False,57.81055834651003,2.8751012999727514,False,False
599.07,7726,t7726,120,75.0,55,2,5,0.6236947381686347,True,8.13251173904763,1.2162085379019105,True,False
599.28,7727,t7727,270,200.0,64,6,10,0.6604084316836364,True,54.77361931568984,2.460159489594505,True,False
599.43,7729,t7729,170,100.0,29,10,6,0.6378169213656987,True,15.248526075862609,1.6170960455838255,True,False
599.43,7728,t7728,120,75.0,21,1,6,0.6289591681177263,True,9.697521195591923,1.2338006569141078,True,False
599.78,7731,t7731,170,100.0,66,2,1,0.6241276975378963,True,20.067198013700445,1.6162171065384001,True,False
599.9,7732,t7732,170,100.0,74,10,1,0.6555302034037844,True,15.258179235937053,1.701099582873113,True,False
600.0,7733,t7733,170,100.0,36,9,2,0.6657565916699999,True,15.579637087927313,1.7963918202842284,True,False
600.07,7735,t7735,300,250.0,29,7,4,0.6491817996067121,False,61.99903892134344,2.8754697672876754,False,False
600.1,7736,t7736,270,200.0,30,6,10,0.6626309297166304,False,45.87597883291643,2.7247736311447124,False,False
600.13,7737,t7737,270,200.0,35,10,1,0.6577220608741703,False,47.33701135573566,2.434764777657712,False,False
600.28,7739,t7739,220,700.0,70,7,4,0.6456063454327595,False,141.01774691094906,2.3607043768772655,False,False
600.28,7738,t7738,80,50.0,67,3,1,0.6410350128092706,True,4.682245326300453,0.7402797840543898,True,False
600.3,7740,t7740,80,50.0,93,0,1,0.6815047509084673,True,3.2779021602635785,0.7557273876551031,True,False
600.36,7741,t7741,220,150.0,32,1,8,0.6371825622889928,True,30.89423056110162,2.2448915492653287,True,False
600.39,7742,t7742,120,75.0,93,10,4,0.6427262800755587,True,9.462266747264701,1.1470146262677186,True,False
600.42,7743,t7743,120,75.0,88,0,1,0.6834568377084798,False,7.664060482206953,1.107051398109038,True,False
600.54,7744,t7744,270,200.0,45,0,2,0.6720296896993263,False,45.078887514960876,2.5628943006080322,False,False
600.56,7745,t7745,270,200.0,25,4,5,0.6459111924626125,False,50.19085667833585,2.9057097890856216,False,False
600.67,7746,t7746,300,250.0,95,10,6,0.6404912496050513,True,61.25419908903531,2.743878528405375,True,False
600.73,7747,t7747,170,100.0,34,2,1,0.6272273254053202,False,15.736384637026127,1.582952895586634,True,False
600.89,7748,t7748,170,700.0,27,2,4,0.6442680968215183,False,116.25203955962074,1.8143991185314337,False,False
600.92,7749,t7749,270,200.0,99,4,6,0.6591221048746196,True,55.63699976108097,2.9479941715541758,True,False
601.04,7750,t7750,270,200.0,51,9,10,0.6530495543598495,True,44.81071467109284,2.9305902736842437,True,False
601.05,7751,t7751,220,150.0,29,5,2,0.6584355816856798,True,28.97411474703383,2.2901192524498395,True,False
601.09,7752,t7752,300,1200.0,60,8,4,0.6512421992429478,False,393.0463737813902,3.0568804062571755,False,False
601.21,7753,t7753,120,75.0,58,4,6,0.661521844595309,True,10.614141788723515,1.2497657563775582,True,False
601.26,7754,t7754,120,75.0,27,6,10,0.6586349777889645,True,10.348721418580205,1.2634362277349858,True,False
601.28,7755,t7755,220,900.0,31,6,10,0.6608929448998518,False,206.9253308400904,2.1814384040214345,False,False
601.3,7756,t7756,80,50.0,64,1,8,0.6397413725816745,True,3.3120481956825327,0.8082396066601275,True,False
601.32,7757,t7757,270,200.0,60,0,1,0.679195882772492,False,61.57045913945071,2.9338604526781507,False,False
601.39,7758,t7758,120,75.0,39,7,4,0.6421024003422863,True,9.964060078201864,1.2971423702907683,True,False
601.45,7759,t7759,270,1000.0,48,5,2,0.6608490518701481,False,272.9234148075206,2.91992287360591,False,False
601.47,7760,t7760,300,250.0,76,5,4,0.6438518167773571,False,89.41383820392417,3.144288682700542,False,False
601.49,7761,t7761,170,700.0,88,7,5,0.6713853660403715,False,130.73920934272883,1.6402256671602609,False,False
601.63,7762,t7762,170,100.0,24,3,5,0.6601075529418875,True,16.036387419595606,1.7526493526258546,True,False
601.73,7763,t7763,80,50.0,81,9,10,0.6555707450908342,True,4.60414909708326,0.8527919647001581,True,False
601.74,7764,t7764,120,75.0,77,10,6,0.643112091279617,True,8.43106061495053,1.24230585873778,True,False
601.8,7765,t7765,270,1000.0,56,7,5,0.6673658405377458,False,267.9207327752796,2.7298757546982246,False,False
601.95,7766,t7766,270,200.0,79,5,1,0.6406171661043135,True,57.933027152786465,2.8238788719674215,True,False
601.98,7767,t7767,270,200.0,44,4,1,0.6620924160473991,False,56.29669549602562,2.631346125773512,False,False
602.05,7768,t7768,120,75.0,79,5,2,0.657040252650927,False,9.036018774390595,1.2692694061327199,True,False
602.19,7769,t7769,80,50.0,71,8,4,0.6474740219247556,True,4.3281557638117425,0.8025539270686122,True,False
602.29,7770,t7770,300,250.0,36,8,2,0.6281688935060706,False,60.65326602829272,2.926606582680824,False,False
602.4,7771,t7771,220,150.0,37,4,6,0.6638735895215847,True,33.45439864566294,2.044801611141025,True,False
602.49,7772,t7772,80,50.0,94,4,1,0.6582587495446329,True,4.612904767551789,0.7864286292260478,True,False
602.53,7773,t7773,300,250.0,24,10,6,0.6456805161206914,False,86.48105377070671,2.7743385717829425,False,False
602.56,7775,t7775,300,250.0,37,7,4,0.6448425341536222,False,88.38191211622265,2.766842887702315,False,False
602.56,7774,t7774,270,1000.0,34,10,4,0.6453024211407141,False,244.2738373930705,2.7803062348635152,False,False
602.87,7778,t7778,220,150.0,78,9,2,0.6677439213750613,True,37.873339271827156,2.3053252487915503,True,False
602.98,7779,t7779,300,250.0,93,5,2,0.6533076294160902,True,74.96401843103398,2.818897312321232,True,False
602.99,7780,t7780,270,200.0,38,9,10,0.6580415120071994,False,55.133778770181394,2.704894848924851,False,False
603.04,7781,t7781,120,75.0,70,8,4,0.6499552081529271,True,8.549687045096983,1.2051344462828126,True,False
603.06,7782,t7782,220,150.0,50,5,4,0.6403829622599918,True,28.572106515027166,2.1005328818769184,True,False
603.2,7784,t7784,270,200.0,92,9,4,0.6570022837432193,True,58.1372688515425,2.729361351608629,True,False
603.21,7785,t7785,270,900.0,67,6,1,0.6454046923938083,False,246.89932257831273,2.4724762106435074,False,False
603.39,7786,t7786,300,1000.0,28,8,10,0.6477150817516145,False,304.6844986315371,2.803672924731825,False,False
603.43,7787,t7787,220,700.0,53,0,5,0.6598741754771531,False,144.01487338955056,2.346594830518584,False,False
603.47,7788,t7788,220,900.0,97,8,10,0.644168961934764,False,161.03003388443088,2.1292675459620733,False,False
603.49,7789,t7789,300,250.0,75,3,1,0.643796494371267,True,67.64889382561334,3.0389769994351044,True,False
603.58,7791,t7791,270,200.0,66,10,6,0.6420235724649442,True,46.792965482037665,2.9145319848175832,True,False
603.67,7792,t7792,120,75.0,68,9,10,0.6542888635852372,True,10.036711431315839,1.2303141887410882,True,False
603.68,7793,t7793,220,150.0,96,10,4,0.6416530393845665,True,33.29377062139309,2.1543658625064026,True,False
603.74,7794,t7794,170,100.0,81,1,5,0.6350628389380677,True,17.59114022964915,1.7371552463509516,True,False
603.76,7795,t7795,170,500.0,95,1,6,0.6318106514220384,True,68.72572543243596,1.6300432867165884,True,False
603.81,7796,t7796,120,75.0,87,6,10,0.6569317526685214,True,10.371965606953422,1.111488181787449,True,False
604.0,7797,t7797,270,200.0,49,3,1,0.6465027463020234,False,62.467841934134974,2.9282503299618843,False,False
604.06,7798,t7798,270,200.0,79,5,4,0.6431574848329739,True,52.10475738561168,2.4396271750398766,True,False
604.12,7799,t7799,300,250.0,40,5,2,0.6558236586459503,False,61.34770479599823,3.2124037830159438,False,False
604.22,7800,t7800,220,150.0,23,10,6,0.6446137676823119,False,34.60908542394796,2.082054229006566,False,False
604.29,7801,t7801,270,200.0,80,3,5,0.6624875837012316,True,46.72809215049614,2.458968793035643,True,False
604.31,7802,t7802,300,250.0,95,5,2,0.6521153672912131,True,78.825618454276,3.2684539189752426,True,False
604.33,7803,t7803,220,700.0,86,4,1,0.660675756371922,False,151.59031375920375,2.3473739811170757,False,False
604.66,7807,t7807,270,200.0,25,1,8,0.6422490066685027,False,61.137589573397975,2.910110015782951,False,False
604.69,7808,t7808,300,1200.0,39,0,2,0.6679972777235216,False,297.1377116418551,2.805425515961335,False,False
605.01,7809,t7809,170,700.0,75,1,5,0.637792248825973,False,141.23259013951608,1.5578568502938763,False,False
605.16,7810,t7810,120,75.0,88,5,2,0.6546552417635706,True,9.781444705796064,1.2226743814244903,True,False
605.19,7811,t7811,80,50.0,46,6,10,0.6592237842818177,True,4.088669728654215,0.8353344717633457,True,False
605.22,7812,t7812,300,1200.0,40,7,5,0.6634267055451727,False,318.15206680020117,3.215250156587542,False,False
605.38,7814,t7814,120,75.0,47,4,6,0.6661782995493348,True,10.736496426338293,1.1278769910033777,True,False
605.62,7815,t7815,170,100.0,46,7,5,0.659566353252451,True,15.218300280857784,1.5682740405765172,True,False
605.73,7816,t7816,120,75.0,48,9,10,0.6567852681317142,True,10.267799485875248,1.201444141956241,True,False
605.82,7817,t7817,80,50.0,35,9,2,0.6696915044860217,True,4.621840167003624,0.8357678370945267,True,False
605.85,7818,t7818,170,100.0,86,2,1,0.6240909607153956,True,14.924812389832216,1.6482282321910824,True,False
606.07,7819,t7819,220,700.0,93,4,5,0.6424011504315421,False,144.21603816716186,2.298379162490624,False,False
606.2,7820,t7820,300,250.0,70,5,1,0.643235489448894,False,70.16478727590909,3.09187825260189,False,False
606.28,7821,t7821,170,100.0,27,6,1,0.6417532652125987,True,16.008664682822953,1.5732805882910905,True,False
606.29,7822,t7822,170,100.0,37,4,1,0.6568704230626654,True,19.273567302198636,1.854864914101501,True,False
606.36,7823,t7823,170,500.0,57,10,1,0.6536960811951484,False,97.20206653246817,1.6420268089545995,False,False
606.49,7824,t7824,170,500.0,83,8,1,0.6278494442124045,True,80.56994831293035,1.553090215931913,True,False
606.57,7825,t7825,270,1000.0,61,9,10,0.6592317445872619,False,236.31366715420705,2.5641641722200084,False,False
606.59,7826,t7826,120,75.0,84,1,6,0.6346051050602644,True,8.282037940344832,1.1282548530793663,True,False
606.72,7828,t7828,170,100.0,70,0,5,0.6559333586342767,True,16.76089878773684,1.585933915916986,True,False
606.8,7829,t7829,270,1000.0,51,0,2,0.664045513987233,False,277.98299978595617,2.7611052503453997,False,False
606.89,7831,t7831,300,250.0,83,6,8,0.6583821217050089,True,78.70370258735745,3.1249577419979016,True,False
606.94,7834,t7834,120,75.0,89,4,1,0.6593151964195939,True,7.243649305372937,1.128988126619769,True,False
606.95,7835,t7835,270,200.0,85,10,1,0.649750621109707,False,57.04739614237782,2.816146441931484,True,False
607.08,7836,t7836,300,1000.0,21,8,10,0.6406937645142506,False,328.1312189309013,2.945872026423107,False,False
607.19,7837,t7837,80,50.0,22,7,5,0.6619572080055839,True,4.39684761482447,0.8203089937536648,True,False
607.28,7838,t7838,120,75.0,43,7,4,0.6413538652887317,True,8.517412609731352,1.2772872382848786,True,False
607.33,7839,t7839,120,75.0,76,4,1,0.6617110743093838,True,9.43194517215266,1.1569104264353927,True,False
607.4,7840,t7840,80,50.0,48,9,2,0.6716001359347628,True,4.188886171242364,0.7965004274829451,True,False
607.4,7841,t7841,170,100.0,28,0,5,0.6582453581282578,True,17.623097056068314,1.6769311899298598,True,False
607.41,7842,t7842,80,50.0,40,8,1,0.6305949168666178,True,4.657559556478189,0.7814084074111806,True,False
607.43,7843,t7843,80,50.0,80,8,10,0.6372880710421475,True,4.025544674157074,0.871996999868726,True,False
607.59,7844,t7844,170,500.0,81,2,1,0.6271913233192695,False,81.31730731878912,1.7833476986995438,False,False
607.6,7845,t7845,270,900.0,63,7,5,0.6643002456636541,False,285.6222593736442,2.4974190312004096,False,False
607.64,7847,t7847,170,100.0,61,8,4,0.6523867706565352,True,19.889737199477285,1.8116384327077462,True,False
607.64,7846,t7846,270,200.0,84,4,1,0.664059034641378,True,49.371838435229186,2.6088235734788126,True,False
607.66,7848,t7848,170,500.0,86,10,6,0.6409781589953324,False,98.75368022165601,1.6992059354348088,False,False
607.73,7850,t7850,270,900.0,92,1,5,0.6342930705161202,False,263.0293335421401,2.706664337073705,False,False
607.74,7851,t7851,300,250.0,78,5,4,0.6458765169544961,True,76.23286367983252,2.75743363668287,True,False
607.81,7852,t7852,120,75.0,83,7,8,0.6465369553753691,True,7.388520759830367,1.1150062075131446,True,False
607.86,7853,t7853,270,900.0,55,3,1,0.6429808731941647,False,285.08392708680344,2.580172146335177,False,False
607.95,7854,t7854,170,100.0,90,3,1,0.6395294375484633,True,19.383662267072943,1.8146973809963005,True,False
608.03,7855,t7855,270,1000.0,56,5,1,0.6396274463265826,False,219.58621170768984,2.966871007251649,False,False
608.22,7856,t7856,270,900.0,29,6,10,0.661469975262848,False,261.7747158595813,2.684201423232862,False,False
608.33,7857,t7857,220,150.0,83,7,5,0.6604224225685628,True,33.034756177518055,2.3967228244624517,True,False
608.6,7859,t7859,300,250.0,74,5,1,0.6360915640667177,False,86.03576754748026,2.738206572302752,False,False
608.7,7861,t7861,170,500.0,49,6,8,0.6607966610890905,False,91.99459445669665,1.6772748637283401,False,False
608.79,7862,t7862,300,250.0,86,1,5,0.6308638757724645,True,67.46749848899319,2.709480052202157,True,False
608.81,7864,t7864,220,700.0,51,5,2,0.657144318746481,False,178.0785444879969,1.9989165707453709,False,False
608.83,7865,t7865,300,1200.0,91,3,6,0.6626450935347196,False,391.96572675293055,3.0901539595949976,False,False
608.86,7866,t7866,300,250.0,49,4,6,0.6684369153765299,False,82.71750492487945,2.814213859024698,False,False
608.98,7868,t7868,120,75.0,97,2,5,0.6268030252234439,True,8.689412491356686,1.1808317992498982,True,False
609.09,7870,t7870,170,100.0,82,1,5,0.6336772649236818,True,17.5874821119907,1.5707851822239707,True,False
609.23,7871,t7871,270,1000.0,31,9,10,0.6554552915136984,False,314.44966525403885,2.830271128771572,False,False
609.28,7872,t7872,170,100.0,70,9,10,0.6517543675016062,True,19.334469366488083,1.61666696298381,True,False
609.36,7873,t7873,270,200.0,77,2,5,0.6298491465371567,True,62.19812278671929,2.625911724752557,True,False
609.38,7874,t7874,170,100.0,65,6,8,0.6569889096854905,True,19.518356758167677,1.8459590988594383,True,False
609.46,7875,t7875,170,100.0,37,10,6,0.6374152624820925,True,15.1100884709418,1.6342762381968767,True,False
609.47,7876,t7876,220,900.0,31,4,6,0.6644763588871812,False,218.2672555554471,2.246186675620651,False,False
609.53,7877,t7877,120,75.0,93,1,8,0.6385324880735941,True,10.491917302505087,1.2385086905817917,True,False
609.66,7880,t7880,80,50.0,98,8,10,0.6401244914394862,True,3.217685405719837,0.7686266100120069,True,False
609.66,7879,t7879,80,50.0,84,2,1,0.6240556786710659,True,4.397434136111215,0.7214156988242368,True,False
609.68,7881,t7881,270,900.0,40,5,4,0.648541168433588,False,260.22444469589396,2.637816086777957,False,False
609.69,7882,t7882,270,200.0,90,7,4,0.6441089698011389,True,62.19440197137427,2.8703255373720977,True,False
609.73,7883,t7883,300,250.0,71,10,6,0.6400976238991173,False,65.91284538317919,3.0446487763695265,True,False
609.75,7884,t7884,300,250.0,25,9,2,0.673470594754529,False,68.28233005579541,2.9430960334733767,False,False
609.83,7885,t7885,80,50.0,37,9,4,0.6592929047350217,True,4.371727338100244,0.7714758372343838,True,False
609.9,7886,t7886,220,150.0,84,5,1,0.6326263994520501,True,37.218312989055526,2.203221873566914,True,False
609.99,7887,t7887,120,75.0,35,5,1,0.6354045381296757,True,9.279864378514228,1.1345347362014127,True,False
609.99,7888,t7888,270,200.0,24,10,6,0.6365523380878015,False,44.70186121503532,2.8947790526683614,False,False
610.1,7889,t7889,170,100.0,49,3,6,0.6588003734822069,True,16.649711295416527,1.6462860628844187,True,False
610.14,7890,t7890,120,75.0,98,0,1,0.675020146935224,True,8.615138341479563,1.1845123739690928,True,False
610.33,7893,t7893,170,100.0,40,1,6,0.6373436696257256,True,16.433776513111162,1.5696312943998438,True,False
610.36,7894,t7894,80,50.0,46,2,1,0.6271567469158265,True,4.736267509372308,0.793466160862198,True,False
610.4,7895,t7895,80,50.0,59,5,4,0.6449785268830981,True,3.9528917593660062,0.7404199533983964,True,False
610.41,7896,t7896,300,1200.0,20,7,4,0.6468089722232979,False,425.5811806674654,3.239764816166442,False,False
610.42,7897,t7897,170,700.0,91,9,4,0.6615377133069879,False,118.65972841405676,1.7352746423531789,False,False
610.43,7898,t7898,300,1200.0,62,0,2,0.6601727855256702,False,424.65461052440344,2.703666345295796,False,False
610.61,7899,t7899,120,75.0,99,4,1,0.6663600357667323,True,8.671404351897138,1.28302657833168,True,False
610.65,7900,t7900,300,1000.0,44,10,4,0.6442506452635418,False,314.13452862527663,2.764170069395223,False,False
610.69,7902,t7902,300,1000.0,67,2,4,0.6407909167032697,False,254.9178422536307,3.057826365818037,False,False
610.71,7903,t7903,120,75.0,72,7,4,0.6432809745970137,True,10.352005761631737,1.2056064072887176,True,False
610.89,7905,t7905,300,1000.0,94,0,5,0.6605111176323594,False,320.93681438657023,3.076555764278856,False,False
611.09,7907,t7907,300,250.0,88,6,10,0.6574972424242577,True,69.33454146686297,2.9058042702178106,True,False
611.17,7908,t7908,220,150.0,41,0,2,0.6563775116333385,True,36.611822565601024,2.267259826414938,True,False
611.19,7909,t7909,300,1000.0,42,4,8,0.6411169287412445,False,345.28590447100385,3.0440085922280637,False,False
611.33,7910,t7910,270,200.0,23,0,2,0.6588321432188536,False,57.5369718073259,2.9332393861003436,False,False
611.35,7911,t7911,170,500.0,30,2,1,0.6301957937956918,False,92.064109371172,1.5654203855391888,False,False
611.7,7913,t7913,220,150.0,47,0,2,0.6550636821726583,True,28.76875948900898,2.2743390460937785,True,False
611.7,7912,t7912,300,250.0,34,2,1,0.6270000597379597,False,80.02395623028691,2.892281024101376,False,False
611.79,7914,t7914,80,50.0,56,8,4,0.6547697019100711,True,4.266385320906942,0.8462779265825202,True,False
611.86,7915,t7915,120,75.0,82,6,10,0.6597779642424392,True,7.638946998870022,1.2198165963164673,True,False
612.01,7917,t7917,270,900.0,33,9,10,0.6543014619697559,False,229.23975738547222,2.770595056204928,False,False
612.14,7918,t7918,80,50.0,47,1,5,0.636434386291875,True,4.274251976031421,0.8460666092247469,True,False
612.32,7919,t7919,80,50.0,33,10,8,0.6339182933405804,True,4.112901820629811,0.8597514320297354,True,False
612.45,7920,t7920,270,900.0,22,6,8,0.6594313133099626,False,206.50860443526682,2.677650122990977,False,False
612.62,7921,t7921,220,150.0,95,9,2,0.6691296443979,True,37.64679527585849,2.118903694630958,True,False
612.65,7922,t7922,120,75.0,75,5,4,0.6476611381636179,True,8.803167213853833,1.0968271448968745,True,False
612.85,7923,t7923,300,250.0,95,7,5,0.6627961559353733,False,73.79120953611726,3.043390843478252,True,False
613.11,7924,t7924,270,200.0,69,5,1,0.6381271140337489,True,53.7349868622015,2.747274644674944,True,False
613.24,7925,t7925,220,900.0,86,5,4,0.6502900972185274,False,188.97202094976717,2.012285073050906,False,False
613.25,7926,t7926,170,700.0,20,7,5,0.6589484146348478,False,101.56776375528773,1.7905702940874908,False,False
613.29,7927,t7927,300,1000.0,61,0,1,0.6771019258147013,False,326.5156976472036,2.9489501508037415,False,False
613.3,7928,t7928,220,150.0,61,2,4,0.6373832801873861,True,38.166720455072515,2.1317720354565037,True,False
613.33,7929,t7929,270,200.0,58,6,1,0.6443488665750133,True,47.15604153312841,2.487145857508742,True,False
613.66,7930,t7930,80,50.0,30,6,1,0.6468925559101798,True,4.683886614185849,0.7558733638893714,True,False
613.83,7931,t7931,80,50.0,75,10,4,0.6406222990249376,True,4.624998291299487,0.8333842182324669,True,False
613.98,7932,t7932,170,700.0,69,7,8,0.6491883980860436,False,113.52005929386699,1.596629818618893,False,False
614.04,7934,t7934,220,150.0,89,6,10,0.662013071624257,True,33.30237528810701,2.3962819180029,True,False
614.04,7933,t7933,170,100.0,41,0,1,0.672968069116589,True,14.814669424002082,1.55002726796274,True,False
614.1,7935,t7935,220,150.0,81,5,2,0.6534096141897333,True,30.12847270484747,2.1050147932902945,True,False
614.13,7936,t7936,270,1000.0,62,9,4,0.6575636257075147,False,310.86183355497826,2.7006833653124858,False,False
614.17,7937,t7937,170,100.0,65,1,5,0.6391363652327041,True,14.291889389265542,1.5923984223635126,True,False
614.19,7938,t7938,80,50.0,89,4,10,0.6400474928593368,True,4.388581073763854,0.7383913359896264,True,False
614.34,7940,t7940,300,250.0,53,4,1,0.6686150168695795,False,86.34029572848699,3.2760873598624363,False,False
614.47,7942,t7942,300,250.0,21,4,10,0.6426772096688168,False,69.17069152415291,2.798288690178889,False,False
614.67,7944,t7944,270,200.0,43,7,5,0.6551776281603326,False,63.59359043005775,2.8485253827735,False,False
614.7,7945,t7945,170,100.0,32,7,4,0.6459975369232553,True,19.899479507821823,1.5945608966599767,True,False
614.79,7946,t7946,170,100.0,83,2,1,0.6238682403613823,True,19.358430582832526,1.6665722729833512,True,False
614.8,7947,t7947,80,50.0,39,9,10,0.6506236145485426,True,3.395783878999958,0.7910730851787898,True,False
614.82,7948,t7948,270,900.0,32,3,6,0.6612065478307446,False,208.46034135917412,2.641072948024962,False,False
615.1,7949,t7949,270,200.0,35,7,4,0.6486597680029721,False,62.59241017812403,2.871783512467373,False,False
615.14,7951,t7951,80,50.0,43,7,8,0.6456128119425045,True,4.37464150283389,0.8426126051149802,True,False
615.14,7950,t7950,300,250.0,63,10,8,0.6368221092919506,False,87.99667813834216,3.0563990393790688,False,False
615.15,7952,t7952,270,1000.0,45,3,6,0.6573905986923115,False,241.51027636346342,2.710002029960444,False,False
615.33,7953,t7953,300,250.0,72,7,5,0.6514822574153077,True,66.92562216114187,3.047223195493317,True,False
615.34,7954,t7954,300,250.0,45,9,2,0.6710495130484035,False,64.73066352153293,2.8570378058021726,False,False
615.35,7955,t7955,170,100.0,56,2,4,0.6402177964018202,True,19.28088291794753,1.670375601582989,True,False
615.52,7957,t7957,300,1200.0,55,0,1,0.6750908895524391,False,356.14343421261026,2.8066393038574717,False,False
615.53,7958,t7958,300,1200.0,66,0,1,0.6709972535795722,False,397.92896310769635,2.8970672769412613,False,False
615.63,7959,t7959,170,100.0,53,4,1,0.6646508983503697,True,16.29446294479638,1.73697373350006,True,False
615.75,7960,t7960,170,500.0,81,9,10,0.6531933240757536,False,91.43984563575856,1.6853543063522312,False,False
615.97,7961,t7961,270,200.0,22,1,8,0.6410642998505838,False,51.51995452448614,2.8468403609293733,False,False
616.02,7962,t7962,120,75.0,56,4,2,0.6398230926709246,True,8.201623266844773,1.2601494353810312,True,False
616.09,7963,t7963,270,1000.0,53,5,2,0.6559236037241204,False,224.68489933207502,2.784117531483889,False,False
616.21,7964,t7964,220,700.0,26,9,2,0.6667569843258969,False,133.35971491375608,2.1799167025629242,False,False
616.22,7965,t7965,220,700.0,59,1,5,0.6417843045947167,False,149.77006631149166,2.072366470576482,False,False
616.27,7966,t7966,170,100.0,93,0,1,0.6669854903261625,True,14.145714875732374,1.8030435880380031,True,False
616.3,7967,t7967,80,50.0,63,3,5,0.6648200138453888,True,3.3335447925333135,0.8253032001554204,True,False
616.32,7968,t7968,220,150.0,38,9,2,0.6625503061778406,True,31.353607178162846,2.1485722900821784,True,False
616.35,7969,t7969,170,100.0,63,1,8,0.6373714753920336,True,16.765698432370698,1.620018670380982,True,False
616.43,7971,t7971,220,900.0,33,9,4,0.6536690198600311,False,232.92266631158117,2.256265255753002,False,False
616.48,7972,t7972,270,200.0,22,3,6,0.6536509685366471,False,58.29331449748861,2.6642373670798833,False,False
616.61,7974,t7974,220,700.0,64,3,1,0.6423210306156758,False,128.408842394857,2.1838406552241936,False,False
616.83,7975,t7975,170,100.0,51,10,1,0.6458840702259743,True,18.918841413805264,1.862692888684164,True,False
616.86,7976,t7976,300,250.0,37,10,4,0.6432405197111056,False,77.09669978330194,3.1403130929409833,False,False
616.9,7977,t7977,220,150.0,92,6,8,0.6556508688619451,True,36.01015404687465,2.343224789826231,True,False
616.93,7978,t7978,120,75.0,47,6,10,0.6642034768584387,True,9.291253268091046,1.0820500315055415,True,False
617.11,7981,t7981,270,1000.0,73,0,1,0.6692279623378211,False,246.7074807446515,2.5393236263811656,False,False
617.29,7983,t7983,270,200.0,38,10,1,0.6482688503599163,False,57.31102830382427,2.9683064732361593,False,False
617.33,7985,t7985,270,200.0,59,3,5,0.6671057953866628,True,55.24152251289562,2.919605618827265,True,False
617.36,7986,t7986,270,900.0,60,7,5,0.6540347940851834,False,260.5951662056636,2.8871823644424315,False,False
617.51,7988,t7988,170,100.0,63,10,1,0.6444319348911796,True,14.05526358835255,1.5864055086920048,True,False
617.58,7990,t7990,170,500.0,67,5,4,0.6466924770923387,False,86.97888069612195,1.5712124756089294,False,False
617.67,7991,t7991,220,150.0,40,8,1,0.633285480067747,True,38.120755293433916,2.345205035019781,True,False
617.71,7993,t7993,220,150.0,63,2,4,0.6429956222919656,True,38.402399483331955,2.3136054992586885,True,False
618.08,7995,t7995,170,100.0,49,7,5,0.6503622800216615,True,19.1001051671246,1.7875483885423953,True,False
618.19,7997,t7997,220,150.0,29,7,8,0.6482827375218362,True,28.0246925914726,2.3583968602472622,True,False
618.3,7998,t7998,120,75.0,85,3,6,0.649986130984096,True,9.81217540162226,1.2781577788680434,True,False
618.33,7999,t7999,300,250.0,98,10,1,0.6468457577318176,True,73.3568499537553,3.078855886335514,True,False
618.39,8000,t8000,170,100.0,90,7,8,0.6508992645895814,True,18.553128052949404,1.6542491940506099,True,False
618.45,8001,t8001,220,700.0,58,10,1,0.6492113041156427,False,123.48398881732909,2.1720888972968857,False,False
618.71,8003,t8003,220,150.0,65,3,6,0.6525685901825958,True,27.50068317089669,2.0591252267489946,True,False
618.78,8005,t8005,170,700.0,63,4,1,0.6669400622015441,False,131.89159356039457,1.8054511821432804,False,False
618.87,8008,t8008,270,200.0,35,2,5,0.6328343454245955,False,47.202838590185834,2.822931822560105,False,False
618.92,8009,t8009,300,250.0,58,3,5,0.6693458612971114,False,82.48270596349884,2.9661042530437034,False,False
619.15,8011,t8011,220,900.0,83,5,2,0.6522133134678197,False,203.55937522701214,2.1884864001751723,False,False
619.34,8012,t8012,120,75.0,50,3,1,0.6388827918215442,True,8.465286897962459,1.2059893368599086,True,False
619.45,8013,t8013,300,250.0,43,3,6,0.6550994001971258,False,84.06031079244818,3.2055079376789726,False,False
619.5,8014,t8014,270,200.0,54,3,6,0.6514055940113651,True,48.19452617163316,2.8601430505500183,True,False
619.61,8015,t8015,300,1200.0,71,9,10,0.6495376394124203,False,385.4713918818188,3.2084359878442696,False,False
619.74,8016,t8016,170,100.0,76,9,2,0.6646017615927453,False,18.586755655548114,1.864475006619188,True,False
619.82,8018,t8018,300,1200.0,30,2,5,0.6295858403342853,False,368.4172774584091,2.731987439986751,False,False
619.91,8019,t8019,170,100.0,75,8,10,0.6429041834288783,True,13.675042095554545,1.6627055124880283,True,False
620.22,8021,t8021,120,75.0,83,7,8,0.6534634611159715,True,7.797322503326596,1.2988942043563416,True,False
620.22,8020,t8020,270,1000.0,83,1,6,0.6400274628998779,False,274.2168887451055,2.9402571094783867,False,False
620.29,8022,t8022,170,100.0,45,8,1,0.6359222320048536,True,19.038604763555245,1.7486218438965886,True,False
620.35,8023,t8023,220,150.0,58,6,10,0.6663500739879366,True,29.538924513376482,1.982286501457499,True,False
620.36,8024,t8024,220,150.0,82,0,5,0.6565575619463789,True,31.46557162459982,2.011417776253679,True,False
620.41,8025,t8025,220,150.0,80,6,8,0.658120033302888,True,29.428124892641897,2.1959402991008856,True,False
620.51,8026,t8026,120,75.0,74,0,5,0.6588570773741179,True,7.907333887568425,1.1574940339017739,True,False
620.53,8027,t8027,220,150.0,22,5,2,0.6485772290166453,False,31.212885737816702,2.1233681366002504,False,False
620.63,8028,t8028,170,100.0,66,6,10,0.6684537391748445,True,16.685907419272713,1.572226272726589,True,False
620.64,8029,t8029,270,1000.0,35,9,4,0.6498523061294971,False,307.5591384759547,2.7928344320337968,False,False
620.66,8030,t8030,220,150.0,86,5,2,0.6450138662544941,False,30.489268104096606,2.226292076727602,True,False
620.92,8031,t8031,220,150.0,93,3,6,0.6539596639493196,True,33.38546130587976,2.1786904217899554,True,False
620.94,8033,t8033,170,100.0,47,3,5,0.665367125889351,True,15.619595588186739,1.8219870817843395,True,False
620.98,8034,t8034,220,150.0,53,9,10,0.6459550684423537,True,32.17735608982413,2.0888427204130875,True,False
621.11,8035,t8035,80,50.0,95,2,4,0.6457178916643082,False,3.642775654769071,0.7936768519696789,True,False
621.2,8036,t8036,80,50.0,84,1,6,0.636483580308547,True,3.3165087974679337,0.8741911805230803,True,False
621.22,8037,t8037,170,100.0,95,1,8,0.6399265074226546,True,16.789960373200408,1.5344707163356315,True,False
621.25,8039,t8039,170,100.0,70,8,4,0.6571049745385363,True,19.58880434572988,1.8342894948300665,True,False
621.3,8040,t8040,170,100.0,73,6,1,0.6493853714586428,True,18.495931878460752,1.7616428278144936,True,False
621.43,8042,t8042,220,700.0,26,9,2,0.6604381878993519,False,164.81075286704285,2.3442207277512415,False,False
621.6,8043,t8043,300,250.0,64,4,6,0.6605950135276194,False,77.7974030810363,3.1986845723529846,False,False
621.64,8045,t8045,270,900.0,48,10,4,0.6396323759835502,False,219.14287076354356,2.9142484635584402,False,False
621.72,8046,t8046,270,200.0,96,5,2,0.6415217707475861,True,60.77983418280434,2.7472159882286866,True,False
621.78,8047,t8047,220,150.0,91,0,2,0.657544590347387,True,30.08932140845922,2.345446779800374,True,False
621.79,8049,t8049,220,150.0,32,2,1,0.6269730573723366,True,31.058653707454244,2.0305979203717706,True,False
621.79,8048,t8048,170,100.0,49,10,4,0.6360963951305458,True,14.342221260519288,1.7956863416394495,True,False
621.82,8051,t8051,300,1200.0,25,8,1,0.638506248903218,False,356.43405069141585,3.1781130790262897,False,False
621.84,8052,t8052,120,75.0,26,8,1,0.6348645854636152,True,7.46199318965512,1.094625255690182,True,False
622.27,8054,t8054,270,200.0,23,4,1,0.6630094427756951,False,44.46402491186784,2.7275326019057857,False,False
622.31,8055,t8055,220,150.0,25,5,2,0.6442735171508162,False,33.058439233761156,1.9847710605687425,False,False
622.46,8057,t8057,220,900.0,58,7,5,0.6529372162394101,False,231.48815916478148,2.4026386922248406,False,False
622.75,8059,t8059,300,250.0,89,1,8,0.6424304388126629,True,80.93867206727077,2.8877193163701107,True,False
622.76,8060,t8060,270,1000.0,64,5,4,0.6431668093686737,False,279.16330898836145,2.8037512789005974,False,False
622.81,8061,t8061,270,200.0,99,8,10,0.6456282815784826,True,59.42684655086504,2.8656205229525114,True,False
622.84,8062,t8062,270,900.0,24,0,5,0.6611106024933023,False,223.21672254192057,2.575890698801947,False,False
622.89,8063,t8063,80,50.0,46,8,10,0.6482978977650947,True,3.640249452802792,0.8214325611911861,True,False
622.96,8064,t8064,220,150.0,60,1,8,0.6448842915748711,True,30.497913695184923,2.1469539933139368,True,False
623.12,8065,t8065,220,150.0,45,3,6,0.656462652488515,True,27.84841891019786,2.094886432855353,True,False
623.35,8066,t8066,120,75.0,94,3,1,0.641687317803295,False,7.31682939140541,1.1577811355245307,True,False
623.38,8067,t8067,270,200.0,75,4,2,0.642608812635688,True,50.30423169112842,2.478990422977278,True,False
623.42,8068,t8068,170,100.0,43,10,1,0.6453555395717914,True,14.069664674133522,1.8316824691641997,True,False
623.58,8069,t8069,220,700.0,93,8,10,0.6509141216279747,False,167.39199482056875,2.1764675273602045,False,False
623.62,8071,t8071,300,250.0,47,8,1,0.6374697552928046,False,86.74971458611513,2.758666736061227,False,False
623.73,8072,t8072,300,250.0,58,9,4,0.6461119266735739,False,84.42171325102868,3.130339924521222,False,False
623.89,8074,t8074,170,700.0,31,2,1,0.6300157780430716,False,96.99637038694497,1.8194439630326726,False,False
623.95,8075,t8075,80,50.0,71,0,2,0.659975880358621,False,3.2177619436822877,0.7357489631803619,True,False
624.04,8076,t8076,270,1000.0,40,1,8,0.6472890672818354,False,268.45154621290686,2.638845214949463,False,False
624.09,8077,t8077,220,150.0,60,10,4,0.6388051338946016,True,34.48089445619981,2.1221264933568094,True,False
624.33,8078,t8078,120,75.0,91,1,5,0.638205285169489,True,9.958512360644843,1.1986046482620514,True,False
624.33,8079,t8079,270,200.0,87,1,5,0.6408718461327659,True,54.97553610701223,2.8114997454177346,True,False
624.37,8080,t8080,220,150.0,28,1,5,0.6434850758767773,False,37.10947949106223,2.08419360977823,False,False
624.39,8081,t8081,270,200.0,61,2,1,0.626823644300392,True,43.79642498088928,2.8372866733084967,True,False
624.47,8083,t8083,220,900.0,50,2,1,0.629869353232566,False,179.93947482451736,1.9816623322733082,False,False
624.61,8084,t8084,80,50.0,80,6,8,0.6605398144550121,True,3.3457914603180745,0.8658570039979732,True,False
624.76,8085,t8085,220,150.0,30,0,1,0.6652515849092465,False,38.812651833607504,2.4013112320544048,False,False
624.89,8086,t8086,270,900.0,50,10,1,0.6477508903188172,False,201.41880546992698,2.545587300082316,False,False
624.93,8087,t8087,300,1200.0,44,6,8,0.6629111999840936,False,422.1176062077492,3.182883558746113,False,False
625.18,8088,t8088,300,250.0,58,3,1,0.638261753265411,False,75.09429827233447,3.031265142830248,False,False
625.22,8089,t8089,220,150.0,55,9,10,0.6486181488916886,True,38.48840008377187,2.1840596324360004,True,False
625.27,8090,t8090,120,75.0,56,10,8,0.6334938489242935,True,9.383456959688246,1.2496700260823808,True,False
625.33,8092,t8092,220,150.0,85,1,8,0.6434717474746601,True,38.110369437987025,2.0075729977410135,True,False
625.33,8091,t8091,270,900.0,39,2,5,0.6264023053457815,False,237.54314529139103,2.7537261013042054,False,False
625.4,8094,t8094,270,200.0,83,3,1,0.6349047000182845,True,50.44497940953363,2.44189041832848,True,False
625.4,8093,t8093,300,1200.0,73,2,4,0.6422117156492039,False,311.19269078215785,2.8629050266412746,False,False
625.55,8095,t8095,170,100.0,97,5,4,0.639711654999482,True,15.772849576462043,1.6397145862730589,True,False
625.72,8097,t8097,120,75.0,48,10,4,0.6414596978833762,True,7.774297915146858,1.2894387311709483,True,False
625.82,8098,t8098,270,900.0,45,5,2,0.6407962286259816,False,252.15015451476054,2.7888803604413077,False,False
625.84,8099,t8099,120,75.0,70,5,1,0.6407952384197405,True,7.649208787313502,1.3132633322861766,True,False
625.84,8100,t8100,270,200.0,91,10,1,0.6439243340509022,True,44.34002268768868,2.8508248743533495,True,False
625.87,8101,t8101,120,75.0,20,3,6,0.6589155812569266,True,8.843487502011014,1.1148979250813889,True,False
625.88,8102,t8102,120,75.0,57,1,6,0.6391845753690427,True,8.707799276770107,1.2983357776466593,True,False
626.03,8103,t8103,120,75.0,47,5,2,0.6373884858716439,True,10.146307789205068,1.2030982599395312,True,False
626.11,8104,t8104,220,150.0,42,3,1,0.6377887878361007,True,27.464918437975516,1.981056024516522,True,False
626.15,8105,t8105,220,150.0,99,7,5,0.6492866537328038,True,30.579690301192265,2.111045693793192,True,False
626.23,8107,t8107,220,900.0,46,3,6,0.6613194514499698,False,217.4197423855265,2.3701067813931065,False,False
626.23,8106,t8106,120,75.0,20,7,4,0.6450947544610944,True,8.288049635309754,1.3056952384651301,True,False
626.31,8108,t8108,220,150.0,65,2,5,0.6232824410570476,True,27.918844090734382,2.1095935687170084,True,False
626.33,8109,t8109,220,700.0,21,2,4,0.6387756631544016,False,144.9517228151242,2.2208165404704956,False,False
626.49,8111,t8111,220,150.0,84,2,4,0.6354083317094953,True,30.84385940151187,2.248753001779372,True,False
626.52,8112,t8112,270,1000.0,70,0,1,0.6613547350292434,False,253.32368492263188,2.5299613572343205,False,False
626.58,8113,t8113,80,50.0,96,0,2,0.6561845445696305,True,4.545671367914707,0.8062540023780941,True,False
626.59,8114,t8114,120,75.0,27,9,10,0.6512279677320366,True,8.09584369222817,1.2704157539675425,True,False
626.62,8115,t8115,80,50.0,94,9,10,0.6537855901955777,True,4.502696646629581,0.7311983493800039,True,False
626.7,8116,t8116,220,900.0,55,4,6,0.6567912950752488,False,214.16345993519877,2.2036389265112,False,False
626.84,8117,t8117,220,900.0,44,6,8,0.6590611578025936,False,208.91979864701057,2.26464915863592,False,False
626.94,8118,t8118,270,1000.0,56,6,10,0.6705153310580142,False,230.62666071773756,2.5055484333188343,False,False
627.02,8119,t8119,170,100.0,47,0,2,0.6586430354964196,True,14.643162624565525,1.5446354047449673,True,False
627.08,8121,t8121,300,1000.0,55,4,2,0.645338818201156,False,331.63989352110156,2.8619492504920943,False,False
627.09,8122,t8122,300,1200.0,55,0,1,0.6575358221468403,False,321.011169940406,3.1909887735364055,False,False
627.1,8123,t8123,170,100.0,36,10,8,0.6364061537639895,True,14.250724913795462,1.6906817619675858,True,False
627.16,8124,t8124,220,150.0,22,7,8,0.6559763737118339,False,33.14786207532957,2.2821052416542926,False,False
627.3,8125,t8125,120,75.0,24,5,2,0.6402228979723928,True,8.59961945821364,1.0889518098270496,True,False
627.46,8126,t8126,300,1000.0,43,6,1,0.6518283306961367,False,296.8380331635213,2.9006692688114333,False,False
627.64,8127,t8127,80,50.0,78,10,8,0.6392602125068915,True,4.022639874244125,0.7717765622273366,True,False
627.7,8128,t8128,270,200.0,51,5,1,0.6434100003180124,True,46.325746382981535,2.595536131483295,True,False
627.77,8129,t8129,170,100.0,52,10,1,0.6463483089083457,True,14.46589211378391,1.7744226488531025,True,False
627.93,8131,t8131,80,50.0,20,5,4,0.6424996037176742,True,3.7091439214061603,0.8561151921764223,True,False
627.93,8132,t8132,300,1200.0,71,4,1,0.659157435738363,False,400.7882365156369,3.0016936337255986,False,False
628.0,8133,t8133,270,200.0,73,6,10,0.6663616911035207,True,61.86720570589564,2.509309727141307,True,False
628.04,8134,t8134,120,75.0,31,3,5,0.6676419651897457,True,9.180356266012437,1.2971900935970588,True,False
628.16,8136,t8136,220,900.0,71,10,1,0.6487238042686405,False,234.52086524927284,2.3197225939328567,False,False
628.34,8137,t8137,300,250.0,26,10,4,0.6440611705923753,False,63.69991672491199,3.057829137005541,False,False
628.49,8138,t8138,300,250.0,98,6,1,0.6480484307488806,True,73.38908339938703,2.962946944227509,True,False
628.78,8139,t8139,170,100.0,44,8,4,0.6593935417144323,True,17.086404693739876,1.595731446615884,True,False
628.84,8140,t8140,170,700.0,72,1,6,0.6418315505283285,False,103.17961990540658,1.5357906060722977,False,False
628.99,8141,t8141,300,250.0,63,1,8,0.6459047740636286,False,66.6495341160395,3.135918487366313,False,False
629.14,8142,t8142,80,50.0,34,1,5,0.6398720410259083,True,4.689519677116916,0.7918334261174982,True,False
629.26,8143,t8143,120,75.0,52,5,2,0.6430006218311267,True,8.775283818694769,1.2114491383624273,True,False
629.29,8144,t8144,270,200.0,54,1,5,0.6425052668720569,False,60.745316956673975,2.558524988439813,False,False
629.41,8145,t8145,270,900.0,27,9,10,0.656292060209848,False,219.32610081781428,2.813453376591489,False,False
629.67,8146,t8146,270,900.0,72,4,2,0.6418402236553148,False,228.74816471847174,2.6708745959445537,False,False
629.72,8147,t8147,300,250.0,83,7,8,0.652265028055779,False,77.84479720372924,3.0668538212430083,True,False
629.79,8148,t8148,300,250.0,23,3,5,0.6698713077041326,False,84.46475371709438,3.141856539309372,False,False
629.82,8149,t8149,300,250.0,86,8,1,0.6338488217254099,True,65.4563156813343,3.260847132683141,True,False
629.96,8151,t8151,300,1200.0,64,0,1,0.6537932875220853,False,431.4464324765922,3.1611565378903963,False,False
630.11,8153,t8153,300,250.0,86,1,5,0.6389118282012823,True,75.94934109013106,2.7856421442118244,True,False
630.37,8156,t8156,220,150.0,97,5,1,0.6459724669783188,True,35.56934106616919,2.253458112833486,True,False
630.54,8157,t8157,120,75.0,56,2,4,0.6382823468934873,True,10.117415977840963,1.316466318627371,True,False
630.57,8158,t8158,170,100.0,99,5,2,0.645722791212686,True,17.515063548346113,1.7309638789833834,True,False
630.67,8159,t8159,170,700.0,26,5,2,0.6483905172066141,False,103.26492153106317,1.7549714461108366,False,False
630.68,8160,t8160,300,250.0,30,7,4,0.6477750411900544,False,81.66017499894052,3.1073521464644447,False,False
630.72,8161,t8161,80,50.0,37,1,6,0.6382515861844286,True,3.8155818180951098,0.7814221685691258,True,False
630.95,8163,t8163,270,200.0,70,1,5,0.6415642583039235,True,57.71620300719634,2.9344308358559776,True,False
631.0,8165,t8165,270,900.0,94,0,5,0.6571450571101028,False,260.0571924305567,2.938251638959756,False,False
631.15,8166,t8166,270,1000.0,66,10,1,0.644877789721729,False,265.59840655289406,2.479393305717222,False,False
631.18,8167,t8167,220,150.0,60,0,5,0.6532588226345675,True,32.18243775897703,1.9831077558455987,True,False
631.18,8168,t8168,220,900.0,73,1,6,0.6409172211274067,False,167.43617849768302,2.3062593843280954,False,False
631.19,8169,t8169,80,50.0,98,7,8,0.6486279093128453,True,3.584312729586265,0.804843085644494,True,False
631.23,8170,t8170,170,700.0,35,4,1,0.6553824688417775,False,96.95743445323168,1.6354858270954928,False,False
631.29,8171,t8171,170,700.0,22,4,1,0.6516830012831237,False,95.71284569497894,1.626135634264862,False,False
631.67,8174,t8174,220,150.0,63,2,1,0.6266801479860965,True,35.00968807468997,2.083935111300779,True,False
631.88,8176,t8176,120,75.0,73,0,5,0.6556243128485427,True,8.069393309446573,1.2075760034396774,True,False
632.12,8177,t8177,80,50.0,64,2,5,0.6263989740540885,True,3.5859015867555764,0.8772478027028421,True,False
632.12,8178,t8178,170,700.0,23,4,10,0.6390803321421071,False,108.83246287879719,1.8367537433534056,False,False
632.21,8179,t8179,80,50.0,78,4,1,0.6480575230756431,True,3.6841171791890552,0.8568211973956985,True,False
632.36,8180,t8180,120,75.0,74,7,5,0.6518831024763295,True,9.63183424168675,1.1540756501850207,True,False
632.38,8181,t8181,270,200.0,48,3,1,0.6406151938975605,False,45.4562176474452,2.472632772860546,True,False
632.42,8182,t8182,300,1200.0,26,7,5,0.6544276222449847,False,405.05894499506434,2.7227791533242085,False,False
632.63,8183,t8183,300,250.0,21,1,6,0.6373555433715253,False,88.37559000082163,2.726826905716437,False,False
632.8,8184,t8184,120,75.0,27,9,2,0.6563578856798264,True,9.03810013933761,1.1603485863449734,True,False
632.85,8185,t8185,270,200.0,80,10,8,0.6420571900749353,True,61.41912214455426,2.6608575548269826,True,False
632.97,8186,t8186,120,75.0,68,10,8,0.6447982280916186,True,9.471677030649744,1.1574533482822045,True,False
633.01,8187,t8187,170,500.0,52,0,5,0.6579424932582386,False,86.19709393655536,1.5398877427110387,False,False
633.51,8189,t8189,300,250.0,59,6,10,0.6684651239481169,False,75.97848601530065,3.1465966123777998,False,False
633.51,8188,t8188,170,100.0,39,10,8,0.6474844453479679,True,15.355136462942662,1.6759952056367613,True,False
633.59,8191,t8191,270,200.0,43,3,1,0.6372110718377911,False,51.01356740346627,2.5397665892338708,False,False
633.61,8192,t8192,300,250.0,47,7,4,0.6442277221844351,False,61.64408030786865,2.9084199421340706,False,False
633.69,8193,t8193,270,200.0,37,0,4,0.651463406481882,False,56.54878411133534,2.8787749274463454,False,False
633.81,8196,t8196,300,1000.0,62,0,5,0.6540403100597404,False,278.82457076838597,3.2645293855142894,False,False
633.86,8197,t8197,220,150.0,60,6,1,0.6505181288005697,True,35.03653459457164,2.121437369998949,True,False
633.96,8198,t8198,220,150.0,49,0,8,0.6510876019457466,True,33.07278072154096,2.249300301144945,True,False
634.0,8199,t8199,270,900.0,96,4,6,0.6530636509919256,False,271.2840369852788,2.51255538120806,False,False
634.17,8200,t8200,120,75.0,40,8,1,0.6364743068293632,True,10.773192630908518,1.2697559872521496,True,False
634.27,8201,t8201,120,75.0,66,6,8,0.6552881164647235,True,8.839707346530862,1.2953471805904708,True,False
634.36,8203,t8203,220,150.0,93,0,2,0.661052356604673,True,32.60687967800015,2.248746751644928,True,False
634.4,8204,t8204,270,200.0,61,8,1,0.6390472822312376,True,48.27294868561678,2.925435171964911,True,False
634.41,8205,t8205,300,250.0,87,5,2,0.6448308886806636,True,85.12865233035271,3.2216357584329116,True,False
634.46,8206,t8206,300,250.0,38,3,6,0.6575012442391522,False,74.52960191914694,2.7708748411287694,False,False
634.48,8207,t8207,220,700.0,53,8,4,0.6616363375468103,False,145.53160233485886,2.3879116504399898,False,False
634.64,8209,t8209,80,50.0,81,3,1,0.6338750322192171,False,3.4899581496568426,0.7523442807309899,True,False
634.67,8210,t8210,120,75.0,51,7,5,0.6507472516182669,True,7.663079868999635,1.3127959546080963,True,False
634.81,8211,t8211,220,150.0,60,4,1,0.650678554432312,True,39.50781085253409,2.1824458019840303,True,False
634.91,8212,t8212,170,100.0,41,0,8,0.6533683114452931,True,17.100205940212394,1.704880947557645,True,False
635.12,8214,t8214,170,700.0,44,10,4,0.6404366138471945,False,116.27727138746572,1.6277725704298265,False,False
635.28,8215,t8215,80,50.0,51,9,10,0.6525744008238327,True,3.3207092717923175,0.7240152889854499,True,False
635.38,8216,t8216,300,250.0,50,2,1,0.6297287268445564,False,63.13009461441623,2.910024898753145,False,False
635.4,8217,t8217,270,200.0,96,1,5,0.6441636398045116,True,61.317057082504,2.9210353001666656,True,False
635.5,8218,t8218,170,700.0,25,2,4,0.6410988817737994,False,96.85031007354631,1.7666393190267844,False,False
635.56,8221,t8221,220,150.0,58,8,1,0.6415687981250744,True,31.57043073881407,2.2795671908729207,True,False
635.79,8222,t8222,120,75.0,82,3,6,0.653759401172551,False,7.834871073299328,1.1014604986726981,True,False
635.79,8223,t8223,120,75.0,62,6,1,0.652938432891225,True,9.771038340263917,1.1961352211552585,True,False
636.05,8224,t8224,220,150.0,48,0,2,0.6634134912907613,True,38.41872333459807,1.9915899048311423,True,False
636.16,8225,t8225,80,50.0,60,4,6,0.649410559790269,True,3.523381668317711,0.7814994288426909,True,False
636.24,8227,t8227,270,1000.0,92,3,6,0.6500923949672818,False,273.4282071871872,2.574742343808376,False,False
636.55,8229,t8229,80,50.0,65,9,2,0.6585331895046915,True,4.134438670755885,0.851849451096145,True,False
636.62,8231,t8231,220,700.0,43,4,1,0.6532471651618477,False,141.73273267817734,2.315579128709343,False,False
636.68,8233,t8233,270,1000.0,97,10,1,0.6411086954657561,False,265.20739974010854,2.883716165498798,False,False
637.13,8234,t8234,300,250.0,70,5,2,0.6475164527252323,True,64.75267852555298,2.9141631205228804,True,False
637.13,8235,t8235,220,900.0,76,9,2,0.6606649872530592,False,182.21421743764,2.243225734261199,False,False
637.23,8236,t8236,300,1000.0,46,9,4,0.642446354806769,False,302.7596941493209,2.7516941021908803,False,False
637.34,8237,t8237,220,700.0,84,9,2,0.6565801490464596,False,141.65591180692084,2.1708669144910417,False,False
637.48,8239,t8239,270,200.0,48,4,6,0.6520045304126453,False,56.286180196587274,2.5382419425527445,False,False
637.5,8240,t8240,170,100.0,77,3,10,0.6323958287937106,True,16.11951403555961,1.8094201751827816,True,False
637.6,8241,t8241,170,700.0,50,9,10,0.6551050946255379,False,109.11206951529127,1.7901719394369269,False,False
637.7,8242,t8242,270,1000.0,64,10,8,0.6501169382591904,False,318.0600898129266,2.851296805442887,False,False
637.75,8243,t8243,170,500.0,83,9,10,0.651411174551209,False,86.03440812730817,1.7666270514745552,False,False
637.77,8244,t8244,80,50.0,42,0,2,0.665727403283128,True,3.4548175573937643,0.8264072694024907,True,False
638.02,8246,t8246,80,50.0,69,10,4,0.6368845482369173,True,3.499348390108214,0.7921250769622605,True,False
638.12,8247,t8247,270,1000.0,95,1,8,0.6421151401208176,False,235.6520114599668,2.9383351922388536,False,False
638.26,8248,t8248,170,100.0,47,6,1,0.6553103309000671,True,20.004062102482393,1.7759817718221607,True,False
638.46,8249,t8249,220,150.0,88,8,4,0.6576602774625409,True,38.53131208990063,2.0276412190489856,True,False
638.49,8250,t8250,170,500.0,58,6,1,0.6576347909487325,False,100.25767325840195,1.7325235101752123,False,False
638.6,8251,t8251,120,75.0,56,2,1,0.626542334125847,True,8.0664235448615,1.0989068026690956,True,False
638.61,8252,t8252,300,250.0,51,4,5,0.6389613092410931,False,82.56995936952838,2.834793183768191,False,False
638.63,8253,t8253,300,250.0,44,3,10,0.635050373756298,False,75.02138501936341,2.8093291135673115,False,False
638.63,8254,t8254,220,900.0,56,1,6,0.6338650991707614,False,166.34933799769627,2.3592894159301783,False,False
638.72,8255,t8255,220,150.0,64,5,1,0.6484836843054191,True,31.934436300964116,2.1944239758145976,True,False
638.9,8256,t8256,300,1200.0,64,6,8,0.657764535953611,False,325.3610723453958,3.218416992517316,False,False
638.91,8257,t8257,270,900.0,36,0,8,0.6556034067548488,False,194.72885455288878,2.728634989619811,False,False
639.0,8259,t8259,300,250.0,94,6,1,0.6537387617964244,True,67.41816370160942,2.9138884275920165,True,False
639.02,8260,t8260,80,50.0,37,10,1,0.6374149830949025,True,3.8419923258342763,0.784341707961615,True,False
639.12,8261,t8261,170,100.0,42,1,8,0.6384012988568626,True,13.902768572261344,1.7959788710482105,True,False
639.25,8262,t8262,170,100.0,87,1,5,0.646711033675088,True,16.8699976126654,1.844761196054328,True,False
639.39,8263,t8263,120,75.0,41,5,4,0.6452317934615025,False,10.714865530786573,1.239981435970566,True,False
639.46,8264,t8264,80,50.0,31,5,2,0.6501483054889093,True,3.2281164272589407,0.7202013718159161,True,False
639.48,8265,t8265,220,150.0,49,0,10,0.6509938400725365,True,38.191038860466094,1.9980517813148593,True,False
639.57,8267,t8267,170,100.0,56,0,8,0.6516198001582134,True,18.53049061725237,1.8487244401637661,True,False
639.57,8266,t8266,170,100.0,34,0,2,0.6679950370356472,True,14.956963909342191,1.7683398716905616,True,False
639.62,8269,t8269,170,500.0,28,0,10,0.6531665346996571,False,100.84074288772213,1.7026682591284419,False,False
639.62,8268,t8268,170,100.0,70,8,4,0.6599377385799566,True,15.091737375284684,1.8296826385204221,True,False
639.86,8270,t8270,220,900.0,57,4,2,0.6384116010003903,False,225.5314984819021,2.2352989050992096,False,False
639.9,8271,t8271,170,100.0,55,10,1,0.639969144971466,False,13.760197532085868,1.8642729597573824,True,False
639.94,8272,t8272,120,75.0,96,9,10,0.6477911328783666,True,10.273611569259167,1.2601894153155022,True,False
639.96,8273,t8273,80,50.0,69,9,2,0.6525770076039918,True,3.896733041554966,0.8532689951322242,True,False
640.17,8274,t8274,220,900.0,79,4,8,0.6375512568330863,False,230.0299461969424,2.291838108903122,False,False
640.18,8275,t8275,220,900.0,82,1,6,0.6304444638540129,False,234.93779981521567,2.415293650599714,False,False
640.2,8276,t8276,270,1000.0,31,8,4,0.6621696504750242,False,233.1437595340413,2.557692299160824,False,False
640.26,8277,t8277,300,250.0,64,8,1,0.6440398837010344,False,86.39923482707343,2.7840879722560197,False,False
640.27,8278,t8278,270,200.0,45,0,8,0.6538898656935106,False,52.121431506595385,2.819365229107439,False,False
640.4,8279,t8279,170,100.0,30,8,1,0.6402875475654752,True,13.83780676034872,1.6642037142807569,True,False
640.42,8280,t8280,270,200.0,71,6,8,0.6540174270527205,False,48.435531508852435,2.60950980686,True,False
640.45,8281,t8281,170,100.0,79,3,10,0.6314778278196336,False,18.518535386251788,1.6577016396203181,True,False
640.46,8282,t8282,300,250.0,99,6,10,0.6643524881358213,True,62.512199848620995,3.118758274800045,True,False
640.75,8283,t8283,170,100.0,72,1,8,0.640935734418187,True,16.560878831811483,1.6133961815020732,True,False
640.77,8284,t8284,220,150.0,26,6,10,0.6664961050397714,False,39.14114492203808,2.363155055096546,False,False
640.84,8285,t8285,270,1000.0,93,8,10,0.6473040210135971,False,236.92710512639593,2.758258475945519,False,False
640.89,8286,t8286,270,200.0,54,1,8,0.6434194812682847,False,63.88896456442228,2.747835418046714,False,False
641.13,8287,t8287,170,500.0,89,2,1,0.629593669261512,True,71.49482923646367,1.5526889297092514,True,False
641.16,8288,t8288,170,700.0,56,3,1,0.6306057133930145,False,117.64828112329437,1.7672212833456347,False,False
641.29,8289,t8289,220,150.0,66,8,4,0.6581829241321905,True,35.85432368106527,2.1709513647909544,True,False
641.47,8290,t8290,270,200.0,99,10,4,0.6395775239388456,True,51.06011846999268,2.787828953288166,True,False
641.5,8291,t8291,300,250.0,76,0,2,0.6702173181131161,True,69.14318973434779,2.9214810284932287,True,False
641.57,8292,t8292,300,250.0,35,3,5,0.6658820633682319,False,76.48299277333034,3.017281657691181,False,False
641.64,8293,t8293,80,50.0,34,8,1,0.6427842581526273,True,4.061827713965541,0.8222538507485014,True,False
641.75,8294,t8294,80,50.0,55,1,5,0.6492074796682529,False,3.697659863850377,0.8100008380042024,True,False
641.81,8295,t8295,220,700.0,38,0,5,0.6502161705252124,False,148.90838204506355,2.0612237314723862,False,False
641.86,8296,t8296,300,250.0,41,3,6,0.646498728886118,False,68.21002007586131,3.063387422106514,False,False
641.93,8297,t8297,270,200.0,48,7,5,0.6533144884040833,False,49.72152052364749,2.655170239254898,False,False
642.04,8298,t8298,170,100.0,90,7,4,0.6407513495589282,True,16.510957547352778,1.567795657311367,True,False
642.09,8299,t8299,300,250.0,62,9,4,0.6388540943773003,False,73.13904600981623,3.2579810649210073,False,False
642.21,8300,t8300,220,150.0,55,0,1,0.6501256035898254,True,31.594833872789064,2.259517419253891,True,False
642.4,8301,t8301,220,900.0,37,4,5,0.635590264874453,False,179.1448924846654,2.1056652048353413,False,False
642.42,8302,t8302,80,50.0,73,2,5,0.6294531763911886,True,3.948542224862023,0.7564904221670514,True,False
642.55,8303,t8303,220,900.0,40,2,5,0.6324462946815466,False,176.11382295358806,2.264465758160527,False,False
642.63,8304,t8304,170,100.0,22,4,1,0.6495904036767924,True,17.18791917722014,1.8497232281575096,True,False
642.71,8305,t8305,80,50.0,32,10,8,0.6465227813121884,True,4.221517333642666,0.7764492425628775,True,False
643.01,8307,t8307,170,100.0,98,6,8,0.650345260329848,True,14.449645443958131,1.6864646515419295,True,False
643.41,8309,t8309,300,250.0,70,9,2,0.6548279289903736,True,65.00387277115446,2.8859392203887286,True,False
643.54,8310,t8310,120,75.0,78,6,1,0.6560946532271626,True,8.218386058010278,1.1927544094931173,True,False
643.57,8312,t8312,270,200.0,67,4,1,0.6521807774214384,True,49.455111905316976,2.5708414793935583,True,False
643.62,8313,t8313,80,50.0,70,1,8,0.6396795531813806,True,4.5769464424744335,0.7339080895818083,True,False
643.7,8314,t8314,220,150.0,54,8,10,0.6437661224115069,False,28.092796037275303,2.346819166870938,True,False
643.76,8315,t8315,220,700.0,29,2,4,0.6376850859565052,False,158.58345923708063,2.381125453142285,False,False
643.78,8316,t8316,120,75.0,25,9,2,0.6570338319490276,True,7.51854438512277,1.2423087730161775,True,False
643.88,8317,t8317,120,75.0,59,6,1,0.6584034268292861,True,9.057806583937278,1.093847612236785,True,False
643.91,8318,t8318,120,75.0,47,8,1,0.6452310345280363,True,9.991752257322489,1.1661264959091462,True,False
644.85,8323,t8323,300,1000.0,29,0,1,0.6527052733362108,False,251.5098136412273,3.097039743221842,False,False
644.86,8324,t8324,170,500.0,92,0,2,0.6723951535690357,True,69.73314726153762,1.8002336423821623,True,False
644.97,8325,t8325,170,100.0,83,3,4,0.6294154241400772,True,18.428558974960524,1.785725545364874,True,False
644.99,8327,t8327,220,150.0,34,0,8,0.649940529918102,True,33.99266325385332,2.326999940081508,True,False
644.99,8326,t8326,80,50.0,88,8,4,0.6604499323162133,True,3.580266805884499,0.8134028180949997,True,False
645.0,8328,t8328,300,250.0,81,10,4,0.6422166401267354,True,65.79437157572013,2.9931763418619024,True,False
645.03,8329,t8329,170,100.0,75,5,4,0.6417353394104542,True,15.62081002229293,1.7729214784011877,True,False
645.06,8330,t8330,170,100.0,31,4,6,0.6483726216225743,True,16.35070530775116,1.8607080741834279,True,False
645.11,8331,t8331,220,150.0,71,2,4,0.6343395660555569,True,34.96672920588162,2.250833694189088,True,False
645.17,8332,t8332,220,150.0,79,0,2,0.6745294323158367,True,37.22679457641985,2.3296430591980766,True,False
645.18,8333,t8333,270,1000.0,81,5,4,0.644482814440427,False,275.77313657285816,2.637252933865918,False,False
645.25,8334,t8334,220,150.0,24,8,1,0.6476288753759372,False,34.154423974608,2.1387510822845,False,False
645.38,8336,t8336,270,1000.0,68,5,1,0.6509446772859774,False,231.01414559519273,2.929792720444333,False,False
645.4,8337,t8337,270,1000.0,35,1,5,0.6454799967415545,False,318.52521662331714,2.6529454771720777,False,False
645.65,8339,t8339,170,100.0,99,10,1,0.6362982236104981,True,16.337521637651538,1.8581649071327995,True,False
645.74,8341,t8341,170,100.0,84,2,1,0.6325839776944635,True,16.486020671430733,1.7150333139176743,True,False
645.83,8342,t8342,220,900.0,57,5,4,0.6410013399698004,False,219.96189308319217,2.1088532129507205,False,False
646.04,8343,t8343,170,100.0,67,7,8,0.6512375329447703,True,19.699705831356994,1.8446680331429333,True,False
646.11,8344,t8344,300,1000.0,37,4,6,0.6509873510083045,False,250.7662739293328,2.9220797391041367,False,False
646.17,8345,t8345,170,500.0,54,4,6,0.6473757858063203,False,98.81824372797882,1.6817320043306137,False,False
646.2,8346,t8346,300,250.0,71,7,4,0.6435185043859314,True,61.51461058758514,3.1792594884977934,True,False
646.22,8347,t8347,270,900.0,77,8,10,0.6402989817814585,False,204.87897399289793,2.780501588907812,False,False
646.27,8349,t8349,170,100.0,81,6,8,0.6529205369414327,True,15.032986382952425,1.830828186322859,True,False
646.27,8348,t8348,120,75.0,78,10,4,0.6448029739908673,True,10.658585186578334,1.3165638357323142,True,False
646.52,8350,t8350,300,250.0,85,10,8,0.6491745075041265,False,85.97805240424795,3.292731185389162,False,False
646.54,8351,t8351,270,200.0,44,0,8,0.6522441808582014,False,47.22318082190569,2.8572270423743813,False,False
646.68,8353,t8353,80,50.0,21,8,4,0.6626716003365557,True,3.4810338998539763,0.8770673481615993,True,False
646.76,8354,t8354,170,700.0,58,10,4,0.6473375811777166,False,109.68876641272378,1.587632915602847,False,False
646.77,8355,t8355,220,150.0,51,0,6,0.6495552287041283,True,35.428673461109156,2.187716490427705,True,False
646.83,8358,t8358,270,200.0,58,6,1,0.6606660249593671,True,43.49296648836741,2.6191679333351496,True,False
646.95,8359,t8359,120,75.0,79,2,5,0.6292055506060975,True,8.804938810939149,1.2888271810301128,True,False
646.96,8360,t8360,270,200.0,69,2,1,0.6355144799587561,True,44.19051608683702,2.44060350915803,True,False
647.0,8361,t8361,300,1200.0,38,1,5,0.6418270634733901,False,425.08470273270274,2.8713914377022904,False,False
647.03,8362,t8362,170,100.0,90,7,4,0.6462303161163946,True,19.760382960346604,1.7365110572713638,True,False
647.27,8364,t8364,220,700.0,31,10,8,0.6455991991722257,False,147.48873580387334,2.393275767467847,False,False
647.47,8365,t8365,170,100.0,27,10,4,0.643647496220829,True,16.726618160155443,1.7104844389605502,True,False
647.52,8366,t8366,220,900.0,87,1,5,0.638247188870589,False,169.63046793732846,2.16924703005221,False,False
647.55,8367,t8367,220,150.0,91,8,4,0.6648488349964913,True,35.63794093389867,2.3281069207116287,True,False
647.67,8368,t8368,300,250.0,40,4,10,0.6355553921659317,False,61.23335129748007,2.8891190589491833,False,False
647.71,8369,t8369,170,700.0,26,0,6,0.6519947907967123,False,134.36945953101286,1.7169152782628487,False,False
647.88,8370,t8370,80,50.0,21,9,2,0.6591956168485087,True,3.3680018249783985,0.8570763695260522,True,False
648.14,8371,t8371,170,100.0,89,10,4,0.646205212963079,True,15.260248555414487,1.8061631441342663,True,False
648.17,8372,t8372,120,75.0,97,9,10,0.650417492038981,True,8.316535223895695,1.1401182841733737,True,False
648.22,8373,t8373,300,250.0,67,2,1,0.6383863721777628,False,71.96868240290277,2.889144544988607,False,False
648.31,8374,t8374,120,75.0,61,0,1,0.6490593496876683,True,7.896747352789035,1.1932303527841084,True,False
648.35,8375,t8375,300,250.0,73,7,4,0.6488878916122486,True,62.12485777665332,2.8733872974489394,True,False
648.43,8376,t8376,220,150.0,41,7,8,0.6537949641040567,True,37.10655277435086,2.267571632379536,True,False
648.45,8377,t8377,270,900.0,63,10,1,0.6388747206767498,False,264.23279292312463,2.4790087768070124,False,False
648.61,8379,t8379,300,1000.0,72,9,2,0.6613141660499999,False,320.4959127108406,2.9231660999424016,False,False
648.85,8381,t8381,170,100.0,75,0,1,0.6516603445120968,True,17.10975552401641,1.6526087939480614,True,False
648.85,8380,t8380,170,500.0,75,5,1,0.6471824504069245,True,71.61800025495467,1.811405267115603,True,False
648.9,8383,t8383,170,100.0,88,4,2,0.6350515507985642,True,16.59999318030947,1.6862856372123558,True,False
648.9,8382,t8382,220,150.0,97,9,2,0.6572163442674614,True,33.174109007153156,2.018287231478647,True,False
648.92,8384,t8384,300,250.0,44,4,1,0.6547193436911916,False,83.02785295433169,2.7860456474439443,False,False
648.99,8386,t8386,170,100.0,59,6,1,0.6628833711268464,True,15.316131512758608,1.7788205507711552,True,False
648.99,8385,t8385,170,100.0,35,0,1,0.6542093194400367,True,16.661475625033844,1.8588926926928955,True,False
649.14,8387,t8387,170,100.0,85,6,8,0.6554443080207859,True,19.86995560048967,1.5370370466791836,True,False
649.32,8388,t8388,220,150.0,32,3,4,0.6324092974754575,True,26.68452817348033,2.322507883926032,True,False
649.44,8390,t8390,120,75.0,84,8,4,0.6669825249632281,True,7.469743511504067,1.1836600920972893,True,False
649.65,8391,t8391,120,75.0,66,3,4,0.6353432933441302,True,10.791794786704335,1.2685027951365355,True,False
650.2,8394,t8394,170,100.0,27,0,1,0.6567073148694177,True,16.06413860939066,1.5350562144729067,True,False
650.34,8395,t8395,270,900.0,93,6,1,0.6650563703709761,False,268.2965943340084,2.581370821505419,False,False
650.49,8396,t8396,170,500.0,63,9,10,0.6529913240163833,False,81.97622614549046,1.5760665535559442,False,False
650.54,8397,t8397,120,75.0,20,6,8,0.657917603678552,True,7.4504066898519365,1.2878473523234302,True,False
650.58,8398,t8398,220,150.0,70,6,8,0.6603414334231629,True,35.27927808933127,2.282080856027991,True,False
650.6,8399,t8399,170,100.0,64,6,1,0.6610119096302233,True,19.184395245432412,1.6723170479574534,True,False
650.64,8400,t8400,300,250.0,58,5,2,0.652727521197313,False,74.21859055944157,3.243487388565951,False,False
650.81,8401,t8401,80,50.0,34,10,1,0.6352256878016764,True,4.375566006450907,0.7971497308132414,True,False
650.88,8402,t8402,270,200.0,79,8,10,0.6369011839640112,True,48.19395388978669,2.5730342024599757,True,False
650.9,8403,t8403,170,500.0,48,5,4,0.6375894949885862,False,84.64524124133904,1.597935723515351,False,False
650.92,8404,t8404,270,200.0,55,9,10,0.6493396793542375,False,56.05813469107982,2.6933519656054075,False,False
651.04,8405,t8405,80,50.0,88,8,4,0.6690735411306302,True,3.95698601523969,0.7414061209990424,True,False
651.07,8406,t8406,220,150.0,31,4,6,0.6438364519083757,True,30.500980207093797,2.132405890355356,True,False
651.13,8408,t8408,220,150.0,79,5,4,0.6342458869069962,True,31.614361937944473,2.0241097020286096,True,False
651.32,8409,t8409,300,1000.0,60,4,1,0.6510331386355496,False,271.01174224135866,2.8498762261124777,False,False
651.37,8410,t8410,80,50.0,52,6,1,0.6632223381042854,True,4.655777176792011,0.8386510197163082,True,False
651.4,8411,t8411,300,1200.0,34,7,5,0.6496563804541835,False,292.5889027945997,3.1145734555853277,False,False
651.75,8412,t8412,270,200.0,25,5,1,0.6496694680654527,False,45.240091426367805,2.8627005771874785,False,False
651.77,8413,t8413,80,50.0,76,7,8,0.6563012466401573,True,4.5813238141768835,0.7998288118919592,True,False
651.82,8414,t8414,270,900.0,70,5,1,0.6459327453708102,False,282.3259439026002,2.7366865052640286,False,False
651.86,8416,t8416,170,500.0,55,8,1,0.6438047594068799,False,75.17319838845619,1.7783798812103087,False,False
652.17,8417,t8417,80,50.0,34,8,4,0.6711227369746843,True,4.081354858089831,0.7983924850249958,True,False
652.32,8418,t8418,270,1000.0,47,3,4,0.6382186092954294,False,301.9498388891811,2.916666588999245,False,False
652.42,8419,t8419,120,75.0,43,3,5,0.661972603919049,True,7.870962075273863,1.1114487468431957,True,False
652.45,8420,t8420,270,200.0,90,1,8,0.6421884236562145,True,59.30441948906341,2.594228076018251,True,False
652.56,8421,t8421,170,100.0,94,8,4,0.6731309489018572,True,19.350700513479328,1.7967804082737822,True,False
652.57,8422,t8422,170,100.0,77,3,4,0.6348624189277027,True,18.138396504788297,1.8456005280284973,True,False
652.6,8423,t8423,300,250.0,95,8,10,0.6397453421029128,True,87.11898743897333,3.2023589805571735,True,False
652.64,8424,t8424,220,900.0,62,1,8,0.6446471167215517,False,203.63855926493397,2.1016014502149325,False,False
652.65,8425,t8425,270,900.0,63,3,4,0.6377473523673304,False,238.59511320509338,2.8574612302281945,False,False
652.66,8426,t8426,80,50.0,94,7,8,0.658757403525536,True,3.9902055091772533,0.7827711746013222,True,False
653.07,8429,t8429,80,50.0,33,3,5,0.6643153336588499,True,4.101916648321506,0.8684859325360595,True,False
653.1,8430,t8430,270,1000.0,53,0,2,0.6766210254877018,False,250.1616197794032,2.7641867114646907,False,False
653.15,8431,t8431,80,50.0,64,4,6,0.64654190468839,True,3.766616046179619,0.8134910509294078,True,False
653.16,8432,t8432,170,700.0,28,8,1,0.6400571257572039,False,131.3557567372263,1.5415733264012657,False,False
653.32,8435,t8435,270,200.0,34,8,4,0.6750989965904867,False,50.96659950817681,2.7560838720626015,False,False
653.46,8437,t8437,120,75.0,88,9,10,0.6457610675853346,True,10.311334296530337,1.2447122794916483,True,False
653.51,8438,t8438,220,150.0,68,4,6,0.649193248412804,True,32.745473538503994,2.1684466995524234,True,False
653.58,8439,t8439,220,900.0,52,10,4,0.6487117753704841,False,216.39336790628997,2.1559376012861207,False,False
653.66,8440,t8440,170,500.0,21,5,1,0.6422707571300608,False,82.32985775431702,1.7397986272253951,False,False
653.7,8441,t8441,170,100.0,84,0,10,0.6491217754342354,True,15.617747310513254,1.8655695714868692,True,False
653.76,8443,t8443,80,50.0,34,7,4,0.6514923155981854,True,3.797173367842854,0.725692879192951,True,False
653.83,8444,t8444,170,500.0,53,6,10,0.6624228496056427,False,85.83935871697314,1.58397473936139,False,False
654.11,8446,t8446,270,900.0,95,1,6,0.6270922412435993,False,227.0698759471785,2.727790260655829,False,False
654.18,8447,t8447,270,1000.0,89,1,8,0.6408826359255824,False,299.50813823331083,2.55472068560307,False,False
654.34,8448,t8448,270,200.0,92,0,1,0.6591553503902112,True,59.013854764328,2.43121141554674,True,False
654.36,8449,t8449,170,500.0,95,7,5,0.6460714346632815,True,76.42863530741079,1.7043176778628908,True,False
654.37,8450,t8450,220,150.0,60,3,6,0.6429769361265775,True,39.21651991015079,2.013765251656125,True,False
654.83,8451,t8451,80,50.0,21,4,2,0.6379327016007749,True,3.2763404286016238,0.8132476095221179,True,False
654.9,8452,t8452,220,150.0,95,10,8,0.642095397006963,False,27.09016134746036,2.2940815909607624,True,False
654.99,8453,t8453,300,1000.0,99,4,2,0.6407562293869411,False,283.6777312633665,2.8229741629633645,False,False
655.02,8454,t8454,300,250.0,91,7,5,0.6487321877881979,True,83.52750280017848,2.9049234853560906,True,False
655.18,8455,t8455,300,1000.0,40,0,10,0.6513319113541222,False,344.3818175141921,3.160406495392711,False,False
655.21,8456,t8456,270,200.0,70,0,8,0.6483277587794989,True,61.30432663525943,2.6307566616429936,True,False
655.38,8457,t8457,220,900.0,26,4,2,0.6373492866173841,False,164.6340650312956,1.9841903095597833,False,False
655.44,8458,t8458,170,100.0,88,1,8,0.6371934447455321,True,13.773865229918275,1.5937196789360526,True,False
655.55,8459,t8459,220,700.0,25,10,4,0.644994206529741,False,142.7650779317753,2.1607272419256622,False,False
655.56,8460,t8460,170,500.0,87,3,6,0.6456995792222278,False,97.98715672280245,1.7242947413722172,False,False
655.57,8461,t8461,270,200.0,93,2,4,0.6372349565526275,True,54.240566421070994,2.6211968953482194,True,False
655.62,8462,t8462,300,250.0,39,5,2,0.6490811525915486,False,66.29831998282154,2.8745095194003776,False,False
655.74,8463,t8463,270,200.0,74,9,5,0.6370194539606505,True,48.50326625285958,2.483088791611647,True,False
655.77,8464,t8464,270,200.0,38,5,4,0.6371431509870381,False,54.990552374050665,2.8639100586923774,False,False
655.98,8466,t8466,220,700.0,26,7,5,0.6513397258506156,False,162.54374698826993,2.402890192686448,False,False
656.02,8468,t8468,170,100.0,61,8,1,0.6363844447805214,True,14.692620722208234,1.7785316205663328,True,False
656.11,8469,t8469,300,250.0,82,3,5,0.6666112088038546,True,72.72740984050633,3.164719585483736,True,False
656.16,8470,t8470,270,200.0,61,10,4,0.641350989065813,True,57.369257086169064,2.430614900016416,True,False
656.27,8471,t8471,220,700.0,49,7,4,0.6540446511044035,False,176.54451214323242,2.275051221807362,False,False
656.54,8473,t8473,170,100.0,60,4,8,0.6340568983630913,True,16.85637843104822,1.665156075007483,True,False
656.61,8474,t8474,80,50.0,48,6,8,0.6627167865728814,True,4.087863837378453,0.7856964707955112,True,False
656.63,8475,t8475,270,900.0,91,4,1,0.6474206576810203,False,215.5932654623507,2.6197061010596188,False,False
656.69,8478,t8478,120,75.0,84,2,1,0.6350268265523894,True,9.248114450694592,1.1136265159332002,True,False
656.7,8479,t8479,270,900.0,59,5,2,0.6455077113578994,False,281.07442553948067,2.440786240354984,False,False
656.77,8480,t8480,220,900.0,60,5,1,0.6386820086541262,False,232.17732977309916,2.1223638524157353,False,False
656.9,8481,t8481,120,75.0,82,4,6,0.6517915652627297,True,8.221993630913444,1.2093806047266067,True,False
657.23,8482,t8482,170,700.0,90,2,1,0.6379084718395234,False,95.70104537893316,1.5415691131441012,False,False
657.23,8483,t8483,220,700.0,38,7,5,0.6477211131517852,False,133.58987436660675,2.07860400666558,False,False
657.28,8484,t8484,300,1200.0,31,6,1,0.6653885580088664,False,422.85242118271367,3.091832839213591,False,False
657.32,8485,t8485,120,75.0,66,7,5,0.6441748727069313,True,7.554706069858445,1.087359649898127,True,False
657.35,8486,t8486,220,900.0,90,6,1,0.6613374535153557,False,209.45548408601317,2.056200581565778,False,False
657.37,8487,t8487,220,150.0,44,10,4,0.6439546359511633,True,31.647521038771558,2.4186667066658325,True,False
657.42,8488,t8488,270,200.0,27,8,1,0.6389592174233725,False,57.942270046803124,2.6370552812981356,False,False
657.6,8489,t8489,170,100.0,93,6,10,0.6584310592801965,True,19.646869319515986,1.801624516278362,True,False
657.68,8490,t8490,80,50.0,21,8,4,0.6708536833253437,True,3.562386086737652,0.8122070145832865,True,False
657.89,8491,t8491,270,1000.0,45,3,6,0.6421937694559651,False,240.81730157187636,2.580218111215354,False,False
658.01,8492,t8492,220,150.0,85,8,4,0.6728672763255035,True,28.481586018194328,2.294251609113305,True,False
658.08,8493,t8493,220,150.0,37,2,5,0.6322036214121574,True,31.441080120079175,2.3306770341061873,True,False
658.15,8494,t8494,170,500.0,98,7,5,0.6468735570709745,True,77.75676373222919,1.7194575932550729,True,False
658.21,8495,t8495,300,1200.0,40,9,10,0.6484280280518097,False,327.5366231102365,2.8062734082240635,False,False
658.23,8496,t8496,80,50.0,55,9,5,0.6397097315481043,True,4.086442352929148,0.8295676947293972,True,False
658.55,8497,t8497,80,50.0,77,2,4,0.6400724392397569,True,4.287135826454025,0.778351475362328,True,False
658.57,8498,t8498,220,150.0,99,9,2,0.6593744789205738,True,31.187999230044248,2.3693175371706867,True,False
658.6,8499,t8499,120,75.0,73,0,1,0.6615544252005888,True,7.694053353504206,1.292155110892,True,False
658.63,8500,t8500,270,1000.0,85,5,4,0.6338084697854792,False,241.71266333576773,2.4377313805691774,False,False
658.87,8501,t8501,220,700.0,60,2,4,0.6428531722731435,False,176.02916162457888,2.400619092750596,False,False
659.02,8504,t8504,170,100.0,59,9,2,0.6614894508806239,True,16.895712453750605,1.7424504433902117,True,False
659.17,8505,t8505,120,75.0,59,3,5,0.6688611664459594,True,10.514660942325904,1.2812579214626771,True,False
659.25,8506,t8506,270,200.0,30,1,8,0.639752037389083,False,57.63278107310312,2.49440203316662,False,False
659.31,8507,t8507,80,50.0,22,8,10,0.6425326170790363,True,3.617871991526268,0.8085317812135884,True,False
659.54,8509,t8509,300,250.0,53,5,2,0.6420057389489232,False,69.65356082628138,3.213050232029494,False,False
659.56,8510,t8510,270,900.0,56,4,8,0.6368064270624961,False,219.88331860670058,2.949558951359224,False,False
659.7,8511,t8511,170,700.0,76,9,2,0.663562123401473,False,118.4497652764599,1.7372536826253677,False,False
659.98,8514,t8514,220,700.0,29,6,1,0.6573673711117153,False,135.5609073173471,2.1558841306373293,False,False
659.98,8513,t8513,300,250.0,63,4,2,0.6340104827032182,False,86.25010133662146,3.247619505028098,False,False
660.05,8515,t8515,300,1000.0,79,7,4,0.6503719399004974,False,260.6399010057839,3.040376378157869,False,False
660.13,8516,t8516,170,500.0,66,5,2,0.6385738059881266,False,86.36293286859465,1.68336263191253,False,False
660.15,8517,t8517,80,50.0,49,10,1,0.6378236355841043,True,3.7641350528387574,0.7706509824190375,True,False
660.23,8518,t8518,80,50.0,73,2,4,0.6394042906458625,True,4.558309219985061,0.7488546459268773,True,False
660.35,8520,t8520,80,50.0,92,9,10,0.6448676493089552,True,3.4106074827439103,0.7988260455635345,True,False
660.38,8521,t8521,170,100.0,73,6,10,0.6606931047612593,True,16.598239056935096,1.7846783940578113,True,False
660.4,8522,t8522,120,75.0,58,6,10,0.6629099093327008,True,8.788152766249947,1.2420895794505504,True,False
660.44,8524,t8524,300,250.0,70,0,8,0.6506636651423705,True,65.47789360294546,3.2501357888771034,True,False
660.44,8523,t8523,300,250.0,78,9,5,0.6423462035838088,True,77.48741316006377,3.2261326141197673,True,False
660.52,8525,t8525,300,250.0,46,6,8,0.6650446326596056,False,64.10612224411067,3.13739307427056,False,False
660.53,8526,t8526,80,50.0,36,7,4,0.6467726829206691,True,3.819645148159092,0.766947100428886,True,False
660.72,8528,t8528,220,150.0,62,8,4,0.67484059746566,True,35.6812941459326,2.027098293441849,True,False
660.92,8530,t8530,300,250.0,37,4,1,0.6438804263455817,False,77.46961187953976,2.9705563301475575,False,False
660.95,8531,t8531,300,250.0,34,1,6,0.6238070630853939,False,86.45819773590466,3.2868695907449705,False,False
660.96,8532,t8532,220,150.0,28,10,8,0.6386616708850056,False,35.36839281637426,2.4087579974428253,False,False
661.04,8534,t8534,300,250.0,37,1,6,0.6205875884903528,False,75.6739968966146,2.825501803916007,False,False
661.08,8535,t8535,220,150.0,48,2,1,0.6345584842209148,True,36.55858901962323,2.4131671746054457,True,False
661.12,8536,t8536,120,75.0,63,2,1,0.6374494963546783,False,7.468926218767257,1.1793235984425683,True,False
661.27,8537,t8537,270,900.0,35,8,4,0.6767744521830136,False,269.6470816310231,2.791026106229701,False,False
661.4,8538,t8538,220,150.0,51,6,10,0.6650823778127134,True,30.118981357718134,1.9807850301628105,True,False
661.45,8539,t8539,220,150.0,78,7,8,0.6611644372732071,False,32.733056996714076,2.1278233098625967,True,False
661.52,8540,t8540,300,250.0,75,4,8,0.6333269651879129,True,73.70952889515947,2.8592745489998266,True,False
661.61,8541,t8541,300,1000.0,59,2,4,0.642198386651127,False,336.94364545081476,2.896917161383128,False,False
661.63,8542,t8542,270,200.0,41,3,6,0.6387580758850275,False,46.17009172759605,2.5319853629187685,False,False
661.69,8543,t8543,220,150.0,99,3,4,0.6344005871381656,True,26.742073858483614,2.3620618719958957,True,False
661.71,8544,t8544,300,250.0,76,8,1,0.6353084946133665,False,87.78839180434879,2.9773982764300992,False,False
661.87,8545,t8545,220,150.0,69,6,1,0.6534766903561476,False,27.644061067253823,2.257301542865128,True,False
661.89,8546,t8546,80,50.0,47,1,8,0.6360854581797628,True,3.855684391329958,0.8313262777076416,True,False
661.92,8547,t8547,80,50.0,50,7,8,0.6573493303459247,True,4.713409536582196,0.7704671619370883,True,False
661.92,8548,t8548,80,50.0,67,3,4,0.6372947572135841,True,4.487109514473116,0.7266883433586255,True,False
662.01,8550,t8550,170,100.0,70,0,2,0.6724967867961296,True,18.82271382113492,1.7277932647565377,True,False
662.07,8552,t8552,120,75.0,40,4,1,0.640410999636852,True,10.107810461656152,1.1803484132132864,True,False
662.07,8551,t8551,120,75.0,36,10,4,0.6465062098988067,True,10.548612569117704,1.2863143626051987,True,False
662.15,8553,t8553,270,900.0,72,8,10,0.6452641465556375,False,223.4289904210596,2.55887602162579,False,False
662.4,8555,t8555,80,50.0,86,1,6,0.6174325033872123,True,4.795835496520224,0.8052174122294421,True,False
662.5,8556,t8556,270,1000.0,74,0,2,0.6746290328783888,False,311.8632778126129,2.6736200653607107,False,False
662.5,8557,t8557,170,100.0,61,2,4,0.6387626007362862,True,14.899423020730168,1.6524119994317155,True,False
662.78,8558,t8558,300,250.0,23,10,8,0.6352966192854873,False,61.740859090009096,3.256495270564412,False,False
662.8,8559,t8559,220,150.0,81,5,1,0.6351650351477104,True,34.13433519817171,2.07753335541717,True,False
662.8,8560,t8560,170,500.0,28,4,6,0.6543379157756569,False,89.95727091445805,1.6487991614423776,False,False
662.89,8561,t8561,170,100.0,52,7,4,0.6494194110804375,True,17.860502115316677,1.6518286532667887,True,False
662.93,8562,t8562,300,250.0,23,3,5,0.671066124935222,False,78.65664842902183,3.0486656871276905,False,False
662.96,8563,t8563,170,700.0,65,9,2,0.659419342471905,False,134.3668321063389,1.8559304348134613,False,False
663.14,8564,t8564,120,75.0,64,9,2,0.6553594171609285,True,9.346045007549831,1.0987421911059938,True,False
663.26,8565,t8565,120,75.0,52,6,8,0.6611519218245953,True,10.058069791718681,1.2045950949376982,True,False
663.43,8566,t8566,270,1000.0,44,5,1,0.6378924011114228,False,270.8771989631306,2.9064791562410193,False,False
663.62,8568,t8568,300,250.0,36,8,1,0.6317307862595607,False,74.79129359873565,2.8656974710291223,False,False
663.68,8570,t8570,120,75.0,63,4,1,0.6431849614622968,True,8.687105115292852,1.2180720423453988,True,False
663.68,8569,t8569,170,700.0,58,1,8,0.6386662105546292,False,99.63522975888557,1.6808747402906496,False,False
663.74,8573,t8573,120,75.0,74,6,8,0.6635110652062852,True,9.609613096275071,1.2317990182626397,True,False
663.74,8572,t8572,300,250.0,79,2,4,0.6415695305397423,True,69.2922829379589,2.780109699430355,True,False
663.78,8574,t8574,300,250.0,39,7,8,0.659784525557188,False,63.47402970324698,2.9246676875736224,False,False
663.85,8575,t8575,300,250.0,42,7,8,0.6559970168642261,False,84.18553834420753,3.128816066445035,False,False
663.91,8576,t8576,220,900.0,61,5,10,0.6316087192073728,False,177.6747532321281,2.3282477985118826,False,False
664.08,8578,t8578,220,150.0,65,8,1,0.6282246320728311,True,36.9748137939855,2.0883674016229685,True,False
664.17,8579,t8579,120,75.0,70,8,10,0.6417670454427066,True,7.55943671311814,1.1181354487226727,True,False
664.37,8581,t8581,270,1000.0,26,2,1,0.6341086882457665,False,314.2374607438005,2.9592238327804874,False,False
664.44,8582,t8582,80,50.0,92,9,5,0.6449299461787993,True,3.9159422774968373,0.7568011659604854,True,False
664.45,8583,t8583,120,75.0,25,7,8,0.6522852583451234,True,7.9462651298504925,1.2328023366656728,True,False
664.72,8584,t8584,170,100.0,41,10,4,0.6490067523674973,True,14.90336588613873,1.6876302879234302,True,False
664.73,8585,t8585,170,100.0,47,10,4,0.651457283986814,True,20.211071797592957,1.8493639272483247,True,False
664.98,8587,t8587,270,900.0,99,5,1,0.634391219755861,False,199.532839597841,2.7200139615011527,False,False
665.0,8588,t8588,170,100.0,34,7,5,0.6495182677477368,True,18.88763082076091,1.8308910528176674,True,False
665.05,8590,t8590,300,250.0,40,1,5,0.6347389117598439,False,65.54429561580176,2.852682379656766,False,False
665.05,8589,t8589,120,75.0,41,0,1,0.6639055185147588,True,9.578703365736907,1.158348024616676,True,False
665.33,8591,t8591,120,75.0,26,10,6,0.6330779579927122,True,9.60868322660726,1.1397404721366289,True,False
665.46,8593,t8593,220,150.0,99,1,6,0.6205145199861347,True,32.72957467579117,2.005155327897653,True,False
665.49,8594,t8594,270,200.0,56,7,4,0.6520132046770106,True,51.06472774257322,2.6773321118499016,True,False
665.58,8596,t8596,80,50.0,51,2,5,0.635141730802096,True,3.6773325811580757,0.8612427861410968,True,False
665.6,8597,t8597,270,900.0,95,6,10,0.6672113969231258,False,209.37229760291714,2.723700002503311,False,False
665.74,8599,t8599,300,250.0,66,10,6,0.6358470654995246,False,78.46534465739694,3.2732967434488485,False,False
665.74,8598,t8598,170,100.0,38,2,5,0.6380210780042359,True,19.367145739649718,1.8421822610316076,True,False
665.75,8600,t8600,270,200.0,58,9,10,0.647552478140958,True,57.285223708081766,2.76840502396709,True,False
665.82,8602,t8602,270,900.0,62,1,6,0.6235348962530788,False,201.44654374321385,2.505946058542858,False,False
666.02,8603,t8603,300,250.0,74,5,2,0.635210511686546,True,68.72089286133374,3.238644536043596,True,False
666.05,8604,t8604,170,700.0,99,4,8,0.6360910925508213,False,134.5636021174113,1.6089226356039608,False,False
666.08,8605,t8605,300,250.0,51,1,5,0.6313008001913136,False,87.23654180172298,2.9334998759426316,False,False
666.19,8607,t8607,300,1200.0,62,5,2,0.6380884832709968,False,352.5835947190308,3.056070188939449,False,False
666.19,8606,t8606,220,150.0,37,6,8,0.6658230257203414,True,33.90476069768769,2.202467822811362,True,False
666.26,8608,t8608,270,1000.0,53,8,10,0.6445138863520342,False,222.11391131833832,2.8871353303056546,False,False
666.55,8610,t8610,80,50.0,42,4,9,0.6326959896637915,True,3.633973181402898,0.8374447218251018,True,True
666.57,8611,t8611,80,50.0,48,1,8,0.6350213478819982,True,4.43668857583805,0.7781419419462599,True,False
666.59,8612,t8612,300,1200.0,88,0,2,0.6705446340390028,False,346.7513923601499,3.010849645865128,False,False
666.67,8613,t8613,220,150.0,98,2,4,0.6443203217471293,True,39.590185991343105,2.0561396418999176,True,False
666.68,8614,t8614,120,75.0,96,7,5,0.6521100842109638,True,7.555230915695853,1.2315613204241171,True,False
666.79,8616,t8616,270,200.0,78,6,10,0.6631238356513299,True,54.214789834292674,2.9589878590430487,True,False
666.79,8615,t8615,270,900.0,38,5,2,0.6347348954237587,False,218.01980361093223,2.7871370566100553,False,False
666.95,8617,t8617,120,75.0,63,10,2,0.6326207567596416,True,7.293146951605988,1.2923562768911683,True,False
667.01,8618,t8618,220,900.0,76,5,1,0.6309600620274104,False,179.64488114964917,2.3825225927776,False,False
667.17,8620,t8620,170,500.0,82,0,8,0.6529528533779847,True,75.22056038167547,1.7776433187124796,True,False
667.21,8621,t8621,300,250.0,93,4,1,0.6459034440512327,False,67.08005925321731,3.1271795717269515,True,False
667.3,8622,t8622,80,50.0,73,9,5,0.64746201392189,False,4.220481073909089,0.7349043569344657,True,False
667.54,8624,t8624,170,100.0,64,8,4,0.67249562980602,True,19.83766811182052,1.7681463510410518,True,False
667.57,8625,t8625,170,100.0,61,9,2,0.6575546903561715,True,16.065632654987077,1.6778278072122774,True,False
667.59,8626,t8626,300,1000.0,69,1,8,0.6376233824628197,False,313.2257450149718,2.848163617061266,False,False
667.61,8627,t8627,270,200.0,47,4,9,0.6354727365371823,True,59.20959238390036,2.709276471410525,True,True
667.72,8628,t8628,270,200.0,78,10,4,0.6538588049737444,True,58.96987250049033,2.6055325653642183,True,False
667.9,8629,t8629,300,1000.0,31,2,4,0.6470160971303686,False,334.64052762670116,2.8401390236367954,False,False
667.91,8630,t8630,270,900.0,65,10,4,0.6562122955409362,False,235.12185155127824,2.8416480551549532,False,False
668.06,8631,t8631,120,75.0,91,6,10,0.66529202560497,True,9.658708347769997,1.2691273421558416,True,False
668.1,8632,t8632,270,1000.0,47,3,6,0.6353910961855088,False,225.70003029930547,2.7048763620030853,False,False
668.23,8634,t8634,80,50.0,79,4,1,0.6423935569883897,True,4.4625916928881,0.7599447254044133,True,False
668.3,8635,t8635,170,500.0,56,6,10,0.6674168517595372,False,72.66578171785876,1.656945517331459,False,False
668.33,8636,t8636,170,100.0,83,4,9,0.6381939484731053,True,16.42093432524773,1.7624698563590744,True,True
668.35,8637,t8637,300,250.0,45,6,8,0.6680887470241162,False,76.35490236809699,2.9322460780752517,False,False
668.42,8638,t8638,170,100.0,89,8,4,0.6744763838765663,True,14.459071505958544,1.8017942894873815,True,False
668.46,8639,t8639,270,200.0,48,2,5,0.640842838262333,False,64.39419502716999,2.5106237978094543,False,False
668.54,8640,t8640,270,200.0,25,2,4,0.6434839570059431,False,52.13534084147167,2.9541883735019168,False,False
668.54,8641,t8641,270,200.0,23,7,8,0.6548217349964028,False,50.12118643242058,2.964480419442697,False,False
668.58,8642,t8642,220,150.0,52,6,1,0.6496638232156914,True,36.79009755900605,2.2357008891997796,True,False
668.62,8643,t8643,80,50.0,50,0,2,0.6665419231764046,True,4.586211653210939,0.8315076282849182,True,False
668.71,8644,t8644,170,700.0,97,3,5,0.6670529842546994,False,109.21997010265368,1.8335947135165087,False,False
668.86,8645,t8645,120,75.0,69,3,5,0.6631201063877873,True,9.729995981167116,1.2013376482839497,True,False
668.89,8648,t8648,220,900.0,46,9,10,0.6501836103963207,False,202.4299464722157,2.184751271135808,False,False
669.15,8649,t8649,170,500.0,87,2,5,0.6374341633152681,True,70.5578742133451,1.5623707899295938,True,False
669.23,8650,t8650,270,1000.0,50,7,5,0.6546500643449265,False,264.61893305214795,2.653781001086834,False,False
669.26,8651,t8651,220,900.0,83,4,9,0.6408607361703099,True,178.38433036396088,2.018245539532601,True,True
669.28,8652,t8652,80,50.0,68,9,5,0.6437694403101188,True,4.001477914411784,0.7387740557353619,True,False
669.31,8653,t8653,80,50.0,58,10,2,0.6352708031629104,True,4.229932596573067,0.8404152605210407,True,False
669.33,8654,t8654,300,250.0,38,2,5,0.6402676618671447,False,62.659685431298485,3.186112676718829,False,False
669.33,8655,t8655,80,50.0,21,8,4,0.6764175228657016,True,3.5050931903032922,0.8276152877807075,True,False
669.36,8656,t8656,170,500.0,65,7,4,0.6545551224016523,False,69.49833601702326,1.8338271313401484,False,False
669.54,8657,t8657,300,1000.0,50,3,6,0.6320914560799804,False,341.5022611285796,2.8634629276175367,False,False
669.64,8658,t8658,300,250.0,52,3,5,0.6654398860782132,False,83.20730799862125,2.980163151143061,False,False
669.83,8660,t8660,220,700.0,94,4,9,0.6434741881135703,True,159.84322610451565,2.268374809662924,True,True
669.9,8661,t8661,120,75.0,46,3,4,0.6401310438874942,True,7.83962353868398,1.1516914357923087,True,False
670.09,8663,t8663,170,100.0,85,3,5,0.6615392701748308,True,16.918311990871903,1.6221555482142695,True,False
670.13,8664,t8664,300,250.0,23,10,4,0.6523447162967841,False,62.137239708377976,3.095744169040886,False,False
670.23,8665,t8665,270,1000.0,33,9,10,0.6465881200065761,False,306.3853434887519,2.802247567487763,False,False
670.37,8667,t8667,270,1000.0,88,8,10,0.6410317904431754,False,231.4410088977752,2.7865597493528007,False,False
670.43,8668,t8668,170,100.0,85,5,2,0.6314483793334653,True,19.8319752413328,1.6889190599384543,True,False
670.51,8670,t8670,300,250.0,92,8,4,0.6783198390750542,True,70.37936482041532,3.0886837769773883,True,False
670.56,8671,t8671,170,100.0,97,9,2,0.6597060580875096,True,14.334160992113224,1.6816879109199165,True,False
670.7,8672,t8672,170,500.0,23,9,10,0.6430645394246264,False,83.00429488419248,1.6075022859911459,False,False
670.78,8673,t8673,80,50.0,80,1,8,0.6339993763520249,True,4.180692128498912,0.8087504578913745,True,False
670.91,8674,t8674,80,50.0,63,4,9,0.6460353710179656,True,3.98040250998718,0.8490900249557255,True,True
670.92,8675,t8675,120,75.0,33,6,8,0.6641351539018158,True,8.553478944913273,1.1952239124872026,True,False
670.98,8676,t8676,300,250.0,45,6,8,0.6664346326419613,False,62.68824533816503,3.1251078000888493,False,False
671.01,8677,t8677,300,250.0,23,7,4,0.650872201771801,False,71.42985846376014,3.1447385469625297,False,False
671.04,8678,t8678,170,100.0,40,6,10,0.6633251813910133,True,20.160595432545456,1.5665367022756385,True,False
671.11,8679,t8679,300,250.0,74,0,1,0.6662095899626456,False,78.94062182686831,2.7288104779607876,False,False
671.52,8681,t8681,270,1000.0,70,6,8,0.6625141218073038,False,297.52018110149936,2.8076093291853743,False,False
671.55,8682,t8682,220,150.0,42,3,5,0.663890666589516,True,35.09333309614304,2.4133262343489505,True,False
671.61,8683,t8683,80,50.0,58,10,2,0.6378678486381137,True,3.64635661627003,0.8339216377947427,True,False
671.72,8685,t8685,120,75.0,66,6,8,0.6586720211893397,True,8.481537109343147,1.0979480175260192,True,False
671.87,8686,t8686,270,200.0,35,4,1,0.6451278676668037,False,59.658189868118725,2.9627632249483824,False,False
671.96,8687,t8687,300,1200.0,84,9,2,0.6618143984642209,False,424.2021872452964,3.056539748530133,False,False
672.04,8688,t8688,220,150.0,80,6,8,0.6610807625837346,True,37.69680820873781,2.104962774788595,True,False
672.13,8689,t8689,170,100.0,97,3,5,0.6661950350759075,True,15.865622145166462,1.5994262857212134,True,False
672.18,8690,t8690,80,50.0,58,0,8,0.6551962578488866,True,4.72623472287628,0.7818553653154336,True,False
672.64,8692,t8692,120,75.0,63,5,4,0.6305404822079513,True,7.566700813551875,1.299328752014261,True,False
672.65,8693,t8693,220,900.0,58,3,6,0.6288578087765626,False,185.3765243250238,2.0144937912385434,False,False
672.67,8695,t8695,270,200.0,94,7,8,0.6511334821146565,True,62.1437815617004,2.6208126475494247,True,False
672.67,8694,t8694,270,200.0,67,4,1,0.6416334921316494,True,64.78607197949951,2.6720892212362273,True,False
672.77,8696,t8696,220,150.0,63,9,10,0.6396114304543157,True,32.180419747888365,2.40099394620552,True,False
672.88,8697,t8697,270,200.0,36,8,4,0.6801841089602197,False,54.48067948840586,2.599253761101179,False,False
672.93,8698,t8698,300,250.0,34,2,1,0.630834696299033,False,80.3370351383651,3.103740059528878,False,False
672.96,8699,t8699,120,75.0,71,6,10,0.6654893444298596,True,10.414681295902092,1.2539582382926588,True,False
673.0,8700,t8700,170,100.0,97,7,8,0.6536929942905452,True,17.7069220416748,1.7268528414532065,True,False
673.02,8701,t8701,270,1000.0,73,9,2,0.6577065720333981,False,245.89918763399982,2.8550098567820763,False,False
673.19,8703,t8703,220,150.0,76,3,10,0.6279767328017025,True,27.906985931211416,2.2686312246727116,True,False
673.27,8704,t8704,120,75.0,45,10,2,0.640412953203813,True,9.46269843806181,1.084823768915128,True,False
673.34,8706,t8706,220,700.0,75,6,8,0.6634413291502418,False,155.832325548603,2.2705901798439574,False,False
673.59,8708,t8708,270,200.0,32,7,5,0.6509652448762098,False,48.14984573246202,2.6108130752078385,False,False
673.64,8709,t8709,300,250.0,80,6,10,0.667610224207929,True,65.62574193785566,3.038871941105235,True,False
673.65,8710,t8710,270,200.0,50,0,2,0.6687932665310583,False,55.876404210675204,2.6718591664493787,False,False
673.72,8713,t8713,220,700.0,56,6,10,0.6696886863904372,False,134.7157598219621,2.0731003552291236,False,False
673.95,8714,t8714,120,75.0,83,2,5,0.6368704904479835,True,7.95311168318323,1.1742092890685647,True,False
674.0,8715,t8715,300,1000.0,99,3,10,0.63071965968413,False,310.5776633051325,3.2677888794825436,False,False
674.06,8718,t8718,80,50.0,97,1,8,0.636621850363446,True,3.597995224207126,0.8367314061755476,True,False
674.07,8719,t8719,270,900.0,98,7,8,0.6562013162229161,False,230.88302281889528,2.934924718686558,False,False
674.1,8720,t8720,170,700.0,98,6,10,0.6655515793292951,False,119.96563287261819,1.6207140388940933,False,False
674.17,8721,t8721,300,250.0,22,9,5,0.6463247181705831,False,68.65069893423153,3.2978537927432363,False,False
674.21,8722,t8722,80,50.0,88,4,1,0.6443830041071984,True,4.254140380984531,0.8773916933348866,True,False
674.35,8723,t8723,270,200.0,31,10,4,0.6485544886375151,False,57.95549009650325,2.937135236272312,False,False
674.42,8724,t8724,220,150.0,67,0,8,0.6573947942303704,True,31.848139606049187,2.032915135195078,True,False
674.61,8725,t8725,120,75.0,61,7,5,0.6473541217968674,True,9.170358097859696,1.255605922473581,True,False
674.76,8726,t8726,220,900.0,23,0,8,0.6595493598842244,False,183.30075470862204,2.282068787471834,False,False
674.87,8727,t8727,220,900.0,40,6,1,0.6521012134180442,False,200.4492010717415,2.377242028149831,False,False
674.91,8728,t8728,270,200.0,59,10,2,0.6429071556781982,False,59.23749472953688,2.6318996045597975,False,False
675.01,8729,t8729,300,250.0,75,4,9,0.648545330264273,True,77.66396067059189,3.146666122285236,True,True
675.05,8730,t8730,300,250.0,60,6,8,0.6595806843854187,False,88.23284973063149,2.9858624254505157,False,False
675.08,8731,t8731,270,200.0,86,8,1,0.6309626009698359,False,53.82464756734471,2.5501139114140536,True,False
675.1,8732,t8732,120,75.0,97,9,2,0.6536809021311916,False,9.926805853584737,1.0901136829664486,True,False
675.42,8733,t8733,170,100.0,26,7,5,0.6499892211791118,True,20.115571740928665,1.8192901300989104,True,False
675.45,8735,t8735,80,50.0,32,8,10,0.6376193364524937,True,3.86352752896849,0.7544834454233764,True,False
675.45,8734,t8734,220,700.0,47,8,10,0.6404491315416256,False,173.32143502719885,2.2819188839870788,False,False
675.47,8736,t8736,120,75.0,45,7,4,0.6472629395545467,True,8.914237379371881,1.140504257452129,True,False
675.52,8737,t8737,300,250.0,40,6,1,0.64831585581635,False,86.50091349041722,2.8226734402809033,False,False
675.56,8738,t8738,270,200.0,70,2,1,0.6276261841912342,True,57.63545289147258,2.7978650547805333,True,False
675.58,8739,t8739,170,100.0,57,2,4,0.640022459684006,True,16.562509863633537,1.6219360161994012,True,False
675.82,8740,t8740,270,900.0,50,10,1,0.6403696244108839,False,214.28196831099066,2.6455853337485067,False,False
675.89,8741,t8741,170,100.0,64,8,5,0.627767558269379,True,19.970032309291664,1.701329499991372,True,False
675.92,8742,t8742,170,500.0,57,6,8,0.6557972525158922,False,99.63785743266219,1.5707964270075079,False,False
675.94,8743,t8743,170,500.0,50,9,2,0.6497357456270294,False,90.09944824405437,1.80597748327513,False,False
676.02,8745,t8745,270,200.0,57,2,1,0.6306558423255914,True,45.96756111857641,2.6303272273894045,True,False
676.02,8744,t8744,270,200.0,42,10,1,0.6366906934611276,False,61.84640210692001,2.8733212410189877,False,False
676.06,8746,t8746,170,100.0,24,0,8,0.6554868342250015,False,15.707423126738426,1.7195076924017834,True,False
676.13,8747,t8747,170,500.0,60,10,4,0.6448400655314315,False,94.7419484450239,1.8639943442880993,False,False
676.16,8748,t8748,300,1000.0,93,4,1,0.6470775258432362,False,325.54908516408665,3.2563018588136647,False,False
676.2,8749,t8749,270,200.0,45,3,5,0.6684533161925712,False,52.54504365234207,2.696160642551619,False,False
676.21,8750,t8750,120,75.0,84,8,4,0.6758370934476821,True,9.790150716277438,1.0955216656467102,True,False
676.25,8751,t8751,300,250.0,91,10,2,0.6391774741030958,True,65.74178767835892,3.064228361198161,True,False
676.26,8752,t8752,270,200.0,74,1,5,0.627931450854154,True,62.32318140547246,2.481291823397576,True,False
676.31,8753,t8753,220,150.0,54,0,2,0.6648255830186189,True,39.00914512176907,2.081505744470493,True,False
676.69,8756,t8756,300,250.0,71,8,4,0.6777510182453951,False,72.29110058169161,3.1292173067557165,False,False
676.72,8757,t8757,300,250.0,35,10,4,0.6411999308874695,False,82.49930380601508,3.010703775826423,False,False
676.73,8758,t8758,220,900.0,25,6,1,0.6446062053666896,False,216.4986363587419,2.094165017033903,False,False
676.76,8759,t8759,80,50.0,20,8,5,0.6307943889221733,True,3.8027944761781964,0.7853518165735928,True,False
676.81,8760,t8760,300,1000.0,40,9,10,0.6424013836634112,False,329.886668982471,2.928249677877559,False,False
676.93,8761,t8761,270,200.0,57,1,6,0.6203208649946838,True,55.292935796935595,2.4813603311540375,True,False
677.08,8762,t8762,270,200.0,76,7,8,0.6524854717166396,True,63.936677946455625,2.664253480902789,True,False
677.52,8763,t8763,170,700.0,27,1,8,0.6391918748946386,False,108.5759157238873,1.736263912171559,False,False
677.63,8764,t8764,300,250.0,42,4,9,0.6510050903256542,True,74.06721936521363,3.2236021619646182,True,True
677.66,8765,t8765,300,250.0,82,6,8,0.6520894892837562,True,69.89527977972394,3.075785110162738,True,False
677.97,8767,t8767,270,900.0,70,2,4,0.6428041923085076,False,273.54481225703734,2.5037708561130656,False,False
677.98,8768,t8768,120,75.0,77,2,4,0.6393562902805193,True,8.280128452988638,1.1566228301387538,True,False
678.05,8769,t8769,170,100.0,47,4,9,0.6534156551858078,True,17.14099963547864,1.7052773888405333,True,True
678.11,8770,t8770,270,200.0,47,1,6,0.6233451143614568,False,49.21598140633696,2.5467276826721688,False,False
678.36,8771,t8771,80,50.0,68,9,5,0.6426548904738382,True,4.236876462499551,0.800240769574807,True,False
678.38,8774,t8774,270,1000.0,29,5,4,0.6335118543819741,False,263.22313530625,2.433227749093787,False,False
678.38,8773,t8773,300,250.0,32,3,4,0.6429106048279262,False,83.26358496716611,2.8817425066642803,False,False
678.38,8772,t8772,300,250.0,37,5,4,0.6302497991125166,False,79.5783278022966,3.1436114121539207,False,False
678.39,8775,t8775,220,900.0,68,10,2,0.6416963861594953,False,234.97473978145388,2.2290699017121964,False,False
678.7,8776,t8776,80,50.0,83,3,5,0.6644924316869015,True,4.728554294870833,0.855550140836352,True,False
678.71,8777,t8777,270,200.0,83,6,10,0.6614972144093759,True,57.139241032884044,2.6774382382127047,True,False
678.77,8778,t8778,220,700.0,83,4,9,0.6557780087487582,True,146.09386192936606,2.108568100756794,True,True
678.79,8779,t8779,270,200.0,81,0,1,0.6622935799815745,True,53.21291241737851,2.6245651984832605,True,False
678.9,8781,t8781,170,100.0,52,5,8,0.6299015399554889,True,18.72886618687051,1.6329229914131242,True,False
678.96,8784,t8784,300,250.0,99,4,1,0.6435441571445533,True,80.94675458380884,2.8881003756504264,True,False
679.02,8785,t8785,300,1000.0,87,9,2,0.6458694922529502,False,303.20230122577937,2.8569746055186975,False,False
679.22,8786,t8786,300,250.0,59,5,2,0.6344015935649778,False,68.85079580718991,3.1065716085708153,False,False
679.48,8788,t8788,220,150.0,92,1,5,0.6308034885037376,True,30.948163124466163,2.0192894714967236,True,False
679.5,8789,t8789,170,100.0,39,5,6,0.630891679495581,True,19.427621406872042,1.702607825954014,True,False
679.53,8790,t8790,270,200.0,52,8,5,0.6337606829619117,False,63.411502535372634,2.6349867581856663,False,False
679.56,8791,t8791,220,700.0,71,4,1,0.646255455819844,False,142.84716672428354,2.2449069023988755,False,False
679.79,8793,t8793,120,75.0,30,7,8,0.6550179441004886,True,7.523368959271423,1.254767417998958,True,False
679.82,8794,t8794,170,500.0,51,8,4,0.6734526645471538,False,87.18863878012631,1.5526478105535928,False,False
679.9,8796,t8796,120,75.0,68,0,8,0.6515055590789629,True,9.130397525100268,1.1028599753550914,True,False
680.14,8797,t8797,270,1000.0,77,3,5,0.6667847648713453,False,266.0057228928254,2.798050633070366,False,False
680.21,8798,t8798,300,250.0,85,6,1,0.6409707479260225,True,84.91754822817028,3.2690112091838515,True,False
680.22,8799,t8799,120,75.0,73,7,8,0.6574997670366607,True,9.687491253441358,1.1414853839245056,True,False
680.5,8802,t8802,120,75.0,99,3,4,0.6394605745495495,True,9.568260655873274,1.219768748142086,True,False
680.75,8803,t8803,270,200.0,93,5,2,0.6311217435118601,True,49.0179384600081,2.5810904073758567,True,False
680.79,8804,t8804,120,75.0,60,4,9,0.6580931152404498,True,9.837859327428628,1.2607041972956592,True,True
680.85,8805,t8805,170,700.0,47,5,2,0.6340814904598048,False,103.45915827962504,1.8697793738565442,False,False
680.91,8806,t8806,270,200.0,36,4,6,0.6506593392783256,False,49.96620387278542,2.450468625741235,False,False
681.12,8807,t8807,170,100.0,75,7,8,0.6599319535141093,True,13.892191721890782,1.560036919771034,True,False
681.52,8809,t8809,170,500.0,69,5,2,0.6308080424687904,False,87.60818238405062,1.786485362138619,False,False
681.59,8810,t8810,270,200.0,42,2,5,0.6397152624572057,False,59.66197846637675,2.9122561857478617,False,False
681.65,8811,t8811,170,100.0,54,6,8,0.6546298813162629,True,16.51050742578588,1.781765772554635,True,False
681.73,8812,t8812,80,50.0,69,9,10,0.6389615378083248,True,4.667357773539928,0.8597419097598588,True,False
681.74,8813,t8813,220,150.0,74,3,1,0.6274017809433361,True,26.864117574950672,2.18053094899235,True,False
681.96,8814,t8814,220,150.0,63,8,5,0.6304936511208553,True,27.81002035730193,2.2318151566772726,True,False
682.2,8816,t8816,300,1200.0,33,7,4,0.6498998625816377,False,336.72904426304524,3.0423041517388816,False,False
682.22,8818,t8818,270,1000.0,71,8,4,0.6692402779228774,False,261.85176695758815,2.483840402942211,False,False
682.22,8819,t8819,300,1000.0,20,8,5,0.63346595991662,False,302.71415113362116,3.2684587642927783,False,False
682.22,8817,t8817,170,700.0,59,1,8,0.6355364989352073,False,109.65315864878866,1.756367520588357,False,False
682.68,8821,t8821,270,200.0,49,3,5,0.6628572513921003,True,44.69228323044123,2.924902311577179,True,False
682.73,8822,t8822,270,200.0,43,8,4,0.6651121390310865,False,59.63206809377792,2.5189300743884893,False,False
682.75,8823,t8823,170,700.0,99,3,4,0.6422535448767402,False,137.86025511222618,1.8551154958466298,False,False
682.85,8824,t8824,170,100.0,96,0,2,0.6671112531764284,True,16.902573335583764,1.7031569713198742,True,False
682.92,8825,t8825,300,1200.0,58,10,2,0.6379909199747671,False,410.1094131992735,2.80474439540373,False,False
682.93,8826,t8826,170,700.0,28,8,10,0.6370483307289749,False,128.50645099254143,1.7593297001517407,False,False
683.19,8827,t8827,220,150.0,37,9,10,0.6417644888703401,False,39.42801432034871,2.1665702278324837,False,False
683.24,8828,t8828,220,150.0,24,9,5,0.645232459331028,False,27.044605806863917,2.2014963730484824,False,False
683.41,8829,t8829,270,1000.0,42,9,5,0.6415844768110742,False,256.64700365296244,2.6173509787625284,False,False
683.63,8830,t8830,300,250.0,90,4,6,0.647054334310941,True,69.6317219307857,3.0154535830606557,True,False
683.67,8831,t8831,80,50.0,87,5,10,0.628233211489892,True,3.237183999053137,0.8275487699508459,True,False
683.68,8832,t8832,80,50.0,95,6,8,0.6571194655081195,True,4.153696575438957,0.7659694408726452,True,False
683.72,8833,t8833,170,500.0,44,7,8,0.6623154962620089,False,68.6274453131913,1.667614172519095,False,False
683.74,8834,t8834,220,150.0,90,2,1,0.6336249072972613,True,39.324991186938796,2.1936561897496936,True,False
683.91,8835,t8835,80,50.0,81,3,1,0.6304359271426512,True,3.7557205583006716,0.8705687730188963,True,False
683.91,8836,t8836,270,1000.0,59,0,1,0.6646298902001248,False,279.05236673254706,2.4589055143238183,False,False
684.19,8839,t8839,270,900.0,25,7,4,0.6463100471481867,False,220.00880195418603,2.5056511402768287,False,False
684.21,8840,t8840,120,75.0,60,5,6,0.6338560277238512,True,7.360675398205563,1.2960353823531259,True,False
684.32,8841,t8841,270,900.0,62,4,1,0.6427385285216289,False,267.81674183163227,2.621206464518198,False,False
684.36,8842,t8842,300,250.0,26,6,10,0.663697936787855,False,89.79095443495882,2.932419177485232,False,False
684.42,8843,t8843,270,200.0,94,5,6,0.636761088987556,True,63.46320049421314,2.602704220994379,True,False
684.55,8844,t8844,300,250.0,83,10,1,0.6330853411303667,True,65.37119541605561,2.778724915029851,True,False
684.57,8845,t8845,270,200.0,95,1,5,0.6336180854003295,True,49.74618046132159,2.7481923254162495,True,False
684.67,8846,t8846,220,900.0,23,6,1,0.6435819996341686,False,161.7991196783355,2.3443299102313313,False,False
684.79,8847,t8847,170,500.0,85,1,8,0.6319542304949646,False,93.38792798332621,1.7310529444206162,False,False
684.95,8848,t8848,300,1000.0,77,7,5,0.6525716185737115,False,333.11914080416415,3.1347416025508004,False,False
685.02,8849,t8849,120,75.0,84,2,1,0.6365345909694978,True,7.411488706347211,1.3195566599502169,True,False
685.13,8850,t8850,170,700.0,25,8,5,0.6302048225364694,False,130.90944806549763,1.5386632430892844,False,False
685.18,8851,t8851,170,100.0,30,0,1,0.6607454742143041,True,17.05773969903083,1.7430896571236083,True,False
685.19,8852,t8852,170,700.0,37,4,9,0.6603619196023075,False,439.0998289866622,5.038889224107042,False,True
685.25,8853,t8853,170,100.0,34,8,10,0.6337155459325773,True,14.405166738653561,1.5586461163765004,True,False
685.26,8854,t8854,300,250.0,36,4,1,0.6392919397693781,False,72.13923083664648,3.0441585635690718,False,False
685.31,8855,t8855,80,50.0,42,4,9,0.6431813478769279,False,9.093060988857836,2.2456994685812437,False,True
685.39,8856,t8856,80,50.0,26,8,10,0.6366234168321075,True,4.349076130760648,0.8741122090664044,True,False
685.44,8857,t8857,270,900.0,54,10,1,0.6357260958462208,False,252.6236205835816,2.5033702208898867,False,False
685.47,8858,t8858,120,75.0,61,4,8,0.6326259373664715,True,8.552669644569363,1.1482962116778765,True,False
685.52,8859,t8859,300,1000.0,92,4,1,0.6359142827921724,False,252.1276706628979,3.047698541440127,False,False
685.61,8860,t8860,300,250.0,50,1,5,0.6363763903589895,False,82.1971928631429,3.0234934744797206,False,False
685.64,8861,t8861,300,1200.0,95,3,5,0.6651822881824401,False,319.99650197945107,3.070109101252439,False,False
685.69,8862,t8862,80,50.0,53,8,4,0.6610665629171314,True,3.8116166965960847,0.7955358486316491,True,False
685.86,8863,t8863,300,1000.0,66,5,6,0.6396080490259867,False,328.3631378024716,2.7177409854795522,False,False
686.09,8864,t8864,170,500.0,97,8,10,0.6394731303136472,False,74.67398985141848,1.700583870120225,True,False
686.12,8866,t8866,120,75.0,67,6,10,0.6596806447187645,True,10.72082230055656,1.115698231903665,True,False
686.25,8868,t8868,220,700.0,59,9,2,0.6420805639463527,False,156.7726490229132,2.080337154460205,False,False
686.4,8869,t8869,120,75.0,37,0,2,0.6693512099310817,True,7.583076438058931,1.127988354880923,True,False
686.49,8870,t8870,170,500.0,22,3,1,0.63340939041798,False,68.42312581599573,1.704208678538474,False,False
686.71,8871,t8871,80,50.0,96,4,8,0.6354040852858088,False,3.9439303402744343,0.8336384555215874,True,False
686.73,8872,t8872,170,700.0,60,9,5,0.6380094539415193,False,134.34747746467298,1.695208440260617,False,False
686.81,8873,t8873,80,50.0,33,10,4,0.6376325989363868,False,3.2946087458612645,0.7672067534379021,True,False
686.83,8874,t8874,300,1200.0,40,7,5,0.6489283680204191,False,316.1989056475115,3.258114832683138,False,False
686.84,8875,t8875,270,200.0,62,8,4,0.6632758983254555,True,55.12628998137739,2.600231394732997,True,False
686.88,8876,t8876,80,50.0,28,1,5,0.6329055292184764,True,3.264919410126386,0.7338018877797254,True,False
687.02,8877,t8877,300,250.0,93,8,4,0.665441047025613,True,75.87289101900657,2.872961760016476,True,False
687.23,8878,t8878,170,100.0,56,0,1,0.6631127465481997,True,13.959944716167795,1.803814948986771,True,False
687.35,8879,t8879,300,250.0,85,4,5,0.6322866413951458,True,70.27125798083355,3.2272615747185167,True,False
687.36,8880,t8880,220,900.0,57,2,4,0.6421513462930907,False,227.9935606408055,2.2928564854526754,False,False
687.64,8882,t8882,300,250.0,50,0,2,0.6715463675506418,False,79.5792329919399,3.234093891731389,False,False
687.64,8881,t8881,300,1000.0,26,5,10,0.6310992139267608,False,242.63683840429772,2.7834317791136174,False,False
687.66,8883,t8883,170,100.0,82,3,1,0.6301493844278022,True,17.065271717089164,1.7243526306058528,True,False
687.93,8885,t8885,170,700.0,26,7,4,0.6427920280234048,False,113.0350691767634,1.7559259780216485,False,False
687.99,8886,t8886,170,100.0,69,0,8,0.6537779094358454,True,16.580716942462907,1.5663270236873448,True,False
688.18,8887,t8887,170,100.0,34,4,1,0.6326041789545108,True,17.122376262491596,1.8032669837105086,True,False
688.2,8888,t8888,270,200.0,66,0,8,0.65600481278559,True,43.447808418732926,2.7966840899136804,True,False
688.24,8889,t8889,220,150.0,85,7,8,0.6584773681549506,True,29.19296496953892,2.1700852435807754,True,False
688.25,8890,t8890,80,50.0,70,1,8,0.6284436074235269,True,4.365123144574607,0.7922267768713752,True,False
688.32,8891,t8891,300,250.0,39,7,8,0.6608900026100334,False,82.73394315438496,3.0290046211201584,False,False
688.39,8892,t8892,220,150.0,54,8,4,0.6675628927517675,True,28.08755610667924,2.3605115285709393,True,False
688.42,8893,t8893,270,1000.0,79,7,5,0.6453579824781924,False,252.70627902393878,2.4755605263976994,False,False
688.48,8894,t8894,220,900.0,58,5,8,0.6328856909745609,False,231.6358854391325,2.084101940273649,False,False
688.57,8895,t8895,300,1000.0,48,0,2,0.6675236220178108,False,308.6876033607215,3.1950604913566463,False,False
688.64,8897,t8897,80,50.0,34,7,5,0.6418590046468104,True,3.3648522384649446,0.7645654375838068,True,False
688.66,8899,t8899,220,700.0,97,9,6,0.6369354672869845,False,134.8111739332819,2.2912711384950715,False,False
688.66,8898,t8898,270,1000.0,99,4,1,0.6355342771936024,False,252.9525216722563,2.8149295584965457,False,False
688.66,8900,t8900,80,50.0,52,10,6,0.6323867908562008,True,3.822861402776864,0.8138745561947023,True,False
688.71,8902,t8902,220,150.0,38,1,8,0.6311771968135178,True,33.76523459114487,2.1319603279800448,True,False
688.76,8903,t8903,170,700.0,53,10,2,0.6343595631137333,False,135.1518189786943,1.6772474735656442,False,False
688.81,8904,t8904,270,200.0,26,3,4,0.6388166557973873,False,61.96230974628091,2.826937296560548,False,False
688.94,8906,t8906,270,200.0,65,2,4,0.6387165011854108,True,47.58048623571896,2.6588914544247384,True,False
689.18,8908,t8908,270,200.0,82,3,1,0.633128578557428,True,55.471249011976056,2.8953784751062606,True,False
689.22,8909,t8909,170,100.0,60,6,8,0.6595592580161388,True,19.794930190640162,1.6841405372859457,True,False
689.31,8910,t8910,170,500.0,90,2,5,0.6363291390262434,True,70.70932442696967,1.7537685809297499,True,False
689.34,8911,t8911,120,75.0,97,7,5,0.6446040063720561,True,7.2674687336946455,1.1335725232086635,True,False
689.6,8912,t8912,220,700.0,48,2,5,0.6391847380639004,False,180.28916377279714,2.0183713619126924,False,False
689.63,8913,t8913,170,100.0,65,3,5,0.661286824236973,True,16.86987277745358,1.8524139538978868,True,False
689.89,8916,t8916,270,200.0,38,6,8,0.6619502546739979,False,45.20932023238067,2.635877930382785,False,False
689.92,8917,t8917,120,75.0,37,7,4,0.6393443692811186,True,8.740286539761595,1.1978082515213715,True,False
689.96,8918,t8918,120,75.0,45,8,1,0.6274718104889008,True,9.727660372017692,1.2369284415204556,True,False
690.0,8919,t8919,120,75.0,96,0,8,0.6581871780683397,True,9.621460702565246,1.2179660856725185,True,False
690.24,8921,t8921,270,1000.0,69,1,5,0.6356780853007736,False,219.68003046299748,2.7337807823378997,False,False
690.25,8922,t8922,270,900.0,25,1,8,0.6338561144157091,False,249.09045326981408,2.5350135878266506,False,False
690.46,8923,t8923,270,200.0,23,0,2,0.6635813313956364,False,59.194573057541106,2.965826667802048,False,False
690.66,8925,t8925,170,100.0,95,9,8,0.6362039155668172,True,16.543507591379825,1.8420180168341769,True,False
690.75,8926,t8926,170,100.0,27,5,6,0.6362240698636488,True,18.522080260718383,1.7217504911086485,True,False
690.8,8927,t8927,270,1000.0,65,8,4,0.6696423015633988,False,290.7432150667604,2.687736138161136,False,False
690.82,8928,t8928,270,1000.0,92,10,4,0.6341366136243257,False,220.2800171374137,2.83705595323679,False,False
690.83,8929,t8929,220,700.0,24,5,10,0.6277338963148923,False,173.21405857541063,2.1783630698948073,False,False
690.9,8931,t8931,120,75.0,67,0,2,0.6597178865859056,True,10.361655724674087,1.2416547373746831,True,False
691.09,8933,t8933,170,700.0,43,8,4,0.6655061221987975,False,142.45394800132786,1.8652633423716565,False,False
691.18,8934,t8934,220,150.0,26,5,6,0.6390817702845576,False,30.801138717305196,2.150591122305605,False,False
691.2,8935,t8935,300,1000.0,26,3,5,0.6636432695704154,False,351.31272235835456,3.268537398952178,False,False
691.22,8936,t8936,170,500.0,30,1,5,0.6322211902614249,False,80.15348550989602,1.5624261076810593,False,False
691.45,8937,t8937,80,50.0,38,1,6,0.6201348787408943,True,4.505420089329766,0.7552117407968364,True,False
691.45,8938,t8938,270,200.0,79,5,2,0.6276000634375964,True,45.94357433925465,2.617193355541206,True,False
691.52,8939,t8939,270,200.0,77,7,8,0.6570803843760146,True,62.146773997009305,2.710922235438314,True,False
691.53,8940,t8940,170,100.0,80,2,5,0.6358092251208042,True,16.338131176240065,1.7947717091922597,True,False
691.59,8943,t8943,170,700.0,34,9,10,0.638337380911115,False,110.65456872452623,1.8259134771340484,False,False
691.6,8944,t8944,300,250.0,60,5,2,0.6306302439870264,False,84.30871654267142,2.8143995566502573,False,False
691.79,8947,t8947,220,150.0,56,7,4,0.6421396637136779,True,32.017808192782155,2.002979197227989,True,False
691.8,8948,t8948,270,900.0,38,7,5,0.6472941080627967,False,285.8109456314937,2.9239319733501956,False,False
691.85,8949,t8949,120,75.0,28,9,2,0.6383674142058873,True,9.11565508414127,1.1896547130262485,True,False
691.9,8950,t8950,120,75.0,67,9,8,0.6390620190736628,True,9.084473922309336,1.1785041477723266,True,False
691.95,8951,t8951,80,50.0,77,7,4,0.6448790522575862,True,4.219503868756053,0.8487339353296188,True,False
692.0,8952,t8952,170,700.0,82,6,10,0.661917698491056,False,122.55060059710034,1.6611670218044792,False,False
692.11,8953,t8953,220,150.0,84,5,6,0.6357083166970482,True,34.651958261043305,2.332821391456275,True,False
692.22,8955,t8955,120,75.0,55,9,2,0.6409025274602311,True,8.488943770436759,1.1168774644454618,True,False
692.29,8956,t8956,120,75.0,80,4,6,0.6496954294429039,False,10.324862158166672,1.3080653959300357,True,False
692.33,8957,t8957,300,250.0,60,1,6,0.6231628478327431,False,80.97204328525888,3.059978262685833,False,False
692.42,8959,t8959,300,250.0,28,6,8,0.6581194313986998,False,87.9747889718827,3.2402854806579016,False,False
692.54,8960,t8960,270,1000.0,61,4,5,0.6352230903854247,False,277.50470054259176,2.616573484191039,False,False
692.63,8961,t8961,170,700.0,47,7,5,0.6437564077197226,False,119.40467071943708,1.8380464637873855,False,False
692.64,8962,t8962,170,700.0,81,3,4,0.6354485044996213,False,141.95822726202573,1.6747711032810073,False,False
692.77,8963,t8963,300,1000.0,50,9,2,0.6433869384494879,False,349.66332415563693,2.9914961001030176,False,False
692.8,8964,t8964,220,150.0,31,3,5,0.659778585997189,True,28.22831720196512,2.1680604223443196,True,False
692.85,8965,t8965,170,700.0,74,7,8,0.659520958506676,False,102.00502518557032,1.7580680124791461,False,False
692.9,8968,t8968,220,700.0,32,4,6,0.6461097026722277,False,124.68950658843833,2.344206314182839,False,False
693.02,8969,t8969,220,700.0,20,4,1,0.6322317734679122,False,140.68229485171048,2.005745585916606,False,False
693.05,8970,t8970,220,900.0,37,7,8,0.6557387211547243,False,163.2310846451602,1.9914146587439077,False,False
693.17,8971,t8971,220,150.0,96,5,1,0.6275975274535289,True,38.349198765815615,2.4142329967861444,True,False
693.23,8972,t8972,300,250.0,74,10,6,0.6351697217057434,False,64.1671191927875,3.140977242382104,True,False
693.24,8973,t8973,220,150.0,26,9,8,0.6418629605103713,False,31.379793492721433,2.236492224272412,False,False
693.37,8974,t8974,170,700.0,80,1,6,0.619956257542755,False,137.4745898603736,1.7088600053937497,False,False
693.48,8975,t8975,120,75.0,29,9,4,0.6353336791564209,True,9.540379620761414,1.1004788619721273,True,False
693.51,8976,t8976,170,100.0,89,8,4,0.6614526664214881,True,14.943279423090038,1.603661694640691,True,False
693.52,8977,t8977,170,100.0,22,3,5,0.662165196095427,True,16.23851172600048,1.7439780202916777,True,False
693.57,8978,t8978,270,200.0,58,1,8,0.6303074536658564,True,55.89167715100766,2.6935718675922335,True,False
693.58,8979,t8979,220,150.0,72,4,6,0.6425956904369649,True,37.202759414222385,2.074984715258783,True,False
693.92,8980,t8980,270,900.0,51,5,1,0.630476243571125,False,236.85091423176362,2.5362636992460477,False,False
693.98,8981,t8981,80,50.0,47,4,6,0.6453259584464074,True,3.891599325501532,0.7302516680524608,True,False
694.03,8982,t8982,270,200.0,72,5,6,0.6385763321812891,True,64.43473220392515,2.711532266266754,True,False
694.07,8983,t8983,270,1000.0,44,6,1,0.6399670263081519,False,255.11290939692284,2.4916708889997827,False,False
694.13,8985,t8985,300,1200.0,28,1,5,0.628833433122863,False,324.3039783502088,3.0414186769978078,False,False
694.18,8986,t8986,220,900.0,78,4,6,0.6480016210956611,False,213.60502291687115,2.23499869071352,False,False
694.28,8988,t8988,220,150.0,86,10,1,0.632140035467758,True,35.18732208212738,2.0489543028362105,True,False
694.36,8990,t8990,270,900.0,61,2,5,0.6386752224365699,False,216.35294175877712,2.552703466871568,False,False
694.43,8991,t8991,270,1000.0,30,6,8,0.6543652245889077,False,307.90425612557743,2.8817623037569327,False,False
694.54,8992,t8992,80,50.0,58,1,6,0.6168137990585665,True,3.4398514412170678,0.7543734878418984,True,False
694.56,8993,t8993,270,200.0,71,7,5,0.64028946138351,True,49.943370590804456,2.849451738460532,True,False
694.74,8994,t8994,170,700.0,76,9,8,0.6384338831183457,False,117.83681684680843,1.6410386564447021,False,False
694.75,8995,t8995,220,150.0,35,7,5,0.6430658539740216,False,35.464393786536945,2.1423011988298084,False,False
694.83,8997,t8997,80,50.0,41,5,8,0.6296361589732514,True,3.46052740473982,0.850967431614893,True,False
694.87,8998,t8998,170,700.0,58,6,1,0.6364243524486556,False,138.6261789738723,1.7171423642407206,False,False
694.94,8999,t8999,80,50.0,25,4,6,0.6444497704919298,True,4.383794887672433,0.8337824178486845,True,False
694.97,9000,t9000,80,50.0,21,1,6,0.6199081897440618,True,4.385030306608055,0.8407963406344996,True,False
694.98,9001,t9001,170,100.0,68,5,6,0.6413869873558452,True,19.01805912999217,1.7725319433793538,True,False
694.99,9002,t9002,80,50.0,69,3,4,0.6321477162278107,True,3.540990786228002,0.7273639079517928,True,False
695.07,9003,t9003,300,250.0,22,1,6,0.6229406926158473,False,66.04375196969883,2.768641028834412,False,False
695.14,9004,t9004,220,150.0,34,9,2,0.6396476612189597,True,31.378080118967564,2.0235234476099544,True,False
695.25,9006,t9006,80,50.0,74,8,10,0.6360918495255561,True,3.641611509347554,0.8279827524073298,True,False
695.38,9008,t9008,170,500.0,79,5,2,0.6274258209254676,False,91.24118948896589,1.7583255450511008,False,False
695.43,9009,t9009,80,50.0,67,6,1,0.6329525320663492,True,3.6785653972279833,0.8203347244463007,True,False
695.5,9010,t9010,120,75.0,52,10,1,0.6347996962968643,True,10.298056677131692,1.2735864926917844,True,False
695.66,9011,t9011,270,1000.0,71,9,2,0.6421571695330421,False,225.15747752898287,2.897238894466005,False,False
695.7,9012,t9012,120,75.0,46,7,8,0.6520321285498117,False,9.124245619610411,1.1190719734293744,True,False
695.74,9013,t9013,220,150.0,63,3,5,0.6645040739917003,True,32.56615362273055,2.0264351770800006,True,False
695.75,9014,t9014,120,75.0,60,4,8,0.6319526702467592,True,9.68116411625754,1.2570954420527798,True,False
695.78,9015,t9015,270,900.0,69,4,8,0.6347442835084908,False,267.8739024460445,2.6434615744161816,False,False
695.81,9016,t9016,80,50.0,63,6,8,0.6506861019153113,True,4.107398757623548,0.8517981714099788,True,False
696.06,9019,t9019,220,900.0,59,6,8,0.6532545616951869,False,177.5478471023968,2.0503799730142203,False,False
696.11,9020,t9020,80,50.0,66,0,8,0.6603258960454343,False,3.9151328691183673,0.8359838785855671,True,False
696.19,9021,t9021,300,1200.0,24,0,8,0.6562478396629874,False,383.75530995358065,3.0331883661316223,False,False
696.37,9022,t9022,270,200.0,44,7,8,0.6483996677969973,False,48.70832250410399,2.9161507209436524,False,False
696.57,9023,t9023,270,200.0,99,1,8,0.6330037661310008,True,49.40255369207686,2.739986390223507,True,False
696.59,9024,t9024,270,200.0,48,8,10,0.6389521943532267,False,54.86074777706779,2.863965867866025,False,False
696.7,9025,t9025,220,900.0,51,6,8,0.649597652279465,False,193.418447541747,2.408918021733243,False,False
696.71,9026,t9026,300,1200.0,73,3,4,0.6350869437214364,False,344.090268664852,2.951514156598463,False,False
696.77,9027,t9027,270,200.0,81,2,4,0.6415243529798843,True,63.12992827530162,2.7370056522243487,True,False
696.84,9028,t9028,270,200.0,68,2,1,0.6393860809682897,True,43.470682697767685,2.8199718293165628,True,False
696.88,9029,t9029,300,1200.0,88,3,1,0.6360481888044612,False,413.5380426030732,3.028488160164791,False,False
696.93,9030,t9030,270,200.0,39,0,1,0.6654326734354176,False,60.00572206334472,2.479228289896096,False,False
696.94,9031,t9031,170,100.0,40,3,1,0.6327354068465538,True,14.440513848682963,1.5897977445193598,True,False
696.99,9032,t9032,270,200.0,32,0,2,0.6621057106723692,False,54.853928052632355,2.4838570547214225,False,False
697.02,9033,t9033,270,200.0,51,5,6,0.64414142942691,False,54.369929767775524,2.9215781253595123,False,False
697.1,9034,t9034,120,75.0,46,4,10,0.6321009509892798,True,8.481898497298394,1.1731023565402643,True,False
697.13,9035,t9035,300,1000.0,76,7,8,0.6448398562592391,False,277.90972715591636,2.9541410276480247,False,False
697.23,9036,t9036,80,50.0,87,3,4,0.6317933866651895,True,3.7852053589032346,0.7379282295507541,True,False
697.3,9037,t9037,300,250.0,66,7,5,0.6396127187127231,False,74.29149516114492,3.031852468011227,False,False
697.37,9038,t9038,220,150.0,74,0,2,0.6582717782771036,True,34.76309101503206,2.3016322877732374,True,False
697.41,9039,t9039,80,50.0,50,9,4,0.6380576722399592,True,3.567116544535812,0.8376944363468,True,False
697.44,9040,t9040,80,50.0,24,8,4,0.663654279759725,True,4.579390119508989,0.8383414587163517,True,False
697.67,9042,t9042,300,250.0,40,5,1,0.6271233853663691,False,82.02187180459428,2.9876401068307015,False,False
697.68,9043,t9043,270,1000.0,30,2,1,0.6421805411671059,False,223.8446069072477,2.6762288510694536,False,False
697.9,9044,t9044,170,100.0,67,8,1,0.6302248358175844,True,19.014576617363776,1.6101656239399218,True,False
697.97,9045,t9045,120,75.0,58,8,10,0.6355813322843441,True,9.56026111480184,1.2593734427348453,True,False
698.06,9046,t9046,300,250.0,89,8,10,0.638451887456839,True,84.90371984198634,3.0737045404493593,True,False
698.15,9047,t9047,120,75.0,21,3,5,0.6667961743300481,True,9.820645190127053,1.313603093065382,True,False
698.16,9048,t9048,220,150.0,87,5,4,0.627052984948448,True,29.031347029855617,2.228192098161696,True,False
698.24,9049,t9049,300,250.0,53,0,2,0.6606885245297435,False,79.60386826105685,3.0615860471723186,False,False
698.27,9050,t9050,80,50.0,26,3,5,0.669042432661629,True,3.814311620028459,0.8566485530691766,True,False
698.61,9051,t9051,170,100.0,57,7,4,0.6475636530306164,True,15.491004542248534,1.8409427907571034,True,False
698.71,9052,t9052,270,200.0,38,5,8,0.6326256176119683,False,64.4273608918262,2.670515041364483,False,False
698.72,9053,t9053,170,500.0,79,1,5,0.6255134311270724,False,80.9296261070874,1.7997874324538623,False,False
698.75,9054,t9054,120,75.0,45,8,10,0.641265031525884,True,9.430879412251754,1.1205982332035547,True,False
698.8,9055,t9055,270,1000.0,37,6,1,0.6357241480916888,False,279.0030242229439,2.724113975898036,False,False
698.82,9056,t9056,300,1000.0,68,1,5,0.6222598291711976,False,288.2172980344604,3.1667372839352548,False,False
699.09,9057,t9057,170,100.0,37,1,8,0.6356461523468424,True,17.094735835119675,1.836355382374561,True,False
699.11,9058,t9058,80,50.0,71,6,1,0.6322663317965217,True,3.569340235257757,0.7256318122970954,True,False
699.19,9059,t9059,120,75.0,87,4,6,0.6471429569002729,True,8.928680960484266,1.2489042452613868,True,False
699.2,9060,t9060,220,700.0,20,5,4,0.6300941070676608,False,161.88827699986334,2.225182389863303,False,False
699.23,9061,t9061,80,50.0,46,7,4,0.6501945617881858,True,3.342621815381955,0.8233034717796784,True,False
699.36,9063,t9063,170,100.0,33,9,8,0.6350733872741606,True,19.372697080428544,1.5824665225121914,True,False
699.43,9065,t9065,220,150.0,26,0,8,0.652251344408189,False,39.28004901727178,2.1979619568230415,False,False
699.59,9067,t9067,120,75.0,47,1,5,0.6190712992544404,True,7.475646271038043,1.316202755030583,True,False
699.59,9066,t9066,80,50.0,91,4,6,0.6497822795804492,True,3.966098797543766,0.7479869721759815,True,False
699.72,9068,t9068,270,200.0,63,0,2,0.6568829358573304,True,52.53016978311221,2.8591456240826916,True,False
699.8,9069,t9069,170,700.0,60,5,6,0.6406667826565536,False,133.78636420837887,1.7843789714713028,False,False
699.87,9070,t9070,80,50.0,62,4,10,0.6348895986361608,False,4.229449124652289,0.7695536430979932,True,False
699.91,9071,t9071,170,100.0,37,0,1,0.661532201784891,True,15.779267112393677,1.774674113741839,True,False
699.94,9072,t9072,300,250.0,94,5,8,0.6293812870779107,True,87.26712886870857,2.7462650049892217,True,False
700.03,9073,t9073,270,200.0,70,1,6,0.6197385454301969,True,63.88184690267436,2.4564136438672444,True,False
700.54,9074,t9074,270,1000.0,53,2,5,0.6353098998060204,False,295.1604147681648,2.9340554826001886,False,False
700.77,9075,t9075,120,75.0,78,5,4,0.6269004067444894,True,8.552399076411941,1.3199095736602324,True,False
701.34,9079,t9079,120,75.0,57,3,5,0.6712437658265782,True,8.676735222287206,1.1705691728657157,True,False
701.35,9080,t9080,220,150.0,59,1,5,0.6221205399360182,True,34.359941089477495,1.9885169707204304,True,False
701.36,9081,t9081,120,75.0,49,10,8,0.6319988687179594,True,9.740410795544191,1.1904205700826611,True,False
701.37,9082,t9082,220,150.0,80,3,4,0.6347397007500675,True,31.336166614688835,2.4109401740086347,True,False
701.4,9083,t9083,170,100.0,41,10,8,0.634941073161782,False,19.008488747792793,1.5425810068795855,True,False
701.43,9084,t9084,220,150.0,66,6,8,0.6460138810520574,True,35.76752374544187,2.364044914382637,True,False
701.83,9085,t9085,170,500.0,53,7,8,0.6413512409522362,False,89.77005495317955,1.8190369274058076,False,False
702.06,9088,t9088,170,100.0,34,8,4,0.6658118608311973,True,13.988238128013961,1.8668358609092721,True,False
702.08,9089,t9089,270,200.0,59,9,4,0.6407271854618267,False,63.71348379243018,2.9297410298409567,False,False
702.11,9090,t9090,300,1000.0,40,1,6,0.6227744411882596,False,305.0164602710904,2.818068255249081,False,False
702.31,9092,t9092,170,100.0,48,3,4,0.6376270885532479,True,18.63498357126826,1.774772475610673,True,False
702.43,9095,t9095,80,50.0,84,5,8,0.6323758431545343,True,4.237436423749686,0.7224932146335509,True,False
702.44,9096,t9096,270,1000.0,99,1,8,0.6382356908383671,False,310.1690178054968,2.9215974997522225,False,False
702.49,9097,t9097,270,1000.0,60,10,8,0.6316504335167282,False,306.1285294500985,2.690990748863455,False,False
702.61,9099,t9099,170,700.0,90,4,5,0.631926810395898,False,132.46648420174628,1.6233932688854027,False,False
702.74,9100,t9100,270,200.0,30,5,8,0.6353105081096254,False,43.610580102443144,2.5376752689806144,False,False
702.77,9101,t9101,300,1200.0,56,6,1,0.635051671827258,False,413.12147278026595,3.1414141299790224,False,False
702.85,9102,t9102,300,250.0,22,6,8,0.6486757852491981,False,69.20103016331238,3.024656839499599,False,False
702.86,9103,t9103,300,250.0,25,2,5,0.6320118836280818,False,67.19456640729838,2.857951973518492,False,False
703.07,9104,t9104,120,75.0,92,8,1,0.6329228006396941,True,7.482005081285486,1.0834840571542692,True,False
703.17,9107,t9107,220,900.0,55,8,4,0.66792629028124,False,200.39534352212098,2.388748776171429,False,False
703.22,9108,t9108,120,75.0,48,10,2,0.63080083338992,True,7.4713760382416785,1.1401658193344055,True,False
703.37,9112,t9112,170,700.0,26,4,10,0.6314484733301042,False,106.01198954416296,1.6848283873833705,False,False
703.55,9113,t9113,170,700.0,79,2,5,0.6287798277737019,False,113.60403307304627,1.5377795739655482,False,False
703.6,9114,t9114,220,150.0,41,4,2,0.6307384548673357,True,32.448778987173405,2.2889951696130866,True,False
703.74,9115,t9115,170,700.0,23,9,2,0.6384424876808428,False,120.88431496865066,1.6385553855866135,False,False
703.88,9117,t9117,300,1000.0,54,8,4,0.6638244311422817,False,336.84128921365726,2.9204845611027914,False,False
703.88,9116,t9116,220,150.0,43,10,2,0.6334872782605832,True,37.36427331674104,2.0223043353007144,True,False
703.94,9118,t9118,270,200.0,22,5,8,0.6320124797656148,False,54.280892033330126,2.715360961513883,False,False
703.99,9119,t9119,220,700.0,89,8,1,0.6355668061653619,False,178.9779499409199,2.2232284791058867,False,False
704.06,9120,t9120,170,100.0,62,8,1,0.631983931580516,True,15.53997641029272,1.7534442256924505,True,False
704.13,9121,t9121,220,150.0,27,0,8,0.6483347790584868,False,35.67511814212507,1.9884693393516237,False,False
704.22,9122,t9122,300,250.0,44,6,1,0.6316073050573795,False,73.60409600240344,3.0697748837152607,False,False
704.23,9123,t9123,120,75.0,53,10,2,0.6361199942338331,True,8.494930761864781,1.148210570007159,True,False
704.3,9124,t9124,170,100.0,39,2,4,0.6442760477384685,True,17.094560430047963,1.7274803464270907,True,False
704.42,9125,t9125,300,1000.0,97,3,1,0.6356628805278045,False,331.93009997572636,3.046819236516958,False,False
704.63,9128,t9128,220,150.0,84,2,5,0.6256124130364097,True,27.875989136908576,2.2798020703892075,True,False
704.66,9129,t9129,270,900.0,90,3,4,0.6404567286003647,False,291.435204816255,2.8390401499934583,False,False
704.78,9132,t9132,220,700.0,89,9,8,0.6379541013468591,False,159.3305005365686,2.415533956834217,False,False
704.92,9134,t9134,220,900.0,40,8,1,0.6346467144873673,False,209.74708230889937,2.1079458991152014,False,False
704.92,9133,t9133,300,250.0,97,4,6,0.6523688158070221,False,88.31034350771394,2.7929333603188713,True,False
705.01,9135,t9135,300,250.0,31,7,4,0.6527728523706039,False,66.8876810534446,2.702333247063334,False,False
705.02,9136,t9136,300,1200.0,57,7,8,0.6379323979513732,False,345.8399407785201,3.072930557683291,False,False
705.04,9137,t9137,300,250.0,41,8,4,0.6598046091861028,False,64.89475594590787,3.0042631246084124,False,False
705.29,9139,t9139,270,200.0,69,6,10,0.6579360111879015,True,54.0652181111279,2.869732443400586,True,False
705.32,9140,t9140,300,1200.0,90,3,5,0.6734010723282285,False,401.02445774706587,2.9649260366120855,False,False
705.41,9141,t9141,170,700.0,24,7,5,0.6362286461566503,False,101.95895415811633,1.8099404589147516,False,False
705.44,9142,t9142,300,1200.0,79,1,5,0.6251087958039645,False,288.0673662370348,3.1622259934107264,False,False
705.58,9143,t9143,170,100.0,39,5,6,0.6372616288216044,True,18.588048899573824,1.838880788435792,True,False
705.7,9144,t9144,120,75.0,57,1,5,0.6218632865545519,True,7.670303622413054,1.256836552788826,True,False
705.76,9145,t9145,220,150.0,27,3,1,0.6323578047354302,False,30.207230275058787,2.4154229013640487,False,False
705.9,9147,t9147,220,900.0,94,2,1,0.6387451121619455,False,221.28905549914037,2.089291972848419,False,False
705.92,9148,t9148,300,250.0,81,6,10,0.6602079576308102,False,83.35735746123032,2.7805458013736977,False,False
706.01,9149,t9149,170,100.0,87,0,2,0.6593274589583656,True,18.10782824109911,1.684992528401509,True,False
706.02,9150,t9150,300,250.0,20,8,4,0.6558651836690474,False,63.70803730474115,2.9519500643624372,False,False
706.22,9152,t9152,270,200.0,33,5,4,0.6299445804277815,False,48.19923321606349,2.87059888635363,False,False
706.26,9153,t9153,270,200.0,40,5,8,0.6287804119884843,False,54.396929710810156,2.8562353397745612,False,False
706.29,9154,t9154,270,200.0,85,4,6,0.6487296213090635,True,51.454798921554,2.6666516550013313,True,False
706.41,9156,t9156,80,50.0,92,9,4,0.6371693084192568,True,3.8994536213778535,0.8743803170422968,True,False
706.44,9157,t9157,80,50.0,32,7,2,0.6357479999346357,True,4.227917928761662,0.8537783592205868,True,False
706.74,9158,t9158,170,100.0,78,10,2,0.6387000558876179,True,17.26579039660259,1.7160643518538807,True,False
706.78,9159,t9159,170,700.0,67,9,4,0.6398565889175384,False,141.09213035589582,1.5999084800231353,False,False
706.81,9160,t9160,300,250.0,44,9,10,0.6349788151110746,False,86.44769758818036,3.110394512949558,False,False
706.84,9161,t9161,270,900.0,75,8,10,0.6440219127135481,False,290.94154063164865,2.6797696115000584,False,False
707.11,9162,t9162,120,75.0,75,5,4,0.6267538706374077,True,7.573528458066817,1.090566688484688,True,False
707.17,9164,t9164,80,50.0,35,8,4,0.6520045466623331,True,3.350678646881513,0.8199734364392367,True,False
707.31,9165,t9165,270,1000.0,28,0,1,0.663883739567375,False,234.92222389157445,2.608323079252885,False,False
707.32,9166,t9166,170,100.0,41,1,5,0.6248566874901276,True,16.831925068618446,1.5761718456271105,True,False
707.46,9168,t9168,170,100.0,93,9,4,0.6363161238058542,True,19.062352557161976,1.5455638107311662,True,False
707.55,9169,t9169,270,900.0,92,1,8,0.6345994385600613,False,242.5214046543992,2.5142031128247604,False,False
707.77,9170,t9170,300,1200.0,43,7,4,0.6491255771413736,False,297.26469470411587,3.242101636261241,False,False
707.97,9171,t9171,170,100.0,66,1,6,0.6195756190311611,True,14.722932280842814,1.5761899655689204,True,False
708.03,9172,t9172,170,100.0,94,7,6,0.6364610350215496,True,17.95905504619137,1.5781071308387526,True,False
708.07,9173,t9173,220,900.0,51,4,8,0.6313060645049876,False,223.45941433067412,2.283798470318985,False,False
708.22,9174,t9174,170,100.0,51,4,6,0.6513372107010641,False,19.86765067787716,1.750387772887413,True,False
708.54,9176,t9176,120,75.0,43,0,2,0.6617230915973801,True,7.570172203305884,1.1379423445022971,True,False
708.57,9177,t9177,120,75.0,30,9,4,0.6390204679964039,True,9.45878546662616,1.2597831751471382,True,False
708.59,9178,t9178,170,700.0,91,0,1,0.6600142465942094,False,95.61465785248807,1.634125188448529,False,False
708.7,9180,t9180,170,100.0,94,8,10,0.640549656277459,True,14.33291902484697,1.8274618107299394,True,False
708.8,9182,t9182,170,100.0,25,0,2,0.6640708115836144,False,15.694738139568049,1.8267435580782243,True,False
709.03,9185,t9185,120,75.0,33,8,4,0.6543951223957533,True,8.334706804929338,1.2196954208534714,True,False
709.08,9186,t9186,80,50.0,38,1,8,0.6310359113273216,True,3.3877260535781324,0.7916058307046328,True,False
709.28,9187,t9187,220,700.0,20,1,8,0.6337176546392367,False,173.20180378882762,2.267904658588154,False,False
709.33,9188,t9188,170,100.0,70,7,4,0.6455512474167281,True,17.192672735068765,1.7786157820539148,True,False
709.39,9189,t9189,120,75.0,73,7,6,0.6393139961393004,False,10.279908271103771,1.2412540125258817,True,False
709.5,9190,t9190,270,200.0,46,9,4,0.6416707253031425,False,56.20503015062002,2.7447792895163534,False,False
709.54,9191,t9191,220,150.0,95,8,1,0.6310822417360815,True,38.96983684994821,2.1755674859946565,True,False
709.63,9192,t9192,220,700.0,68,8,4,0.6567378866145047,False,155.82753897472446,2.2920819807913357,False,False
709.7,9193,t9193,220,900.0,56,3,1,0.6291188304589035,False,211.57756970702883,2.3474827845967847,False,False
709.81,9194,t9194,220,150.0,81,5,6,0.6400985780633541,True,32.55862253093654,2.191531543895992,True,False
709.87,9195,t9195,120,75.0,55,6,8,0.645110451362396,True,9.356328523876085,1.2082552210780597,True,False
709.94,9197,t9197,270,200.0,40,9,8,0.6346032011381039,False,52.97746443842965,2.79816584610496,False,False
709.94,9196,t9196,170,100.0,98,1,8,0.6301717630849133,True,15.603497582598456,1.658237612146811,True,False
710.12,9198,t9198,80,50.0,71,6,1,0.6282318256228986,True,3.9726364783353567,0.8272170217791619,True,False
710.19,9199,t9199,300,250.0,37,6,10,0.6562604651448606,False,73.43846604406936,2.861865577483182,False,False
710.27,9201,t9201,120,75.0,38,5,4,0.6298009750428414,True,8.180933034574927,1.2120921969281808,True,False
710.29,9202,t9202,300,250.0,68,10,2,0.6412285163083271,False,71.03221570149825,2.990853330307295,False,False
710.34,9203,t9203,120,75.0,99,4,6,0.6477186483052245,True,8.260535824517607,1.169499303829876,True,False
710.5,9205,t9205,80,50.0,54,6,1,0.6310978557771072,True,4.026143109820639,0.8415661551938376,True,False
710.64,9209,t9209,270,1000.0,48,3,10,0.6272337280289089,False,233.88703062078503,2.761887597075448,False,False
710.77,9210,t9210,170,500.0,41,0,1,0.656222143480507,False,99.05539224479263,1.542712074022877,False,False
710.78,9211,t9211,270,200.0,42,4,6,0.650346457157302,False,54.52741262902139,2.646436737754103,False,False
710.83,9212,t9212,220,900.0,30,8,10,0.6433208449700917,False,214.24031771904617,2.281736930363306,False,False
710.91,9213,t9213,170,100.0,90,8,4,0.6528597955488814,True,16.888073728994744,1.799345914228691,True,False
711.02,9214,t9214,170,100.0,42,5,8,0.6256129855668965,True,18.444800662116606,1.6664377493637312,True,False
711.11,9216,t9216,270,200.0,61,3,1,0.6259446356679073,True,52.73758296837001,2.8196088764289042,True,False
711.11,9215,t9215,300,1000.0,42,0,1,0.6525058824290787,False,355.31814373423975,3.0259128790904617,False,False
711.14,9217,t9217,270,900.0,51,2,4,0.6469727086018809,False,276.15481913601997,2.5700322683107593,False,False
711.15,9218,t9218,270,200.0,40,10,6,0.6317229939382952,False,60.726736845944565,2.4566007040241207,False,False
711.17,9219,t9219,300,250.0,50,5,8,0.6286829076737404,False,76.64628223527413,2.9878640576027666,False,False
711.36,9220,t9220,170,500.0,95,7,4,0.6482224042865753,False,97.58007369448424,1.571505795555418,False,False
711.39,9221,t9221,300,250.0,85,7,6,0.6359358980346962,True,72.95090941660501,2.7882558398636097,True,False
711.39,9222,t9222,300,1000.0,47,5,6,0.6428787883202689,False,291.45919980798806,2.885926977744663,False,False
711.66,9223,t9223,120,75.0,96,5,6,0.6394293943720454,True,9.871054455639756,1.1488330655291619,True,False
711.69,9224,t9224,270,200.0,46,10,1,0.6374061639093886,False,53.60294217748861,2.947419378587683,False,False
711.75,9225,t9225,170,700.0,64,0,6,0.6482115616474448,False,99.01293893755361,1.5767794042704542,False,False
711.83,9226,t9226,270,200.0,20,7,6,0.6387993618921841,False,54.41432537421088,2.826109587651371,False,False
711.93,9228,t9228,220,900.0,70,2,4,0.6434414362480251,False,163.62631523351928,2.082945963283713,False,False
711.99,9229,t9229,80,50.0,76,4,6,0.6467477098323376,True,3.8991115880240104,0.8195786678668754,True,False
712.12,9230,t9230,170,100.0,96,7,2,0.6384637066026096,False,18.928378777332547,1.568277229795425,True,False
712.35,9231,t9231,80,50.0,74,0,2,0.6601975771701238,True,4.764654594764609,0.8430959916859146,True,False
712.38,9233,t9233,80,50.0,95,8,10,0.6398626098888717,True,3.351398646685837,0.7810868850360109,True,False
712.38,9232,t9232,300,250.0,41,8,1,0.6337630584398213,False,81.00464183747029,3.085817143512869,False,False
712.5,9234,t9234,300,1000.0,67,4,6,0.6493949374538728,False,295.59213350808625,2.9743255411878207,False,False
712.57,9236,t9236,170,700.0,22,7,6,0.6354315564725223,False,114.73914805163497,1.8671488478358214,False,False
712.82,9237,t9237,80,50.0,85,10,4,0.6307105480185059,True,3.63414136274691,0.7244739482063233,True,False
712.85,9238,t9238,120,75.0,25,4,1,0.6289953198167357,False,8.448434777858047,1.1287028725018307,True,False
713.15,9239,t9239,120,75.0,71,4,2,0.6337058675881707,True,9.866441699494757,1.28421067540132,True,False
713.16,9240,t9240,80,50.0,78,5,6,0.6422229883027862,True,3.283058592347531,0.7370328423360902,True,False
713.32,9241,t9241,220,900.0,93,2,1,0.6353783917368884,False,192.60929621776694,2.325951733502119,False,False
713.33,9242,t9242,80,50.0,99,5,6,0.6449607103549123,True,3.5329597316920096,0.7558330526805401,True,False
713.37,9243,t9243,170,700.0,47,7,4,0.6446661380190256,False,128.64302373467103,1.6143087821811126,False,False
713.49,9244,t9244,270,200.0,28,5,8,0.6255174313384474,False,61.42814131706249,2.8662032316677166,False,False
713.59,9245,t9245,80,50.0,76,6,1,0.6339065653282318,True,4.672945856952479,0.8253411516511072,True,False
713.62,9246,t9246,270,200.0,38,5,6,0.6476436779659959,False,54.99387846029812,2.5280050992517547,False,False
713.72,9247,t9247,300,250.0,47,3,1,0.6290079247727309,False,83.69219112062488,3.130535261370741,False,False
713.8,9248,t9248,300,250.0,99,1,6,0.6226147733172046,True,83.06297438614124,2.81162404038668,True,False
713.85,9249,t9249,80,50.0,92,10,1,0.6337865021696623,True,3.5101528674275135,0.8755329690078799,True,False
714.05,9250,t9250,300,1200.0,53,1,5,0.6277902204069916,False,413.8929878133797,3.1050179072518906,False,False
714.09,9251,t9251,80,50.0,56,6,1,0.6366591006883338,True,3.638513693623658,0.7830479005060196,True,False
714.13,9252,t9252,300,1000.0,27,5,10,0.624435885055261,False,323.16013453255795,2.813980371546311,False,False
714.22,9253,t9253,220,700.0,38,3,5,0.6693412326998457,False,152.37660922675073,2.157138525560436,False,False
714.35,9254,t9254,220,150.0,84,2,1,0.6320790057203325,True,36.566485691727436,2.019497704024699,True,False
714.43,9255,t9255,220,150.0,99,0,1,0.6488639465986789,True,26.743043954433883,2.3675055653754957,True,False
714.55,9256,t9256,220,900.0,34,8,4,0.6552332663045705,False,226.29027930055483,2.2308391998419284,False,False
714.56,9257,t9257,220,150.0,71,4,5,0.6286964560061619,True,33.16377012667588,2.1957593919796756,True,False
714.64,9258,t9258,220,150.0,40,2,5,0.6286823465938634,True,34.00010220729145,2.1696933727386196,True,False
714.71,9259,t9259,170,100.0,49,0,2,0.6625758074449032,True,13.85169343628093,1.7267538978626167,True,False
714.94,9260,t9260,120,75.0,97,8,10,0.642647539509276,True,9.58105294985325,1.2611487742199754,True,False
714.98,9261,t9261,220,700.0,29,3,5,0.6653625898640306,False,134.53787995944614,2.409201231785277,False,False
714.99,9262,t9262,220,900.0,92,4,5,0.6317047087042205,False,219.90093077605454,2.2565855620802093,False,False
715.03,9263,t9263,170,500.0,36,0,1,0.6514688494848871,False,84.88837110597497,1.579708173522845,False,False
715.08,9264,t9264,220,150.0,49,10,2,0.6375324075206221,True,38.483879467859005,2.316088384331635,True,False
715.16,9265,t9265,220,150.0,53,4,3,0.6285691154668425,True,31.130043732679464,2.2225807442612915,True,True
715.27,9266,t9266,170,700.0,74,2,1,0.6350196074241076,False,134.96762155803597,1.6860900775600656,False,False
715.27,9267,t9267,170,100.0,45,3,4,0.6370557758465393,True,15.860361151336098,1.8330413716511873,True,False
715.52,9269,t9269,120,75.0,66,0,1,0.6478476543133712,True,7.380106051215284,1.1078142365905288,True,False
715.61,9270,t9270,120,75.0,33,3,5,0.6614635198849318,True,9.480559023176951,1.3040636709875504,True,False
715.65,9271,t9271,80,50.0,39,5,4,0.6327871373601663,True,4.456875987311993,0.7630932918537203,True,False
715.7,9272,t9272,120,75.0,63,5,4,0.6357135764311448,True,10.459127262428947,1.1956484762307649,True,False
715.87,9275,t9275,80,50.0,86,7,10,0.6356161213241865,True,4.437236891419329,0.8430054100326148,True,False
715.98,9276,t9276,220,150.0,83,10,2,0.6400842209086712,True,37.54639172742445,2.0954896494734503,True,False
716.03,9277,t9277,220,150.0,66,2,5,0.6316908814801679,True,29.251158423286643,2.0632200153369267,True,False
716.14,9278,t9278,220,900.0,81,5,4,0.6385814867207037,False,232.19888056089,1.9916937547236415,False,False
716.22,9279,t9279,120,75.0,95,3,5,0.663816431305415,True,10.70190851801972,1.1649251573814814,True,False
716.24,9280,t9280,170,100.0,62,9,5,0.6345059315293556,True,15.46986651253471,1.5354832967813203,True,False
716.48,9281,t9281,170,100.0,22,8,1,0.6302162588094864,True,18.879568675006503,1.7657427182451313,True,False
716.56,9282,t9282,220,900.0,66,0,2,0.6649064731141869,False,234.10677263714712,2.002751409566223,False,False
716.57,9283,t9283,300,1000.0,72,2,1,0.6317273970938073,False,287.7155324042847,2.922164930033214,False,False
716.58,9284,t9284,80,50.0,85,7,2,0.6349510991372241,True,3.6575149795015554,0.8599002618027752,True,False
716.6,9285,t9285,80,50.0,33,3,5,0.6661222844974884,True,3.595379939317479,0.7829424367445749,True,False
716.82,9286,t9286,220,150.0,94,2,4,0.6399807893412465,True,30.515262490059218,2.019598749918489,True,False
716.91,9287,t9287,300,1000.0,63,10,2,0.6425849980289593,False,351.78579174218925,3.0966451197790996,False,False
717.01,9288,t9288,300,250.0,41,0,2,0.6610165254700849,False,60.722255388442875,3.2742201171040843,False,False
717.03,9290,t9290,80,50.0,38,2,1,0.628501030970113,True,4.7653495413273435,0.7486521162177371,True,False
717.03,9289,t9289,80,50.0,83,6,8,0.6477904241533299,True,3.9187332817022473,0.8372774374943058,True,False
717.11,9291,t9291,220,150.0,75,4,6,0.6458152205229771,True,29.63610071056438,2.0047233947935834,True,False
717.13,9292,t9292,270,1000.0,75,9,5,0.6372464795654351,False,289.79617762718675,2.510435326980732,False,False
717.15,9293,t9293,220,700.0,53,1,8,0.6328707893616767,False,147.57086260486443,2.035483606797964,False,False
717.15,9294,t9294,220,700.0,77,5,4,0.6352180388044715,False,147.18018309851567,2.1557070924272264,False,False
717.35,9295,t9295,300,250.0,87,0,1,0.6504728830452856,True,85.15382293711758,3.0012402372746356,True,False
717.37,9296,t9296,270,200.0,61,7,10,0.6384859807158847,True,49.465295184142235,2.7096206924654123,True,False
717.38,9297,t9297,220,700.0,81,5,2,0.6242854863251401,False,147.0586877168155,2.291788017345152,False,False
717.74,9298,t9298,270,1000.0,24,5,1,0.6238375843257085,False,299.8678624058976,2.73828266308951,False,False
717.78,9300,t9300,80,50.0,29,3,4,0.6398968421477903,True,3.7955628215140864,0.8139973791319612,True,False
717.79,9301,t9301,220,150.0,28,9,4,0.6380939774637463,False,32.172230568204036,2.1034321670705034,False,False
717.81,9302,t9302,300,250.0,86,1,8,0.6293418351129048,True,63.775028033011885,3.127882130558052,True,False
717.84,9303,t9303,120,75.0,55,1,6,0.6255931445175271,True,10.55454069869375,1.2621827835788626,True,False
717.86,9304,t9304,220,150.0,26,0,4,0.647690805018911,False,38.190851018931504,2.2750520338746028,False,False
717.86,9305,t9305,170,100.0,55,7,4,0.6411809970768269,True,20.3884499618447,1.8383637159961135,True,False
718.09,9306,t9306,220,150.0,20,8,10,0.6453767705372723,False,37.36129625148385,2.3129337710557154,False,False
718.27,9307,t9307,220,150.0,60,6,10,0.6523919225086301,True,29.54240532136257,2.3643806599252972,True,False
718.58,9308,t9308,120,75.0,73,7,4,0.6439395589534722,False,10.21496666360094,1.0949258654977037,True,False
718.66,9309,t9309,120,75.0,47,3,1,0.6258359480954582,True,9.332301071590864,1.2251999487371565,True,False
718.75,9311,t9311,300,250.0,66,1,6,0.6285119482938433,False,77.5052571494013,3.2738892715436734,False,False
718.77,9312,t9312,270,200.0,97,2,4,0.6427633553726033,True,53.47825563397169,2.7444449513218148,True,False
718.85,9314,t9314,300,1000.0,79,4,6,0.6484810979306994,False,301.02383948540535,2.995648711287728,False,False
718.85,9313,t9313,170,100.0,97,6,1,0.6393565853412337,True,15.830243564869127,1.596212726517977,True,False
718.9,9315,t9315,220,150.0,77,10,4,0.6335270037248024,True,35.75225261079227,2.2486755182610643,True,False
718.92,9316,t9316,270,900.0,38,9,4,0.634588764581138,False,205.49310503046388,2.462546068483135,False,False
719.03,9317,t9317,270,900.0,31,0,2,0.6572043767788651,False,252.03178213205888,2.4667786099649507,False,False
719.06,9318,t9318,120,75.0,66,4,3,0.6315799149756874,True,8.704505648506874,1.1264676369901572,True,True
719.18,9319,t9319,300,1000.0,49,1,5,0.6244910826655184,False,339.60997164882104,2.960647701107045,False,False
719.2,9320,t9320,300,250.0,61,1,6,0.625198375994633,False,85.05735806675762,2.9234184878351916,False,False
719.24,9321,t9321,220,900.0,93,5,8,0.6224152645298602,False,220.32265181350215,2.3911943805796883,False,False
719.38,9322,t9322,170,100.0,41,4,3,0.6345304984943555,True,17.24059234251482,1.5561297427696448,True,True
719.45,9324,t9324,170,500.0,33,2,5,0.6346392456687463,False,93.85699812908558,1.8305116963439665,False,False
719.5,9325,t9325,270,200.0,46,6,8,0.650416797488445,False,60.433406380525675,2.535423177536261,False,False
719.68,9326,t9326,270,200.0,77,7,2,0.6376827438211463,True,51.76997686092611,2.9482654316334433,True,False
719.77,9327,t9327,220,900.0,28,3,4,0.6426810871230163,False,222.09208958025346,2.1548421718113304,False,False
719.83,9329,t9329,300,250.0,97,7,10,0.6412984429197488,True,85.38995187869791,3.059196103186254,True,False
719.99,9330,t9330,220,900.0,21,7,10,0.6440546558795356,False,160.88086082319262,2.1660502903764516,False,False
720.07,9332,t9332,300,1200.0,49,1,8,0.632057459949108,False,429.90356329791086,3.0523970759945023,False,False
720.3,9334,t9334,170,700.0,45,1,6,0.6219510751414071,False,103.11275696053599,1.5990891920390717,False,False
720.3,9335,t9335,300,250.0,81,4,2,0.6366139320545892,False,88.65433909120188,2.852957108217468,False,False
720.31,9336,t9336,120,75.0,56,6,8,0.646816643356858,True,10.448966580900557,1.2848922352675278,True,False
720.33,9338,t9338,220,900.0,94,4,6,0.6449196577902673,False,173.93586576010347,2.1710213138264107,False,False
720.54,9340,t9340,170,100.0,90,9,2,0.6348020994656876,True,13.98321956612609,1.5907446099043556,True,False
720.56,9341,t9341,300,250.0,24,7,2,0.64035975561139,False,82.99561871940156,2.7201436129000713,False,False
720.6,9342,t9342,80,50.0,60,6,10,0.6547747507251241,True,3.234576446779199,0.8710514907715808,True,False
720.62,9343,t9343,170,500.0,75,0,1,0.6530456072025618,True,68.10529183734666,1.6147679411988454,True,False
720.72,9344,t9344,170,100.0,75,7,2,0.6368092271658289,True,17.139621656099703,1.7677288492986363,True,False
720.72,9345,t9345,300,1200.0,39,2,5,0.6313546425735532,False,376.95786049973265,3.2282836238949355,False,False
720.74,9346,t9346,120,75.0,94,4,2,0.6332898352316793,True,10.645621471969168,1.2735001304645868,True,False
720.93,9349,t9349,170,100.0,63,9,2,0.6374085190148353,True,19.593780992899283,1.6930422067680349,True,False
721.01,9351,t9351,120,75.0,98,2,1,0.6315131921688926,True,7.399101968289684,1.1442331699815593,True,False
721.01,9350,t9350,220,150.0,58,2,1,0.6344651101436966,True,30.265445215764867,2.229514404656515,True,False
721.29,9353,t9353,220,900.0,65,4,6,0.6414294464526437,False,212.746957540333,2.018624380147246,False,False
721.31,9354,t9354,270,200.0,73,8,1,0.6329143951717582,True,61.50725433855196,2.733479998563499,True,False
721.34,9355,t9355,220,150.0,31,1,8,0.6285447722885875,False,34.20476034372687,2.1373277070828425,False,False
721.55,9356,t9356,80,50.0,70,4,3,0.6374220703426502,True,4.043613322080082,0.8396938497507782,True,True
721.96,9357,t9357,170,100.0,94,10,2,0.6388617596068418,True,15.441201028391198,1.8449933340330797,True,False
722.04,9359,t9359,300,1000.0,51,0,1,0.6555668768766924,False,288.6532877147052,2.846118083227406,False,False
722.07,9360,t9360,300,250.0,88,6,10,0.6571099223772884,True,82.31543707736951,3.268609810283894,True,False
722.1,9362,t9362,120,75.0,78,6,8,0.6494624923079027,True,7.296774928047501,1.1906923763871835,True,False
722.13,9363,t9363,300,250.0,44,9,6,0.6336049397594267,False,72.57635447779528,2.842466808871687,False,False
722.15,9364,t9364,120,75.0,25,3,1,0.6289014109517308,True,9.447253205405804,1.2981435641653114,True,False
722.16,9365,t9365,300,1200.0,84,3,5,0.6683820206257206,False,288.59994433620227,3.139710046044918,False,False
722.36,9366,t9366,300,250.0,71,1,8,0.6251023383812773,True,67.41194501793181,3.1479857289168005,True,False
722.46,9367,t9367,220,900.0,62,0,2,0.6534684710614697,False,234.99172510677286,2.2873578993448853,False,False
722.49,9368,t9368,300,250.0,73,2,1,0.6373579897590044,True,71.79368579984042,3.2867862419713294,True,False
722.63,9369,t9369,270,200.0,79,3,1,0.631905564550878,True,53.52364845629583,2.543050065915235,True,False
722.63,9370,t9370,170,100.0,28,3,1,0.6348496350780423,True,19.063892492662436,1.5955597381916722,True,False
722.69,9371,t9371,270,200.0,32,8,4,0.6513852676451456,False,46.91280850305688,2.9670731404868778,False,False
722.78,9372,t9372,170,100.0,84,10,1,0.6364132336647306,True,17.312540319518217,1.603009628910452,True,False
722.92,9373,t9373,170,100.0,47,6,10,0.6593983905964093,True,19.350268138187484,1.568731487451867,True,False
722.99,9375,t9375,170,100.0,53,10,4,0.6362871303169729,True,20.151722684914937,1.6385642999093235,True,False
723.08,9376,t9376,120,75.0,55,7,2,0.639503709289179,True,8.18158927528258,1.1771110257569088,True,False
723.49,9377,t9377,120,75.0,94,6,10,0.6616410894511477,True,8.92132153077222,1.2526874739565126,True,False
723.53,9378,t9378,220,150.0,36,6,8,0.6520554242799265,True,35.44789260981078,2.1479753912888033,True,False
723.54,9379,t9379,170,700.0,62,8,4,0.6476142289589094,False,98.55921871395871,1.6063400774911591,False,False
723.58,9380,t9380,120,75.0,56,9,5,0.6337582166407931,True,8.03930985721889,1.2923192266066437,True,False
723.65,9381,t9381,270,200.0,63,5,6,0.6440989862248577,True,60.16019466882723,2.479293655377693,True,False
723.67,9382,t9382,300,250.0,91,9,5,0.6365137189746439,True,76.08342820836901,3.1587412511106177,True,False
723.67,9383,t9383,170,100.0,60,3,5,0.6644225620313879,True,17.559403903857415,1.6662099500243712,True,False
723.75,9384,t9384,80,50.0,84,5,4,0.6319218598465639,True,3.2059844843958105,0.7943191274266199,True,False
723.79,9385,t9385,300,250.0,41,8,1,0.6355585688067846,False,89.36552866923891,2.7545323616815445,False,False
723.81,9386,t9386,170,500.0,66,7,10,0.6405817445801267,False,99.59882121387902,1.5612086859445138,False,False
723.86,9387,t9387,170,100.0,26,10,4,0.6389920543773002,True,17.10923866068303,1.7348708536086384,True,False
723.92,9388,t9388,80,50.0,44,0,2,0.649807283458422,False,4.014818393189353,0.8259846818563631,True,False
724.07,9389,t9389,170,100.0,24,5,4,0.6348656044678145,True,18.114395245917343,1.6833957653028904,True,False
724.09,9390,t9390,220,150.0,53,7,2,0.6421443017700621,True,30.580380185630336,2.183862567030636,True,False
724.18,9391,t9391,170,100.0,37,2,1,0.6401930117820062,True,15.6565175157361,1.6488448964472433,True,False
724.19,9392,t9392,300,1000.0,63,4,6,0.6380090393417727,False,274.06347992068373,2.87703227014611,False,False
724.23,9393,t9393,220,150.0,42,2,1,0.6429713333645478,True,30.455914048901732,2.418915638343623,True,False
724.27,9394,t9394,120,75.0,86,7,10,0.637178291506706,True,9.852614184565757,1.1980490017291403,True,False
724.31,9395,t9395,220,150.0,83,10,2,0.6413869859531665,True,39.30666350235881,1.9923562047054049,True,False
724.46,9396,t9396,170,100.0,43,6,8,0.6545964976125097,True,15.276611001532654,1.653036736073661,True,False
724.54,9398,t9398,170,100.0,25,8,4,0.6439186110463979,True,17.392448861813847,1.8530578271705156,True,False
724.55,9399,t9399,170,100.0,77,5,4,0.63775047419664,True,15.943766902642205,1.8623260273853266,True,False
724.81,9401,t9401,170,500.0,84,8,10,0.6418774169447087,True,77.82362359673387,1.534042608114777,True,False
724.91,9402,t9402,220,700.0,34,8,1,0.6319758589691105,False,149.21652854387654,2.1518222206131665,False,False
724.91,9403,t9403,270,900.0,63,8,1,0.6284648033281899,False,225.3249977281549,2.7809602162433027,False,False
724.96,9404,t9404,270,1000.0,84,2,4,0.645490270083333,False,281.3882761207501,2.4589039392347956,False,False
724.98,9405,t9405,300,1000.0,99,4,2,0.6362062203452274,False,344.9134034887733,3.1423488672222692,False,False
725.16,9406,t9406,300,250.0,95,4,2,0.6328902777565047,True,83.95186802891499,2.9434765468247637,True,False
725.2,9407,t9407,270,200.0,39,5,2,0.6212079584168191,False,59.58107996327788,2.4478039431867744,False,False
725.27,9408,t9408,120,75.0,97,1,8,0.6279027531521133,True,8.584986500624208,1.2061025900565623,True,False
725.37,9410,t9410,80,50.0,44,1,8,0.6306471596275325,True,3.2803164365002497,0.7753295213863605,True,False
725.38,9411,t9411,120,75.0,57,9,10,0.6316874206270349,True,10.337769497216993,1.1085703191840273,True,False
725.4,9412,t9412,80,50.0,93,10,1,0.6389874305298975,True,3.3925831418865555,0.8034807588126814,True,False
725.43,9413,t9413,220,700.0,28,3,1,0.6377348241946632,False,183.5487496866644,2.1408166689817447,False,False
725.92,9414,t9414,80,50.0,33,4,6,0.634657040373119,True,3.9146083488708117,0.7405319475066737,True,False
725.98,9416,t9416,270,200.0,86,3,1,0.6343883095289518,True,50.37255764203549,2.8659592391428244,True,False
725.98,9415,t9415,170,100.0,38,1,5,0.6212579276788748,True,18.880489697671347,1.7973300103780618,True,False
726.11,9417,t9417,170,100.0,24,2,1,0.6456940885154386,True,15.14179466627169,1.7902803477782514,True,False
726.17,9418,t9418,220,150.0,91,9,5,0.6392141112618177,True,28.854058543227957,2.3043746950914166,True,False
726.27,9419,t9419,300,250.0,70,7,2,0.6447320824013275,False,76.80983305729072,2.747602608170687,False,False
726.29,9420,t9420,220,900.0,97,1,6,0.6187687203052455,False,176.6447286903711,2.2231182777973983,False,False
726.59,9421,t9421,270,200.0,89,8,10,0.6446220504239962,True,52.73345526115595,2.6035243254196674,True,False
726.62,9422,t9422,80,50.0,43,0,1,0.6518637211573403,True,4.136559451944207,0.8102711401280454,True,False
726.63,9423,t9423,300,1000.0,45,10,1,0.6415101434577613,False,339.7822941858527,3.2274172165822197,False,False
726.65,9424,t9424,120,75.0,76,10,1,0.6378084021270674,True,8.487874166450537,1.1251223899009237,True,False
726.67,9425,t9425,170,100.0,51,5,4,0.640577646530889,True,19.040226751626943,1.762240565786803,True,False
726.98,9426,t9426,220,900.0,31,8,10,0.6473117912336982,False,235.31928224889808,2.2259446125548403,False,False
727.15,9427,t9427,270,1000.0,68,6,10,0.6638389343287915,False,241.49172394758304,2.792018738077613,False,False
727.43,9428,t9428,220,900.0,82,10,2,0.6438617077725646,False,228.8792018930418,2.3581195405472295,False,False
727.46,9429,t9429,300,250.0,31,4,3,0.640255810753979,True,77.44586512138909,3.1204734522996214,True,True
727.47,9430,t9430,80,50.0,32,10,2,0.6401129351555748,True,3.7750035225135052,0.7743236024904477,True,False
727.47,9431,t9431,300,250.0,79,4,3,0.6430328763570813,True,82.42542205105484,3.0094260935905113,True,True
727.64,9432,t9432,300,1000.0,90,6,10,0.6598188223088822,False,246.42768338447007,3.2542681285795556,False,False
727.7,9433,t9433,220,900.0,30,1,6,0.6156500125658073,False,228.0201480203228,2.197941593047832,False,False
727.87,9434,t9434,300,1000.0,84,1,6,0.6125936789811578,False,335.721250080642,3.0763895147348164,False,False
727.92,9436,t9436,220,700.0,20,4,3,0.6457544006481214,True,157.7503649000374,2.3633487424841655,True,True
727.97,9438,t9438,300,250.0,20,0,5,0.6464685137813747,False,89.74168977997229,2.746447428711691,False,False
728.05,9440,t9440,270,200.0,36,7,4,0.6404689495925846,False,64.42662618226422,2.8631791880354793,False,False
728.06,9441,t9441,300,250.0,21,5,4,0.6433482754184531,False,72.92714412644993,2.737658366216172,False,False
728.38,9443,t9443,170,500.0,77,3,1,0.6372827251565546,False,91.62392753228646,1.5443807684532889,False,False
728.46,9445,t9445,300,1200.0,52,0,1,0.6544086285523752,False,401.87191678742505,3.1901643907327935,False,False
728.64,9447,t9447,220,900.0,92,6,1,0.6420001203010758,False,208.6051234654924,2.3240483792351836,False,False
728.81,9448,t9448,300,1200.0,24,9,5,0.641860495703248,False,317.1953940474958,3.1270110136063085,False,False
728.85,9449,t9449,270,200.0,84,10,2,0.642613137990925,True,55.01259523355938,2.8159057675394434,True,False
728.86,9450,t9450,300,1200.0,58,0,10,0.6473238445556111,False,392.1944463255442,3.0034626220878025,False,False
728.96,9451,t9451,300,1000.0,23,7,2,0.6410941074199676,False,340.4138575154235,2.8343847467343464,False,False
729.04,9452,t9452,220,150.0,99,2,1,0.6483623885633117,True,32.5056268006317,2.3538126922396385,True,False
729.08,9453,t9453,80,50.0,89,10,4,0.6416428799564209,True,3.836671742337945,0.7476522250913838,True,False
729.13,9455,t9455,270,900.0,30,8,10,0.643773737227206,False,210.14996393941993,2.685792706009409,False,False
729.19,9456,t9456,270,200.0,68,6,8,0.6570867494784414,True,62.81558715105971,2.566032348962857,True,False
729.19,9457,t9457,80,50.0,90,1,8,0.6333366779734435,True,4.421114642891487,0.8719133724610885,True,False
729.25,9458,t9458,170,100.0,37,5,4,0.6398894917282658,True,16.74400427836723,1.6777002323305097,True,False
729.29,9459,t9459,170,100.0,94,1,5,0.624263435791964,True,15.223209990509345,1.6339806852609413,True,False
729.36,9460,t9460,220,150.0,62,2,1,0.6509773226102273,True,27.36202567263845,2.0363604671283277,True,False
729.54,9462,t9462,80,50.0,85,0,2,0.6462193196074354,True,3.5810883874729744,0.8306598958883629,True,False
729.58,9463,t9463,220,700.0,92,0,2,0.6488771150334686,False,159.95290106054708,2.233221130129004,False,False
729.73,9464,t9464,220,150.0,60,2,4,0.6419886464998482,False,38.747885768493376,2.0336847574562147,True,False
730.06,9466,t9466,220,700.0,92,5,10,0.6212038340208225,False,169.26988054074107,2.2156815708008417,False,False
730.24,9468,t9468,170,100.0,81,7,10,0.6400169074947537,True,18.839066424966724,1.710170411328164,True,False
730.24,9469,t9469,270,200.0,77,2,4,0.6385570553880331,True,51.9500567893821,2.7044275671817366,True,False
730.26,9470,t9470,300,1200.0,56,7,10,0.6427987511630405,False,428.69967431431377,3.2629987200822077,False,False
730.3,9471,t9471,270,200.0,27,1,6,0.6095984720682014,False,46.694506295974605,2.51709590861394,False,False
730.46,9473,t9473,270,900.0,67,4,3,0.6484214944533409,True,222.6134877427093,2.679468744097366,True,True
730.57,9475,t9475,170,100.0,92,2,5,0.6281357315402639,True,14.12982365896156,1.8589892189998358,True,False
730.91,9476,t9476,270,200.0,81,2,1,0.6535399579762046,True,62.29889250885081,2.7715133714111495,True,False
731.32,9478,t9478,220,700.0,59,5,6,0.6467991883185424,False,169.32586368061814,2.257488038782352,False,False
731.41,9479,t9479,270,200.0,73,3,4,0.6392356471987378,True,45.78193713044631,2.844598747465733,True,False
731.42,9480,t9480,120,75.0,69,10,4,0.6442406890239591,True,7.6946756164604375,1.2269400674784636,True,False
731.45,9481,t9481,270,200.0,43,1,6,0.606663169293504,False,63.90319944122721,2.8266622700392112,False,False
731.6,9482,t9482,170,100.0,76,8,4,0.6464709054921366,True,15.758475177698068,1.796721563379297,True,False
731.62,9483,t9483,220,150.0,75,6,8,0.6595271963070544,True,27.56786693613254,2.2656807526782314,True,False
731.74,9484,t9484,270,200.0,61,4,3,0.6510352463824559,True,58.54755493746745,2.828359823405695,True,True
731.74,9485,t9485,300,1000.0,36,10,2,0.645063336769568,False,256.20658288404735,3.298059213982498,False,False
731.95,9487,t9487,220,900.0,47,10,1,0.6403546956229877,False,218.54343287352185,2.365077383212628,False,False
731.95,9486,t9486,120,75.0,50,7,4,0.6370677524189147,True,10.004152454654257,1.0912555460585136,True,False
732.0,9488,t9488,300,250.0,48,7,10,0.6393509579579615,False,83.88276539067121,2.8829723127285063,False,False
732.04,9489,t9489,220,150.0,91,5,1,0.620617499305861,True,34.45110354471588,2.1168887676300674,True,False
732.11,9490,t9490,120,75.0,81,5,6,0.6432713863703534,True,9.204520238208541,1.28504941139706,True,False
732.13,9491,t9491,120,75.0,84,1,8,0.6359724059524361,True,9.001481840794805,1.2508731467345513,True,False
732.25,9493,t9493,220,150.0,25,1,5,0.6272088337427913,False,38.49908069895892,2.1142132001107217,False,False
732.26,9494,t9494,170,500.0,93,0,2,0.645307754550981,True,90.81195346352379,1.8051191293115718,True,False
732.34,9495,t9495,170,100.0,41,0,2,0.6479837812781432,True,16.18503923843084,1.7250050856664616,True,False
732.44,9496,t9496,300,250.0,65,6,1,0.6384167845617209,True,63.707595801367226,2.7245116047196127,True,False
732.5,9497,t9497,300,250.0,48,3,4,0.6420331160729449,False,69.6033448896807,2.8764137019122633,False,False
732.55,9498,t9498,300,250.0,32,3,1,0.6339452524716053,False,87.3188625463588,2.778975750954963,False,False
732.87,9500,t9500,220,150.0,24,8,5,0.6270089079039218,False,33.613192022107285,2.0700228900677806,False,False
732.9,9501,t9501,270,900.0,80,8,10,0.6403064443008437,False,258.7119845746722,2.894476918902215,False,False
733.03,9502,t9502,80,50.0,76,7,2,0.6375288919382349,False,4.317426512445341,0.8243206363548575,True,False
733.12,9505,t9505,270,200.0,92,5,4,0.6426738837118823,True,58.52206592574033,2.7998613681026523,True,False
733.47,9507,t9507,170,700.0,78,9,10,0.6346358540326761,False,117.73832823098051,1.8692926743534926,False,False
733.57,9509,t9509,170,100.0,84,4,2,0.6358146540195564,True,13.706474654979969,1.677664521250385,True,False
733.74,9511,t9511,300,1000.0,20,1,8,0.638555419371849,False,358.6711779384549,2.9529756927125534,False,False
733.76,9512,t9512,220,150.0,41,6,1,0.6410791155371531,True,30.55714703741089,2.255161616868406,True,False
733.77,9513,t9513,120,75.0,45,8,1,0.6250239688000876,True,10.180035408188846,1.226248157799421,True,False
733.82,9514,t9514,170,100.0,87,2,1,0.6560513406348624,True,17.795530096238114,1.746096515809595,True,False
733.94,9515,t9515,220,700.0,31,6,1,0.6436881998930768,False,135.4563234232812,2.2135680637927724,False,False
734.1,9517,t9517,170,100.0,67,7,8,0.6345819318105276,True,17.873911462287456,1.6247839611303716,True,False
734.18,9518,t9518,270,1000.0,87,5,1,0.6236358159864104,False,227.02083751134356,2.598696675505409,False,False
734.35,9519,t9519,170,500.0,53,0,6,0.6445039970811625,False,88.36142335894853,1.8490603981405336,False,False
734.43,9520,t9520,270,900.0,57,10,2,0.641290531572638,False,286.302461911999,2.91031183761325,False,False
734.58,9522,t9522,120,75.0,30,0,8,0.6444965450157787,True,8.146901137333321,1.1024922011064855,True,False
734.75,9523,t9523,270,900.0,93,1,6,0.6037865725743006,False,256.06151265429014,2.7146426868396722,False,False
734.83,9525,t9525,270,200.0,58,10,2,0.6375931824796468,False,62.31184308589638,2.4368665152454634,False,False
734.92,9526,t9526,300,250.0,92,6,1,0.6400711025618818,True,61.225910132695475,3.2123836197429716,True,False
734.95,9527,t9527,120,75.0,96,5,1,0.6204197663333488,True,10.797568830049045,1.1479104519918455,True,False
735.1,9528,t9528,270,200.0,64,0,1,0.6507286377995095,True,45.23532123880427,2.8569023369245663,True,False
735.31,9529,t9529,270,1000.0,77,4,2,0.6386805427573471,False,227.5713670349557,2.9070546846630085,False,False
735.57,9530,t9530,80,50.0,51,6,1,0.6427003471773108,True,4.065961081759682,0.8523955812643603,True,False
735.64,9531,t9531,220,150.0,92,1,3,0.6030401065431128,True,31.68026195592037,2.194368706707794,True,True
735.93,9532,t9532,270,200.0,99,3,4,0.6386006355696678,True,54.687127610176056,2.725297789225899,True,False
735.94,9533,t9533,300,250.0,36,1,8,0.6349127725228734,False,74.17757593735796,2.8182081873732554,False,False
735.98,9534,t9534,270,200.0,28,5,6,0.6459881404611282,False,52.707889002581304,2.5178225452932126,False,False
736.03,9535,t9535,170,100.0,25,1,8,0.6313429786108775,True,18.419694677009186,1.8445646204646216,True,False
736.06,9536,t9536,170,100.0,29,9,5,0.6382799524558497,True,15.665394004010341,1.7712508073938709,True,False
736.11,9537,t9537,170,500.0,96,5,6,0.6424765594700874,False,96.11660219680039,1.5558373992770167,False,False
736.13,9538,t9538,170,100.0,28,4,2,0.635315113720382,True,17.028893467700215,1.7205329540678203,True,False
736.15,9539,t9539,270,200.0,27,1,5,0.6239213237346022,False,62.34755871198,2.8803828518666537,False,False
736.37,9541,t9541,300,1000.0,93,5,6,0.6390352100988674,False,287.49522858061687,3.0267401135656042,False,False
736.38,9542,t9542,220,150.0,84,10,1,0.6366760632489894,True,28.072709624997756,2.18809793805874,True,False
736.39,9543,t9543,80,50.0,64,3,1,0.6306745292403549,False,4.241059517152784,0.7853766733152029,True,False
736.61,9544,t9544,80,50.0,94,4,6,0.6375460813838384,True,3.6875671608409246,0.7316903883493177,True,False
736.91,9545,t9545,170,100.0,20,3,4,0.6414108046764563,True,17.87395083717092,1.6040617540837514,True,False
736.98,9546,t9546,270,200.0,54,10,1,0.6392450035224713,False,60.63674037600087,2.9011121094664984,False,False
737.1,9548,t9548,120,75.0,69,5,4,0.6454025878558265,True,10.702858331021261,1.2421269885429247,True,False
737.12,9549,t9549,220,150.0,51,8,4,0.6489721540489605,True,32.355956180100705,2.40376236532121,True,False
737.23,9551,t9551,80,50.0,52,4,6,0.6403773415743435,True,3.6847995941134104,0.730532833394539,True,False
737.34,9552,t9552,170,100.0,63,7,4,0.6399085791887182,True,14.112638391288037,1.6341939265009022,True,False
737.74,9553,t9553,170,700.0,31,3,5,0.6667162926089419,False,115.14402863469623,1.8427089497851734,False,False
737.84,9554,t9554,220,700.0,29,8,1,0.6278259509625472,False,141.61457819464633,2.306313697431677,False,False
738.0,9557,t9557,220,150.0,30,0,1,0.6532962468617012,False,31.135284851101446,2.3723429208275375,False,False
738.01,9558,t9558,220,700.0,34,2,5,0.6311551987276406,False,183.9166723493231,2.2051476508755794,False,False
738.02,9559,t9559,220,150.0,85,6,1,0.6452770069004313,True,36.31964098211191,2.0868200141080715,True,False
738.03,9560,t9560,220,150.0,34,0,1,0.649638503742649,True,33.39851094761788,2.3112384077629,True,False
738.07,9562,t9562,300,1000.0,45,5,4,0.6480767179168917,False,293.6564182272647,3.2734553431717694,False,False
738.12,9563,t9563,300,250.0,87,2,1,0.6585124956403469,True,71.15918114361993,2.995880525237233,True,False
738.16,9564,t9564,80,50.0,63,5,4,0.6445233653767357,True,3.8296800971232634,0.7902908100746804,True,False
738.19,9565,t9565,170,100.0,30,1,3,0.6065614862304324,False,36.799457411323544,4.5231927249008175,False,True
738.22,9566,t9566,120,75.0,30,7,4,0.6426925894231257,True,8.433756864895475,1.170416981688142,True,False
738.28,9567,t9567,120,75.0,22,9,10,0.6313513187702043,True,8.271355268460601,1.1300309817117382,True,False
738.29,9568,t9568,300,250.0,49,10,1,0.6355885649904833,False,79.77583492228314,2.9359471063565072,False,False
738.61,9569,t9569,270,1000.0,92,10,2,0.6339697803685156,False,319.0702472945349,2.4521345570625788,False,False
738.85,9570,t9570,170,100.0,75,2,1,0.6609244275457218,True,17.09876108269649,1.8223249985447691,True,False
739.02,9571,t9571,170,100.0,75,2,4,0.6413680960984542,True,18.395440383731,1.6506284778383176,True,False
739.06,9572,t9572,220,150.0,48,4,3,0.6503739706257107,False,124.65944240944127,4.385233115726396,False,True
739.18,9573,t9573,300,1000.0,39,5,4,0.6472150798873828,False,275.6981542807594,3.2208940147164293,False,False
739.36,9574,t9574,300,250.0,98,9,10,0.634306474212982,False,69.79567933183357,2.8072805106714904,True,False
739.51,9575,t9575,270,200.0,22,5,6,0.635662687715072,False,62.03627232704018,2.639275955381084,False,False
739.74,9577,t9577,300,250.0,57,2,5,0.6279402765712695,False,73.44220810502456,2.877663944805779,False,False
739.82,9578,t9578,80,50.0,93,7,10,0.635972120616984,True,4.175999781263258,0.7417033602139097,True,False
740.47,9581,t9581,300,250.0,49,8,2,0.6248621823026159,False,62.163214457664495,3.0634880916907057,False,False
740.55,9582,t9582,300,1200.0,55,2,5,0.624789652858026,False,344.32511734571415,3.2055012798417066,False,False
740.64,9583,t9583,270,200.0,76,1,5,0.6206995639265768,True,56.905880305285585,2.9682922893614165,True,False
740.79,9584,t9584,300,250.0,24,2,4,0.644122915994667,False,73.43173006834937,2.8323847057774043,False,False
741.0,9585,t9585,270,900.0,37,3,4,0.644164770401109,False,281.04903593245723,2.774305376712802,False,False
741.1,9586,t9586,270,200.0,42,2,5,0.6217020416190472,False,57.249527239847495,2.4382824466401782,False,False
741.19,9587,t9587,120,75.0,95,10,4,0.6467865419101467,True,8.601084839354115,1.305531799335682,True,False
741.4,9589,t9589,300,250.0,98,4,6,0.6431519765610384,True,67.52569050287298,3.1505396455663464,True,False
741.7,9590,t9590,220,150.0,51,4,6,0.6458711188479994,True,33.590571056594506,2.1630764491973347,True,False
741.74,9591,t9591,300,1000.0,65,3,1,0.6274692204737297,False,340.17727489441984,2.886879137284809,False,False
741.81,9592,t9592,220,700.0,67,0,8,0.6469090756539246,False,173.60300755718004,2.389485970200778,False,False
741.9,9593,t9593,220,900.0,57,0,2,0.6506062874707621,False,220.4996054479919,2.404632958830582,False,False
741.92,9594,t9594,300,1200.0,49,8,1,0.624397893481758,False,345.17434674185915,2.828084435896682,False,False
742.01,9595,t9595,170,100.0,70,9,5,0.6409450200733994,True,15.855768642783604,1.7341309981371207,True,False
742.05,9596,t9596,80,50.0,78,8,10,0.6369084972330087,True,4.676905303892027,0.7800794989632968,True,False
742.44,9597,t9597,270,200.0,80,10,4,0.6492814777386103,False,62.080700503673306,2.575059648144116,True,False
742.45,9598,t9598,300,250.0,99,5,1,0.6234420376733485,True,81.36552060841251,2.821136500145963,True,False
742.47,9599,t9599,220,150.0,59,9,8,0.6313193189335236,True,35.32086671431562,2.3340729996403917,True,False
742.49,9600,t9600,270,200.0,66,6,1,0.6478021334290894,True,58.56198159999902,2.735450387210833,True,False
742.57,9601,t9601,80,50.0,75,3,5,0.662790148574945,True,3.8137925801112784,0.8453362240470432,True,False
742.77,9602,t9602,80,50.0,41,1,5,0.6237162393147119,True,4.701832269005342,0.8453741019227756,True,False
742.89,9603,t9603,300,250.0,69,4,6,0.6485358782892213,False,77.77724790034736,3.117257181821257,False,False
743.02,9604,t9604,300,250.0,81,7,4,0.645420919452845,True,70.31027586261105,3.159808150415433,True,False
743.06,9605,t9605,270,1000.0,38,0,4,0.6439936555851994,False,274.8656928652721,2.6560191429861026,False,False
743.16,9606,t9606,220,150.0,62,3,6,0.6256888344192132,True,37.15623010911793,2.0866689853244123,True,False
743.2,9607,t9607,120,75.0,88,5,6,0.6323576157789523,False,10.563822486269112,1.1007095893438406,True,False
743.29,9608,t9608,220,150.0,90,3,4,0.6406896568112687,True,37.01949198731448,2.004416008294989,True,False
743.34,9609,t9609,220,150.0,39,0,10,0.6433959390930704,True,30.813476111371536,2.387437494686411,True,False
743.63,9611,t9611,120,75.0,50,6,1,0.6502767574271743,True,10.488773384601544,1.2486579376390465,True,False
743.7,9613,t9613,170,100.0,44,3,5,0.6651165274216279,True,18.764495713646866,1.7777369367190714,True,False
743.7,9612,t9612,270,900.0,22,8,5,0.6238769115640251,False,239.7919002354149,2.5340553607750027,False,False
743.72,9614,t9614,270,1000.0,55,2,5,0.6186761826048481,False,217.4358224593152,2.4478947865031926,False,False
743.74,9615,t9615,80,50.0,99,7,8,0.6374724749924988,True,4.235094318352029,0.7820104030665177,True,False
743.75,9616,t9616,300,1000.0,76,3,5,0.6673963786913771,False,347.7959294765921,3.2254575876150597,False,False
743.94,9617,t9617,120,75.0,85,9,2,0.6399628101730002,True,7.288359587093355,1.2314328714331333,True,False
744.09,9618,t9618,170,100.0,75,9,2,0.6424660155080015,True,17.728729735716893,1.7970867368988557,True,False
744.15,9619,t9619,170,700.0,42,0,1,0.6522279154859779,False,120.67908772823338,1.8602273431719853,False,False
744.2,9620,t9620,220,150.0,33,1,5,0.6266725811950843,False,36.976152731011055,2.372647212261755,False,False
744.21,9621,t9621,170,100.0,99,9,2,0.6449191567363031,False,14.491597317559773,1.7260034721549782,True,False
744.23,9622,t9622,300,250.0,61,4,3,0.6361906730313782,False,297.432147913861,5.060569320855128,False,True
744.27,9623,t9623,170,500.0,49,8,4,0.651423377634648,False,73.89875179952699,1.634906558731616,False,False
744.28,9624,t9624,220,150.0,78,9,8,0.6342751143730349,True,35.369947781122484,2.3258243879547176,True,False
744.3,9625,t9625,220,150.0,62,1,8,0.6340185805771215,True,30.746320421284405,2.1495854087202373,True,False
744.37,9626,t9626,120,75.0,95,9,5,0.643556786338598,False,7.538992425850141,1.202474961661147,True,False
744.44,9627,t9627,220,900.0,59,3,6,0.6287572395490107,False,237.42449676938674,2.1577847334386036,False,False
744.61,9628,t9628,220,900.0,93,0,2,0.6470023435395287,False,162.77521925570898,2.0190083544484496,False,False
744.63,9629,t9629,300,250.0,69,2,4,0.6406486394929555,True,62.420737671120264,3.0373118646095163,True,False
744.65,9630,t9630,270,200.0,89,1,8,0.6366406705040406,True,64.25295009166317,2.9631965835265035,True,False
744.76,9632,t9632,120,75.0,58,5,4,0.643678960107817,True,7.771932976243541,1.1084072973607149,True,False
744.95,9634,t9634,120,75.0,88,8,2,0.6216216053232303,True,7.350908246362074,1.2345473415160477,True,False
745.22,9635,t9635,270,900.0,88,10,4,0.6455525148505049,False,204.723477067013,2.4776939572892185,False,False
745.25,9636,t9636,220,150.0,74,5,6,0.629118645281555,True,39.222978598064735,2.030299334704154,True,False
745.4,9638,t9638,270,1000.0,49,6,1,0.6527018889452975,False,289.30362910856576,2.794278011337754,False,False
745.45,9639,t9639,80,50.0,66,7,8,0.6403052073108307,True,4.490946971646955,0.8537166062073542,True,False
745.48,9640,t9640,170,100.0,45,7,10,0.6388348600228262,True,17.695076909402765,1.6109221958595568,True,False
745.52,9641,t9641,270,1000.0,22,4,5,0.6284787963483178,False,225.01089382697745,2.444474729420584,False,False
745.54,9642,t9642,170,500.0,60,7,4,0.6480946828819699,False,96.72880908264015,1.5422090837363094,False,False
745.72,9644,t9644,300,250.0,94,4,6,0.6449733425416188,True,80.85019541423158,2.847882579985895,True,False
745.72,9643,t9643,170,100.0,78,5,4,0.6463875627238425,True,17.27164084427992,1.7209938423132873,True,False
745.76,9646,t9646,270,200.0,23,3,5,0.6634566329357314,False,45.42897694319931,2.797545748596874,False,False
745.83,9647,t9647,300,250.0,41,9,8,0.637171793903756,False,61.94755319741936,3.060942590730687,False,False
746.07,9648,t9648,270,200.0,64,10,1,0.6320052552291351,True,52.39250294933046,2.8238515947674023,True,False
746.18,9649,t9649,300,250.0,20,2,6,0.6170875322196513,False,76.3441644313561,3.057254335440246,False,False
746.29,9651,t9651,80,50.0,95,6,1,0.6489045178330582,True,3.890240864012282,0.7433511769543459,True,False
746.34,9652,t9652,170,100.0,48,5,1,0.6264038635865482,True,19.76228478539474,1.5939831564516538,True,False
746.35,9653,t9653,270,200.0,40,2,1,0.6632881208129892,False,63.345494048639715,2.848625471231632,False,False
746.43,9654,t9654,270,1000.0,74,6,10,0.6558791125293714,False,315.4838219792746,2.7573819140270825,False,False
746.46,9656,t9656,120,75.0,65,4,9,0.628108387586056,False,22.57502863826405,2.044260448719344,False,True
746.72,9657,t9657,300,250.0,48,0,2,0.64347047848692,False,84.48828926868744,3.1394262411567464,False,False
746.76,9658,t9658,80,50.0,56,8,10,0.6397525091065303,True,4.68472423808136,0.7365226525433749,True,False
746.78,9659,t9659,220,900.0,60,3,6,0.6255902765762124,False,162.16642233852934,2.38931868971865,False,False
746.79,9660,t9660,300,250.0,73,7,8,0.6430812849827959,True,65.37208091179225,3.103515644629522,True,False
746.92,9661,t9661,80,50.0,48,10,1,0.6346676116630139,True,4.733702552206562,0.7913041875150815,True,False
747.13,9663,t9663,270,1000.0,28,2,4,0.6434178485212781,False,268.1652880620032,2.9426693813051816,False,False
747.18,9664,t9664,120,75.0,86,6,10,0.6520181969454505,True,10.186944765850225,1.2049809449019515,True,False
747.2,9665,t9665,220,150.0,92,4,2,0.6381909932641562,True,31.372269514495663,2.205922731626998,True,False
747.36,9666,t9666,220,700.0,80,8,2,0.6246198398834323,False,160.07776675453394,2.177633068652393,False,False
747.38,9667,t9667,120,75.0,47,0,10,0.6457205917397804,True,10.178054926721895,1.234636411673643,True,False
747.48,9668,t9668,300,250.0,88,5,4,0.6490419932875474,True,61.95209332973783,3.1706554723724425,True,False
747.6,9669,t9669,170,100.0,40,9,2,0.6411492351400385,True,14.758883811297759,1.574557273290647,True,False
747.64,9671,t9671,220,150.0,54,1,8,0.6392103186324214,True,31.893737979433908,2.3324793207824173,True,False
747.74,9673,t9673,170,100.0,23,6,10,0.6544084996732081,True,19.635781512624426,1.6649354095798332,True,False
747.74,9672,t9672,270,1000.0,71,7,4,0.6445409710425123,False,231.99924516707122,2.8535319988894727,False,False
747.89,9674,t9674,120,75.0,60,4,6,0.6476560575089682,True,8.026642810864656,1.1508746045795226,True,False
747.94,9675,t9675,220,700.0,40,7,8,0.6458018411013219,False,169.34578693897436,2.28130839496262,False,False
748.05,9676,t9676,300,250.0,40,1,6,0.6009675077894813,False,85.34836824147982,3.0841768017917524,False,False
748.1,9677,t9677,300,1000.0,85,9,5,0.6399423172784927,False,358.406213727696,3.0053466351550835,False,False
748.18,9678,t9678,300,1000.0,85,5,4,0.6516433352399783,False,309.40195271736025,2.9976771929867185,False,False
748.39,9679,t9679,270,900.0,71,1,8,0.6417285737982346,False,241.0722924357629,2.445293391826106,False,False
748.51,9680,t9680,270,1000.0,85,6,10,0.6567509963464108,False,273.98267262971905,2.4922277221169558,False,False
748.57,9681,t9681,170,100.0,69,7,4,0.6410583334398439,True,15.229792320862714,1.6652425308683614,True,False
748.6,9682,t9682,170,700.0,28,5,1,0.6293064529814839,False,112.59562806419329,1.6440455132078051,False,False
748.93,9683,t9683,120,75.0,46,0,10,0.6479987513335562,True,9.665848204379941,1.1183419925126428,True,False
748.99,9684,t9684,300,250.0,76,6,1,0.6513570941430636,False,89.94010521186955,3.262928203346097,False,False
749.11,9686,t9686,300,1200.0,97,8,4,0.6476515767486217,False,326.6647209223078,3.282763658333786,False,False
749.23,9688,t9688,270,900.0,93,1,6,0.5982048243003583,False,262.3992665737387,2.7563725306835987,False,False
749.37,9689,t9689,270,200.0,20,9,2,0.6436287119756994,False,46.58099101287404,2.926131081349365,False,False
749.38,9690,t9690,270,200.0,94,5,6,0.6321184541941057,True,61.84012037467502,2.524412804271578,True,False
749.4,9691,t9691,220,150.0,43,0,10,0.6502313477354564,True,27.780555722569947,2.2257983162766486,True,False
749.43,9693,t9693,120,75.0,57,5,4,0.6480186503533606,True,7.88686012821001,1.1490697767986515,True,False
749.52,9694,t9694,80,50.0,90,10,2,0.6304188462996068,True,3.578699473585223,0.8737562791694432,True,False
749.53,9695,t9695,120,75.0,40,9,2,0.6398845992746469,True,9.91115574057132,1.3006609303024161,True,False
749.59,9696,t9696,270,200.0,72,2,5,0.615710840770933,True,50.62695204124776,2.673886157082763,True,False
749.63,9697,t9697,300,250.0,24,10,1,0.6372767209682153,False,71.15714599395561,3.1048259486262095,False,False
749.75,9698,t9698,220,150.0,43,7,10,0.6416403446405515,False,26.802063072744172,2.270176728838975,True,False
750.05,9699,t9699,220,150.0,71,9,8,0.6338365398438627,True,37.77218888358669,2.1102351952463634,True,False
750.08,9700,t9700,80,50.0,78,2,4,0.6399576733690344,True,3.2634258252181683,0.7506834800248452,True,False
750.12,9701,t9701,80,50.0,46,2,4,0.6427407017198355,True,3.829400104963903,0.7382742116161842,True,False
750.22,9702,t9702,270,200.0,74,10,1,0.6336596480873125,True,57.78225611438194,2.6304168171165587,True,False
750.37,9704,t9704,120,75.0,53,0,10,0.6524192922093188,True,8.174852903916591,1.143731538225722,True,False
750.37,9703,t9703,220,150.0,48,9,2,0.6423893688276154,True,30.10539080478629,2.045640149468079,True,False
750.45,9705,t9705,120,75.0,48,10,1,0.6362889166640278,True,10.129113312001724,1.3062369211841947,True,False
750.51,9706,t9706,300,250.0,58,7,10,0.6382157195659223,False,74.21435697783299,2.94817502017563,False,False
750.58,9707,t9707,300,250.0,73,3,5,0.6595956820951986,True,70.95148028073054,2.782405838498884,True,False
750.64,9709,t9709,300,250.0,47,9,8,0.6367419908651673,False,83.09090479719285,2.9832080388179296,False,False
750.74,9711,t9711,170,100.0,26,1,8,0.6380224638607312,True,18.015118289053785,1.552566028704907,True,False
750.87,9712,t9712,270,900.0,42,7,10,0.6348595869927857,False,263.03457498814515,2.829583678173234,False,False
751.24,9713,t9713,300,250.0,50,4,6,0.6502851181769705,False,62.26220125152231,3.253865200404756,False,False
751.26,9714,t9714,300,1000.0,76,4,6,0.646687597631613,False,280.6773087596782,2.9763632897196723,False,False
751.29,9715,t9715,220,700.0,94,7,8,0.6422939860974771,False,137.23933964551827,2.0164127203303104,False,False
751.36,9716,t9716,300,1200.0,85,0,1,0.6485915389944401,False,318.53211835062064,2.8020472032691055,False,False
751.44,9717,t9717,270,200.0,90,6,1,0.6475866189268691,True,64.34762726861918,2.682602538455669,True,False
751.46,9718,t9718,220,150.0,63,1,5,0.6233957962378494,True,34.428902423556245,2.2196618722826056,True,False
751.69,9720,t9720,270,1000.0,63,6,1,0.6500655532149983,False,319.4039347786775,2.9409513830285157,False,False
751.85,9722,t9722,220,900.0,83,6,10,0.6528726430861492,False,172.70765249958853,2.414748639850758,False,False
752.03,9723,t9723,170,100.0,34,5,6,0.6350582669284054,True,13.778558385179606,1.5970360527903256,True,False
752.05,9724,t9724,300,1000.0,54,6,1,0.646320908817365,False,311.22695103974155,3.1254533727524785,False,False
752.06,9725,t9725,300,1000.0,57,8,10,0.6425396407425815,False,291.15580293315526,2.965055177332565,False,False
752.08,9726,t9726,80,50.0,69,7,8,0.6388562881937094,True,4.277841296013534,0.756102817624531,True,False
752.09,9727,t9727,120,75.0,97,9,2,0.6448440429895248,True,7.308623594805795,1.1274044651229655,True,False
752.16,9728,t9728,300,250.0,73,10,1,0.6388655998692088,False,79.64092009943559,3.2406465858933027,False,False
752.18,9729,t9729,170,100.0,84,10,2,0.6331129309120762,True,13.87800348811127,1.5778507973384053,True,False
752.19,9730,t9730,220,700.0,85,0,8,0.6430993556793076,False,126.07684828361751,2.058288453441468,False,False
752.23,9731,t9731,270,200.0,90,5,4,0.6506404591644751,True,44.645674418500555,2.8405028598373394,True,False
752.34,9732,t9732,220,700.0,60,1,8,0.6405644761219782,False,171.95956968376112,2.2810842884213463,False,False
752.61,9733,t9733,80,50.0,86,9,2,0.6472496236681957,True,4.677101458714116,0.8550267936688963,True,False
752.67,9734,t9734,170,100.0,49,1,5,0.626358546979759,True,17.500182336213438,1.6968330771164277,True,False
753.02,9735,t9735,120,75.0,38,8,2,0.6213841097524303,True,7.3819690691902276,1.117190082906645,True,False
753.08,9736,t9736,220,150.0,22,5,4,0.6532098317993674,False,33.441811442682166,2.1844837076039236,False,False
753.2,9737,t9737,300,250.0,28,8,2,0.6243870942240485,False,68.32101695474539,3.1630676168324507,False,False
753.21,9738,t9738,170,100.0,32,2,1,0.6594305402149111,True,13.855017196298387,1.613397667519571,True,False
753.29,9740,t9740,300,250.0,87,3,5,0.6619859502714764,True,64.92684769750127,3.052029167810304,True,False
753.29,9741,t9741,80,50.0,77,10,2,0.6357531338322961,True,4.0521440829181685,0.7437325630014118,True,False
753.39,9742,t9742,300,250.0,81,6,10,0.6490718568910928,False,88.52236848963965,2.9055367115240176,False,False
753.43,9743,t9743,270,900.0,88,6,10,0.6453470864199377,False,249.0600565198703,2.5777370212943214,False,False
753.44,9744,t9744,80,50.0,40,7,2,0.6340349807661368,True,4.551109562498896,0.7845878979980507,True,False
753.62,9745,t9745,220,900.0,67,3,4,0.643458045493225,False,161.9520499986524,2.2289472639761296,False,False
753.69,9746,t9746,80,50.0,95,10,1,0.635216749410286,False,4.233434026642733,0.7366700215240218,True,False
753.75,9747,t9747,170,100.0,46,7,4,0.6438193485892288,True,14.526181959328063,1.7662846196224808,True,False
753.84,9748,t9748,270,200.0,51,3,5,0.6643284130842287,False,55.70477544282644,2.737008867094445,False,False
754.02,9749,t9749,270,1000.0,81,7,2,0.6367849478174809,False,295.63881748320443,2.6288395673430864,False,False
754.04,9750,t9750,220,700.0,97,0,10,0.6545634777937038,False,154.01700670064088,2.253858893784308,False,False
754.1,9751,t9751,220,900.0,41,4,2,0.6410093552170549,False,161.7456948651445,2.0332642535551555,False,False
754.25,9753,t9753,80,50.0,35,6,1,0.6426511573076844,True,3.601651296199217,0.848747233850557,True,False
754.27,9754,t9754,220,900.0,34,2,5,0.6189788057736961,False,228.09870741439227,2.0086976558125387,False,False
754.39,9755,t9755,170,100.0,32,8,2,0.6211560190062341,True,18.195009868619927,1.6097101297147884,True,False
754.49,9756,t9756,120,75.0,96,2,4,0.6454680695036207,True,9.295579941680494,1.2043023819495629,True,False
754.68,9757,t9757,220,150.0,73,2,5,0.616007411476404,True,28.448349761603115,2.39093252373054,True,False
754.72,9758,t9758,270,200.0,21,7,4,0.6465251434356261,False,58.0817721324947,2.921203338979932,False,False
754.81,9761,t9761,270,200.0,98,6,8,0.6619188341990951,True,43.86919684714696,2.568734590373295,True,False
754.89,9763,t9763,300,250.0,22,10,1,0.6316408759605419,False,86.15911513462203,3.1621894469018255,False,False
754.98,9764,t9764,220,700.0,78,8,2,0.6241635652927761,False,168.9022628068343,2.4121896136164525,False,False
755.38,9767,t9767,80,50.0,68,9,2,0.6496070927332933,True,3.476169615956233,0.7571043036845648,True,False
755.49,9770,t9770,120,75.0,45,4,6,0.6431620274971626,True,8.26775929560359,1.1715251470410084,True,False
755.49,9769,t9769,220,150.0,24,10,8,0.6284256066645754,False,27.44343036892137,2.39675468387153,False,False
755.63,9772,t9772,170,700.0,98,8,10,0.6390970297459116,False,132.136766323312,1.6246906334451077,False,False
755.72,9773,t9773,270,900.0,90,9,8,0.6334153328660458,False,270.3154529013351,2.8492953085996344,False,False
755.72,9774,t9774,120,75.0,97,2,1,0.6618241112287947,True,7.274670086448283,1.3117957483243854,True,False
755.73,9775,t9775,80,50.0,80,7,8,0.6416613442480171,True,3.430432468603274,0.7421535097321443,True,False
755.79,9777,t9777,220,150.0,68,9,5,0.6364001375995896,True,34.45847187754229,2.154710003827758,True,False
755.79,9776,t9776,170,100.0,74,4,2,0.6375973499308956,True,17.145045777396863,1.70063392930351,True,False
755.92,9778,t9778,300,1000.0,24,3,5,0.6604500266407259,False,347.3053537077973,2.9260651171456393,False,False
755.98,9779,t9779,170,100.0,92,2,1,0.6641698108224007,True,17.48368576276604,1.8271361915226547,True,False
756.02,9780,t9780,170,700.0,44,10,4,0.6418981312201614,False,96.40869656549158,1.6643491720412735,False,False
756.05,9781,t9781,120,75.0,30,2,4,0.64814088993173,True,8.162702285759279,1.152052465170486,True,False
756.06,9782,t9782,300,1200.0,85,1,6,0.5954973944810177,False,350.50240091174305,3.249556979499209,False,False
756.09,9783,t9783,220,700.0,85,9,2,0.651917412417089,False,183.02892487782592,2.294160824094531,False,False
756.12,9784,t9784,270,200.0,59,2,5,0.6192694450650578,True,43.313625872059085,2.731761727202895,True,False
756.17,9785,t9785,300,250.0,96,3,5,0.6566492079260933,True,63.88132359632526,2.860544772310836,True,False
756.25,9786,t9786,80,50.0,74,8,4,0.6439552118803159,True,3.7997614092980694,0.779056912185121,True,False
756.28,9787,t9787,270,900.0,65,1,8,0.6368816481380002,False,261.15453909665274,2.4839401921446753,False,False
756.5,9790,t9790,220,150.0,25,3,1,0.624328017882437,False,37.97558875467081,2.2349886763413727,False,False
756.55,9791,t9791,270,200.0,37,5,6,0.6379392834080192,False,60.09985259983404,2.960936264838848,False,False
756.55,9792,t9792,300,250.0,60,2,5,0.6224662379819385,False,62.037988817389184,3.1822051229885226,False,False
756.88,9793,t9793,300,1000.0,90,7,8,0.6444102991812385,False,335.7407636005856,3.2035274382146612,False,False
757.09,9794,t9794,170,500.0,51,3,10,0.6238175150067922,False,75.35186241372791,1.6644357646279364,False,False
757.32,9796,t9796,220,150.0,40,3,5,0.6590984055857533,True,35.20474328170469,2.3866993377131562,True,False
757.41,9797,t9797,120,75.0,94,10,2,0.6383405326941116,True,10.271606403799721,1.309067761114706,True,False
757.45,9798,t9798,170,500.0,94,0,1,0.6450278900327331,True,70.03772809243212,1.7627047315614675,True,False
757.53,9799,t9799,300,250.0,46,2,1,0.6664685964241345,False,74.73653839957649,3.042035196719854,False,False
757.59,9800,t9800,270,200.0,76,3,4,0.6399970664015424,True,57.82936246802518,2.6404828788203596,True,False
757.64,9801,t9801,300,250.0,91,10,4,0.6383168352624248,True,60.53067633628816,3.069178650582516,True,False
757.64,9802,t9802,220,700.0,99,7,8,0.6409302750157956,False,123.63571029419215,2.2480911642947454,False,False
757.76,9803,t9803,300,1200.0,67,7,8,0.6375198513336615,False,417.99377904473937,3.0258364751707316,False,False
758.04,9804,t9804,220,150.0,29,3,4,0.6427793068916934,True,27.517908149170918,2.172142103887637,True,False
758.26,9805,t9805,120,75.0,68,1,5,0.6292620427068305,True,10.724915445895517,1.1918081125782751,True,False
758.36,9806,t9806,220,150.0,88,7,2,0.6333059155277979,True,27.353340669658273,2.189354557569377,True,False
758.42,9807,t9807,270,200.0,96,4,10,0.6280761705301688,True,50.80452300246064,2.939750737073383,True,False
758.51,9808,t9808,120,75.0,38,0,10,0.6504907796664012,True,8.52134918749981,1.1439240721659716,True,False
758.53,9810,t9810,300,250.0,87,6,10,0.6416968113582056,True,66.74933252564945,2.840504734973956,True,False
758.53,9809,t9809,80,50.0,34,3,5,0.66149861929222,True,4.793838814926552,0.8118413193600044,True,False
758.57,9811,t9811,220,900.0,91,7,2,0.6360704638839086,False,186.9737487172686,2.13697570674535,False,False
758.61,9812,t9812,300,250.0,93,3,5,0.6638508287245574,True,80.95794558781483,2.91231026844436,True,False
758.72,9813,t9813,270,200.0,48,6,10,0.6442935417977081,False,62.188747806330554,2.477599053191713,False,False
758.87,9814,t9814,170,700.0,77,5,6,0.6345886795580405,False,117.92594560655377,1.6942365241410635,False,False
758.92,9815,t9815,220,900.0,95,3,5,0.6661559939682481,False,160.2128216837805,2.100445315557417,False,False
758.99,9816,t9816,270,200.0,75,1,5,0.6321074685193605,True,43.82461872081815,2.6331165142786848,True,False
759.26,9818,t9818,220,700.0,40,8,1,0.6210383971505844,False,147.37906816010874,2.2408658944049327,False,False
759.39,9819,t9819,170,100.0,45,5,4,0.6495538169815619,True,18.02591846393803,1.5477489676048346,True,False
759.44,9820,t9820,220,700.0,61,6,1,0.6452288008281973,False,157.05236710441048,2.2586035803381614,False,False
759.46,9821,t9821,170,500.0,96,3,4,0.6455059025720413,True,71.00568997162468,1.683504644566434,True,False
759.58,9822,t9822,170,100.0,91,4,6,0.6458809687654011,True,15.103329743258959,1.7345922756922,True,False
759.61,9824,t9824,170,500.0,79,0,10,0.6526735355016446,True,76.07612956468331,1.7383255545301137,True,False
759.64,9825,t9825,120,75.0,37,8,4,0.6465067743093763,True,8.973429349282464,1.249031136549169,True,False
759.68,9826,t9826,270,200.0,87,4,10,0.6309453137862321,False,61.37248900786888,2.8435543231123854,True,False
759.8,9829,t9829,170,100.0,69,4,6,0.648545531208275,True,18.66862753355109,1.8270694019221276,True,False
759.87,9830,t9830,220,700.0,49,3,5,0.662241055907065,False,172.5210558760104,2.4167387512668914,False,False
759.91,9833,t9833,80,50.0,82,2,5,0.6194250950404815,True,3.47410138300401,0.8079859355188621,True,False
759.91,9832,t9832,170,100.0,86,9,5,0.6391028015142645,True,19.562020696967252,1.8298784541956634,True,False
760.03,9834,t9834,120,75.0,84,4,2,0.6404275847504595,True,9.620010790141784,1.3055402621629677,True,False
760.05,9835,t9835,80,50.0,98,3,4,0.6481779663387823,True,3.7437386272020303,0.7765317626382987,True,False
760.27,9836,t9836,220,700.0,30,0,5,0.6427958101724139,False,128.18993678554102,2.14173816171644,False,False
760.34,9837,t9837,80,50.0,90,10,6,0.6283452007261959,True,4.2814270612810095,0.8781417479596837,True,False
760.4,9838,t9838,120,75.0,46,4,8,0.6279366098815545,True,7.9490188069905,1.1417999826096814,True,False
760.45,9839,t9839,300,250.0,20,1,6,0.5928441132580641,False,71.65898260751095,2.9296097426887346,False,False
760.47,9840,t9840,220,150.0,38,10,2,0.6408761835786909,True,35.1252973497355,2.040755779398876,True,False
760.48,9841,t9841,270,200.0,57,5,6,0.6313050877850616,False,58.617438081306986,2.9475134350525516,False,False
760.53,9842,t9842,170,100.0,72,8,2,0.6209369606535873,True,15.505521986131477,1.682526879707084,True,False
760.56,9843,t9843,270,200.0,61,10,6,0.6312089633783388,True,47.462426612043885,2.935352269126348,True,False
760.74,9844,t9844,270,900.0,20,1,8,0.6332724767137017,False,274.5702958322415,2.4858837388433583,False,False
760.76,9845,t9845,170,700.0,54,2,4,0.6507602539512772,False,120.25085863234006,1.6389159556453574,False,False
760.77,9846,t9846,170,100.0,67,8,2,0.6239488881071822,True,14.432256322335654,1.5549393377344596,True,False
760.8,9848,t9848,80,50.0,43,2,4,0.6471532306904335,True,4.302520361574792,0.7885373322085336,True,False
761.18,9849,t9849,220,150.0,71,7,4,0.6430028223850953,True,31.186271845005734,2.1703380321707053,True,False
761.22,9850,t9850,120,75.0,97,2,1,0.6625474063138336,True,8.790625272078799,1.2344872923529249,True,False
761.29,9851,t9851,220,150.0,72,4,2,0.6432012148736321,True,32.651189357830866,2.3562750280976323,True,False
761.34,9852,t9852,120,75.0,89,8,10,0.6357232709691752,False,7.999074443952616,1.2172079294916671,True,False
761.66,9853,t9853,220,700.0,60,5,4,0.6521449224601125,False,135.24966173568032,2.2909391380524005,False,False
761.7,9854,t9854,170,100.0,47,2,5,0.6226187749578537,True,18.314163452670712,1.7471088894322147,True,False
761.72,9855,t9855,80,50.0,53,5,6,0.6280871678475421,True,4.044898698719162,0.7385059745466829,True,False
761.86,9856,t9856,120,75.0,45,2,5,0.6257485812768785,True,10.796216410803193,1.2976934792654158,True,False
761.93,9857,t9857,80,50.0,43,10,4,0.640981165223843,True,4.17312299577022,0.8317917348340486,True,False
762.07,9858,t9858,270,200.0,87,4,8,0.6308085443505901,True,53.95133039810452,2.541082512980051,True,False
762.29,9859,t9859,170,500.0,89,6,1,0.6415808914783,True,85.76550249880704,1.6606870480055944,True,False
762.41,9861,t9861,220,150.0,30,4,2,0.6459193723943413,False,38.87654877476032,2.2241852109333187,False,False
762.48,9862,t9862,270,200.0,66,0,10,0.6548126362201832,True,50.335044252374594,2.595476764715678,True,False
762.53,9863,t9863,220,900.0,31,7,8,0.6341776361251701,False,163.3004763057366,2.3016637943092797,False,False
762.71,9864,t9864,270,200.0,64,8,2,0.6269005770117052,True,61.83226415453806,2.4520303730918545,True,False
762.79,9866,t9866,300,250.0,76,3,4,0.6507965888301884,False,87.53901803274661,2.766304006350003,False,False
762.83,9867,t9867,270,900.0,26,0,1,0.6477095140502602,False,287.85729743125745,2.8055936099228322,False,False
762.85,9868,t9868,270,200.0,33,7,5,0.6329122550516991,False,44.67015213252288,2.6291008392331743,False,False
762.91,9869,t9869,170,100.0,39,8,10,0.6324169873679736,True,13.917398484090572,1.6884216528972327,True,False
762.93,9870,t9870,270,1000.0,59,1,8,0.6297354887178892,False,300.57466695762605,2.6696916494071954,False,False
763.12,9871,t9871,300,1000.0,72,4,8,0.633623040130245,False,305.5199256026303,2.8994379956172662,False,False
763.22,9873,t9873,300,250.0,43,1,5,0.63489598581564,False,60.85070476982203,3.205639900312816,False,False
763.24,9875,t9875,220,900.0,95,7,2,0.6326057212728972,False,211.29383640691813,2.3241034921653347,False,False
763.28,9876,t9876,120,75.0,91,3,5,0.6584044166071055,True,7.69448733918832,1.2576662665583014,True,False
763.33,9877,t9877,170,100.0,25,1,7,0.5916325224405612,False,49.213602641985005,4.58346389892487,False,True
763.42,9878,t9878,220,150.0,46,4,2,0.6424091667646362,True,29.205728259133487,2.0937475127364564,True,False
763.55,9880,t9880,170,100.0,66,0,1,0.6441635055874368,True,14.620080101968101,1.671601142073105,True,False
763.66,9881,t9881,300,250.0,58,9,5,0.6417514121506459,False,64.76670381989558,2.8624810317427136,False,False
763.72,9883,t9883,270,200.0,22,10,4,0.6435922085860328,False,53.937346673726914,2.90707861984467,False,False
763.77,9884,t9884,170,100.0,72,3,5,0.6608185100931452,True,17.451741778643957,1.865001099608269,True,False
763.77,9885,t9885,270,200.0,77,8,2,0.6297932321381378,True,50.462353893311956,2.9487943757077275,True,False
763.99,9886,t9886,80,50.0,62,0,6,0.640870583806206,True,3.5149017745836364,0.7699950754971586,True,False
764.05,9887,t9887,300,250.0,59,0,10,0.6569089549243509,False,84.5899152664927,2.877597029792925,False,False
764.06,9889,t9889,80,50.0,93,0,6,0.6434838387967484,True,4.140510402865409,0.7754695079128684,True,False
764.24,9890,t9890,220,150.0,48,6,8,0.664262639333295,True,33.62218021062378,2.039258048602868,True,False
764.31,9891,t9891,270,200.0,35,1,9,0.5910094300683693,False,129.9236172525183,4.773503740070189,False,True
764.43,9892,t9892,170,100.0,22,1,6,0.5902438976595694,True,19.170995153287215,1.7854496263540383,True,False
764.45,9893,t9893,300,250.0,75,1,8,0.626269240481993,True,65.91183651112017,3.0741799663215796,True,False
764.45,9894,t9894,80,50.0,80,8,4,0.6490073054898554,True,4.284627132709705,0.8740355084162723,True,False
764.52,9895,t9895,220,900.0,49,4,8,0.6302072459943068,False,232.18522013961007,2.057247820531058,False,False
764.54,9896,t9896,170,700.0,45,1,6,0.5938696863730447,False,128.83016623051557,1.58330375247356,False,False
764.62,9898,t9898,220,150.0,35,2,5,0.6288157914695227,True,33.79821207701616,2.1985314787705468,True,False
764.62,9897,t9897,300,250.0,68,10,2,0.6433611214455788,False,71.64126634661564,3.281068508740916,False,False
764.75,9899,t9899,270,200.0,36,1,8,0.6290463172108147,False,54.73397132839704,2.6735642170307345,False,False
764.97,9901,t9901,270,1000.0,32,7,4,0.6457249477555752,False,309.1504089118875,2.6087735982858447,False,False
765.05,9902,t9902,170,100.0,51,1,8,0.6255938524050599,True,13.881563899704418,1.8227185444698195,True,False
765.2,9904,t9904,270,1000.0,66,6,10,0.6406643376284206,False,237.6853214734088,2.779809266669445,False,False
765.3,9906,t9906,300,250.0,45,5,1,0.625976990588521,False,85.85684613752797,3.2944880524285045,False,False
765.78,9909,t9909,270,1000.0,82,10,4,0.6399770310809788,False,283.34216943920705,2.8680665803728167,False,False
765.79,9910,t9910,170,100.0,92,8,10,0.6353508294387958,True,18.713093618973435,1.8498804590866569,True,False
765.97,9912,t9912,80,50.0,78,1,8,0.6283844368954201,True,4.361173845356082,0.8479899666545949,True,False
766.18,9913,t9913,220,700.0,59,6,8,0.666559568364811,False,175.4653473305596,2.04264925005096,False,False
766.33,9915,t9915,170,700.0,59,1,5,0.631454732765994,False,132.457154519111,1.7460174141475693,False,False
766.36,9917,t9917,120,75.0,96,1,5,0.6280823047773406,True,10.760113716263318,1.1061502432218782,True,False
766.49,9918,t9918,270,1000.0,66,10,2,0.6396223605551286,False,288.1648887123594,2.7513781974549123,False,False
766.58,9919,t9919,220,150.0,22,9,4,0.6311536559561819,False,27.3515165471004,2.166000856187414,False,False
766.63,9920,t9920,220,900.0,70,4,10,0.6275830741771741,False,163.56377541358685,2.045657911518412,False,False
766.72,9921,t9921,220,150.0,25,3,5,0.6631843217094641,False,35.812812282756624,1.9953969578920518,False,False
766.77,9922,t9922,300,1200.0,47,6,8,0.6626365588156965,False,391.1360509464224,2.9855581828618134,False,False
766.82,9923,t9923,220,900.0,71,2,5,0.6318216574583141,False,190.62656008369308,2.0231140731005333,False,False
766.91,9924,t9924,120,75.0,88,7,6,0.6321311071612535,True,8.001793784909832,1.112144963724246,True,False
767.16,9926,t9926,220,150.0,79,1,8,0.6311192096959732,True,29.979791757480296,2.2650286733097116,True,False
767.18,9927,t9927,300,1000.0,50,2,5,0.6285934061273296,False,279.0146818629515,2.7925036524048643,False,False
767.38,9928,t9928,170,700.0,87,8,10,0.6382259946682018,False,117.90500898194841,1.7463385385797892,False,False
767.39,9931,t9931,270,1000.0,55,7,4,0.6422186306186456,False,222.8287535274,2.9400453988977198,False,False
767.39,9929,t9929,170,700.0,97,4,8,0.6268597677410873,False,118.386543232294,1.595844180769178,False,False
767.39,9930,t9930,120,75.0,45,7,4,0.6387824398244545,True,9.202912115530305,1.3076953676694751,True,False
767.42,9932,t9932,170,100.0,36,3,6,0.62248665286287,True,18.333297506753716,1.661682169391111,True,False
767.44,9933,t9933,80,50.0,55,7,4,0.6415889728461471,True,3.414888417637242,0.7634293301914437,True,False
767.46,9934,t9934,120,75.0,55,0,1,0.64686241729387,True,9.667577715851872,1.3032516097773947,True,False
767.48,9935,t9935,270,200.0,91,6,8,0.6587920094575644,True,63.21582934058714,2.493733803428022,True,False
767.59,9936,t9936,300,250.0,37,5,6,0.6311076063087732,False,82.4831639957246,3.0364401837674,False,False
767.63,9938,t9938,220,150.0,89,0,10,0.6527893472544353,True,27.670689911419178,2.3766649280480783,True,False
767.63,9937,t9937,80,50.0,90,4,2,0.6451431652475254,True,4.34007506080104,0.8691200709118067,True,False
767.65,9939,t9939,120,75.0,94,6,8,0.661198351086595,True,7.489671921553034,1.2743253717591732,True,False
767.69,9940,t9940,300,250.0,89,6,8,0.6635565658830448,True,63.038022607452206,2.7451117016883293,True,False
767.76,9941,t9941,120,75.0,86,2,1,0.6648786400057388,True,10.24521078260738,1.3198348027451356,True,False
767.77,9942,t9942,220,150.0,40,9,5,0.6381730505742996,True,33.35567055259428,2.3288446195514654,True,False
767.79,9943,t9943,270,200.0,21,1,8,0.6337992870405154,False,48.818744393445186,2.4772724197826403,False,False
767.84,9944,t9944,300,250.0,48,2,5,0.6254297198229649,False,88.35976704192518,3.170170619678859,False,False
768.06,9946,t9946,220,900.0,77,9,2,0.6480075257072089,False,200.8635459623927,2.243155946128231,False,False
768.07,9947,t9947,220,150.0,31,2,4,0.6497923478948067,False,37.432279404877406,2.3994523590223142,False,False
768.09,9948,t9948,270,200.0,20,6,10,0.6371077175425189,False,63.607113630421935,2.449700817525714,False,False
768.18,9950,t9950,220,150.0,57,9,5,0.6408402562294803,True,31.68179311629869,2.3544921899927016,True,False
768.23,9951,t9951,170,100.0,32,5,6,0.6278936360007795,True,14.349497228885419,1.5433061336984506,True,False
768.28,9952,t9952,170,100.0,29,10,4,0.6364341571260259,True,18.243982090217877,1.6008875001300613,True,False
768.49,9953,t9953,120,75.0,75,8,2,0.6326280341620417,True,10.720300090059858,1.201547309326372,True,False
768.52,9954,t9954,270,200.0,26,8,4,0.6514578260467251,False,44.8944032378464,2.5843042026654337,False,False
768.54,9955,t9955,170,100.0,58,2,4,0.6462046827550924,True,20.148506322617493,1.599849830162213,True,False
768.59,9956,t9956,220,150.0,20,6,8,0.6658676163835658,False,31.531225294630122,2.369066536830673,False,False
768.61,9957,t9957,80,50.0,34,0,10,0.654926131737918,True,3.7114018427474535,0.831182326219408,True,False
768.62,9958,t9958,220,150.0,97,3,6,0.6256191016237943,True,36.74746745711401,1.9897622399119756,True,False
768.66,9959,t9959,220,150.0,99,4,1,0.6258235952385828,True,38.06376664793764,2.2060104558870997,True,False
768.79,9960,t9960,80,50.0,78,9,5,0.6434541177715574,True,3.99753022193877,0.8758846207681006,True,False
768.8,9961,t9961,270,200.0,40,6,10,0.6336222298583352,False,55.512978127586784,2.9057880948565793,False,False
768.82,9962,t9962,220,150.0,76,5,1,0.6227141174434172,True,26.77468021323905,2.089615911876264,True,False
768.83,9963,t9963,120,75.0,88,5,4,0.648510205829092,True,8.47524483201133,1.2945318091565565,True,False
768.88,9964,t9964,270,200.0,54,6,1,0.6441799403154008,False,61.898227346042205,2.494553858215236,False,False
769.07,9965,t9965,300,1200.0,34,6,10,0.6302064519278351,False,366.10508075606333,2.7732081424403905,False,False
769.09,9966,t9966,120,75.0,85,5,1,0.6256905017612155,True,8.920497576890233,1.222604527609286,True,False
769.24,9967,t9967,80,50.0,71,8,2,0.6354061401454675,True,3.520146983589557,0.8795358155339816,True,False
769.31,9968,t9968,270,200.0,62,0,10,0.6570201805317311,True,57.596356943281926,2.6140403429093193,True,False
769.32,9969,t9969,270,1000.0,70,8,10,0.6348696565930195,False,221.68232328624546,2.731283713566154,False,False
769.46,9970,t9970,80,50.0,45,6,10,0.6268589895559451,True,4.272645005808968,0.7879817930760797,True,False
769.47,9971,t9971,170,100.0,37,2,5,0.6223293072446874,True,14.820282534944948,1.7875805533194153,True,False
769.53,9972,t9972,300,250.0,91,7,6,0.6350706668362104,True,78.19686860292698,2.9528531642130544,True,False
769.6,9973,t9973,170,100.0,83,7,6,0.637951435317668,True,19.80510667538281,1.5923469057184627,True,False
769.68,9974,t9974,80,50.0,50,3,6,0.6286889014095003,True,3.2669878363824876,0.8522474743978559,True,False
769.69,9975,t9975,270,200.0,63,4,1,0.6288893051519929,False,64.62086468942142,2.7324808566676886,False,False
769.72,9976,t9976,220,900.0,24,0,6,0.6460448286874801,False,223.12825858394066,2.1605145881676653,False,False
769.85,9979,t9979,170,100.0,22,9,2,0.6441758367315262,True,15.822316929296045,1.8178213876668106,True,False
769.85,9978,t9978,80,50.0,96,8,4,0.6476853361924572,True,3.932602603758757,0.8420103074421906,True,False
769.88,9980,t9980,300,250.0,50,4,6,0.6511568024022912,False,73.26093024188258,3.1565913990263086,False,False
769.92,9981,t9981,270,200.0,48,6,10,0.6297524764314929,False,55.572986018032374,2.7675287119461753,False,False
770.08,9982,t9982,270,200.0,76,0,10,0.6590723483496679,True,53.51282202770429,2.477568109092677,True,False
770.27,9983,t9983,270,200.0,86,4,6,0.6475418481724272,True,54.42195127350301,2.5239873421461834,True,False
770.35,9985,t9985,270,200.0,77,10,2,0.6359583748824877,True,49.737258311650635,2.675578261608409,True,False
770.51,9987,t9987,220,700.0,72,10,4,0.639136140650172,False,167.00713050006857,2.109101722965983,False,False
770.57,9988,t9988,80,50.0,32,0,6,0.6423805987803972,True,3.7804304720248374,0.8770406278207908,True,False
770.6,9990,t9990,300,250.0,92,5,1,0.6286073583926579,True,80.65579524525225,3.270057600379446,True,False
770.75,9992,t9992,120,75.0,55,8,10,0.631580445279341,True,9.702989107024202,1.1480832385532664,True,False
770.99,9993,t9993,300,1200.0,99,7,4,0.6443393752074061,False,327.20826896701,3.1220500976385566,False,False
771.04,9994,t9994,220,900.0,49,6,8,0.6619584458740763,False,196.82921175765486,2.3938074038058987,False,False
771.05,9995,t9995,80,50.0,86,0,10,0.661083472811246,True,4.174959281174345,0.8781204412839471,True,False
771.12,9997,t9997,270,200.0,68,10,4,0.6356100845038353,True,49.681135158163904,2.9064115923057927,True,False
771.19,9999,t9999,80,50.0,58,7,10,0.6315705770711117,True,4.153528644170916,0.7217072097886956,True,False
771.21,10000,t10000,270,900.0,45,5,1,0.6314658778914713,False,287.4829510925466,2.6019252364382988,False,False
771.45,10003,t10003,270,200.0,90,2,5,0.6254649029179754,True,57.64881460605553,2.4544040754808734,True,False
771.52,10004,t10004,170,100.0,43,5,6,0.6309179450989457,True,19.47038157625226,1.5931484623734635,True,False
771.73,10005,t10005,120,75.0,81,5,1,0.6280932270003087,True,7.636077167185011,1.3021500338739462,True,False
771.75,10006,t10006,300,250.0,81,4,1,0.6257197008671349,False,85.84002891478069,2.7329991801002764,False,False
771.83,10007,t10007,270,200.0,93,9,5,0.6460157020827929,True,44.39341314828704,2.492456423446615,True,False
771.85,10008,t10008,170,500.0,46,2,4,0.6488627709181723,False,97.60119865810199,1.5743899413708664,False,False
771.89,10009,t10009,170,100.0,74,0,6,0.6449636534714559,True,15.314979354217192,1.5835182996181516,True,False
772.07,10010,t10010,120,75.0,91,0,10,0.6630543747835924,True,8.139968242506757,1.1841564486077703,True,False
772.12,10012,t10012,270,900.0,79,1,6,0.5912489593122505,False,277.58062412180414,2.431137196447761,False,False
772.22,10013,t10013,270,200.0,55,7,6,0.6407745884294964,False,64.52316173819756,2.6154880238812024,False,False
772.24,10014,t10014,80,50.0,23,5,4,0.6511221835306921,False,3.950947217549522,0.8761384177391757,True,False
772.44,10017,t10017,170,500.0,30,8,2,0.6381286840092248,False,97.247791499739,1.6398380254195775,False,False
772.5,10018,t10018,300,250.0,40,9,10,0.6310285265469042,False,63.344225345288166,3.1329795526624586,False,False
772.96,10020,t10020,270,1000.0,48,0,6,0.6474950470686935,False,289.9482436397874,2.9263429214715773,False,False
772.97,10021,t10021,170,100.0,31,7,6,0.6373672784790884,True,16.304174374097823,1.643566778193847,True,False
773.0,10022,t10022,270,1000.0,20,3,6,0.6316973051994921,False,246.84713026272627,2.5157386136746593,False,False
773.04,10023,t10023,270,900.0,64,4,6,0.6501731930271605,False,290.0516548626604,2.5681551209629996,False,False
773.1,10024,t10024,120,75.0,91,10,4,0.6383285494804253,True,9.298097439528592,1.3076662730474675,True,False
773.24,10025,t10025,120,75.0,58,6,1,0.6405530081757594,True,9.396099665911796,1.2897854697653317,True,False
773.26,10027,t10027,270,200.0,48,4,2,0.6478224837607567,False,49.21496805573546,2.616650443127619,False,False
773.29,10028,t10028,270,1000.0,41,0,10,0.6649858587164921,False,294.32792026580006,2.689094381085522,False,False
773.42,10029,t10029,120,75.0,32,9,5,0.6485260547078037,True,10.166026783158795,1.1080703364529683,True,False
773.79,10030,t10030,170,100.0,34,9,5,0.6509862002803143,True,19.313365102459517,1.7639870257224692,True,False
773.82,10031,t10031,80,50.0,44,10,2,0.6385416689232994,True,3.853851739704384,0.8040374510632236,True,False
773.83,10032,t10032,300,1200.0,74,6,10,0.6264140935695297,False,312.0581702933324,2.980864645554222,False,False
773.87,10033,t10033,220,150.0,81,1,8,0.6302517628381665,True,29.938305304810434,2.2326629288804916,True,False
773.89,10034,t10034,220,900.0,38,6,1,0.6431726146789108,False,233.50801532280866,2.4048994041396208,False,False
774.04,10035,t10035,270,200.0,31,6,1,0.6395658290519993,False,52.97924291215313,2.860771775102726,False,False
774.08,10036,t10036,270,200.0,96,3,4,0.6471888388717665,True,53.10151635331556,2.7146081079570465,True,False
774.12,10037,t10037,170,100.0,24,10,4,0.6409926451574833,True,15.848336961924893,1.8133589045939646,True,False
774.49,10038,t10038,120,75.0,66,0,6,0.6438018127939863,True,7.705540053845198,1.1978420879299614,True,False
774.55,10039,t10039,80,50.0,59,6,10,0.6231424783648057,True,3.59199950714224,0.8569192561170189,True,False
774.65,10041,t10041,220,700.0,26,1,8,0.6329491891198649,False,155.74157906467786,2.243909542983307,False,False
774.76,10042,t10042,270,900.0,61,1,8,0.629418666875929,False,226.09954441039287,2.910378711244886,False,False
774.79,10043,t10043,300,250.0,35,0,6,0.6463564432047733,False,86.2327214277464,3.0909328179119293,False,False
774.82,10044,t10044,270,200.0,36,8,10,0.634531018191936,False,57.75105002702901,2.939047915476699,False,False
774.87,10045,t10045,170,100.0,24,1,5,0.6309513253484605,True,17.49827432716039,1.6889566377629288,True,False
774.96,10046,t10046,270,200.0,42,0,6,0.6426859810073445,False,45.129978448760134,2.814920429977553,False,False
775.26,10050,t10050,270,900.0,90,5,4,0.64750792167826,False,234.79635981446606,2.4832993389967823,False,False
775.43,10051,t10051,170,100.0,34,10,6,0.6340154507774386,True,17.284918807498983,1.8234503263468698,True,False
775.51,10052,t10052,120,75.0,34,7,10,0.6345213473478714,True,7.512231174938873,1.2161889337066405,True,False
775.9,10053,t10053,300,250.0,51,8,4,0.6501622961352748,False,86.89896833229047,3.2848268971411514,False,False
775.91,10054,t10054,120,75.0,89,8,10,0.6312485796462791,True,8.851775554477003,1.3060543510439988,True,False
775.99,10056,t10056,220,150.0,34,6,10,0.6261102954641763,False,35.237690134045735,2.095514528822656,False,False
776.04,10057,t10057,300,1200.0,76,10,2,0.6410732970832951,False,376.7174877617468,2.754233305739205,False,False
776.15,10058,t10058,220,150.0,98,3,6,0.6284715409136841,True,28.967736289026575,2.3739456773953136,True,False
776.15,10059,t10059,300,1000.0,70,1,8,0.6259587550768719,False,266.31933178816394,2.8826543608653585,False,False
776.4,10060,t10060,300,1200.0,87,1,5,0.6337629655081579,False,338.9534219446665,3.13499773779396,False,False
776.57,10061,t10061,300,250.0,76,8,10,0.6342057898715353,False,79.31802146618332,3.0679699647367946,False,False
776.59,10062,t10062,300,250.0,51,6,10,0.6228447562215594,False,74.39975319738593,2.8656356352610866,False,False
776.61,10063,t10063,220,900.0,77,9,2,0.6465947815353572,False,160.3273994653452,2.2072669766257724,False,False
776.63,10064,t10064,300,250.0,29,10,2,0.6373802926800907,False,66.24174805924794,2.972221835712086,False,False
776.69,10065,t10065,170,500.0,40,8,10,0.6309298558922865,False,71.1255362547593,1.748925434636199,False,False
776.69,10066,t10066,300,250.0,71,2,1,0.6671632490238059,True,70.67399119182937,3.278465200566762,True,False
776.86,10067,t10067,170,500.0,67,10,6,0.6367658084285565,False,79.28094958618391,1.787153673194905,False,False
776.88,10068,t10068,120,75.0,36,6,8,0.6581274587747766,True,9.58985474655359,1.2240764530497132,True,False
776.89,10069,t10069,120,75.0,74,9,5,0.6533971429413746,True,7.255892071843564,1.1248413208666717,True,False
776.92,10070,t10070,270,1000.0,45,2,5,0.6285377866777978,False,305.6429197799559,2.8567050108710785,False,False
776.93,10071,t10071,170,100.0,22,8,2,0.634622776995707,True,16.409246476314877,1.6800536467762885,True,False
777.02,10072,t10072,300,250.0,78,7,4,0.6408607695214398,False,82.91222534331658,3.262818026471546,False,False
777.07,10073,t10073,170,100.0,69,9,5,0.6557598667492138,True,20.382965176638965,1.6315962150017889,True,False
777.09,10074,t10074,270,900.0,21,4,5,0.6253174022395332,False,203.65341977281767,2.812435623164588,False,False
777.19,10075,t10075,120,75.0,80,4,2,0.6442742159037234,False,7.649009277806337,1.1887025588864222,True,False
777.31,10076,t10076,270,200.0,31,6,10,0.6196445277637949,False,56.331410096445616,2.9083138378584468,False,False
777.37,10077,t10077,170,700.0,39,9,5,0.6580753360808963,False,111.54081073580542,1.6288204526965342,False,False
777.4,10078,t10078,170,100.0,38,10,6,0.633287158926652,True,14.709861086326562,1.823775735282589,True,False
777.4,10079,t10079,170,500.0,87,5,6,0.6338817680151486,True,79.37816152635926,1.718002632923473,True,False
777.42,10080,t10080,220,150.0,76,1,3,0.5888524597663749,False,111.82263210056476,6.214698282276439,False,True
777.5,10081,t10081,120,75.0,28,10,2,0.6337611483649503,True,10.107915372351126,1.11225251196432,True,False
777.61,10082,t10082,300,1000.0,53,8,10,0.6277194405926225,False,279.19828940479994,3.1573811886370846,False,False
777.62,10083,t10083,170,100.0,23,10,2,0.6363883869361129,True,18.988579793085,1.5404061661761057,True,False
777.76,10084,t10084,80,50.0,80,5,4,0.6439659450628766,True,4.719448318152354,0.8395051038554171,True,False
777.91,10085,t10085,80,50.0,55,3,5,0.6593288170934567,True,4.398713432917385,0.7651305874915721,True,False
777.97,10086,t10086,220,700.0,74,8,2,0.6373609881224594,False,182.49413930713948,2.211150050276547,False,False
778.14,10087,t10087,170,500.0,29,5,6,0.6367863144730275,False,84.09240372203041,1.8035868411493585,False,False
778.19,10088,t10088,300,250.0,34,8,2,0.633870435026677,False,87.27597367040546,2.8841105995702785,False,False
778.26,10089,t10089,270,200.0,44,8,10,0.6245732335989519,False,57.384808747939566,2.718153208577348,False,False
778.28,10090,t10090,120,75.0,86,2,4,0.6452936973179907,True,7.500589389684947,1.0943400402551846,True,False
778.34,10092,t10092,80,50.0,27,0,1,0.6495073507661743,True,3.3185561683883424,0.8051998095973163,True,False
778.34,10091,t10091,80,50.0,25,6,8,0.6605470914174628,True,4.455104050566482,0.8114687375108552,True,False
778.52,10094,t10094,170,700.0,58,4,2,0.6407969134038307,False,103.8573225922668,1.7511030614788017,False,False
778.65,10095,t10095,170,100.0,42,1,5,0.6303443728646615,True,14.87245469830161,1.8098287989895359,True,False
778.66,10096,t10096,300,250.0,41,6,8,0.6629183314072954,False,86.4612411130519,3.247050938726316,False,False
778.67,10097,t10097,220,900.0,43,9,2,0.6427913474431115,False,171.32486699725143,2.416561317787447,False,False
778.69,10098,t10098,220,150.0,66,1,5,0.6331681520740349,True,37.18873038927911,2.1941264154586184,True,False
778.74,10099,t10099,270,900.0,38,9,5,0.654170496025945,False,220.46271853590747,2.601496876508975,False,False
779.01,10100,t10100,80,50.0,83,4,2,0.6373891569539359,True,3.499598139806697,0.8117715130455772,True,False
779.11,10101,t10101,220,900.0,74,8,2,0.6304496929928102,False,193.77566700831468,2.2440902072848994,False,False
779.2,10102,t10102,270,200.0,75,9,5,0.6503437527720927,True,47.89872527940471,2.908354987238724,True,False
779.21,10103,t10103,80,50.0,36,3,5,0.6617244225697693,True,3.268301079381597,0.8765769133411834,True,False
779.27,10104,t10104,300,1200.0,58,0,10,0.6607047129707335,False,397.64732865661006,3.0340799857799396,False,False
779.51,10105,t10105,270,1000.0,48,6,10,0.6165083038751856,False,314.84094846375694,2.5065786871016704,False,False
779.91,10107,t10107,120,75.0,21,10,2,0.6389630807358522,True,8.011457203373691,1.1190026068791612,True,False
780.02,10108,t10108,220,150.0,34,8,4,0.6464157168792358,True,33.426274797708395,2.2507883646604245,True,False
780.05,10109,t10109,220,150.0,94,2,5,0.6253752127624236,True,32.31372611129353,2.3065233501072657,True,False
780.07,10110,t10110,220,150.0,51,0,1,0.6520993855690327,True,39.25475843516017,2.0257765463434976,True,False
780.11,10111,t10111,120,75.0,52,5,4,0.646668807979801,True,8.678550781078487,1.2526890190935158,True,False
780.16,10113,t10113,300,250.0,63,0,4,0.6403704491401622,False,85.0737705890567,2.8265197233536865,False,False
780.16,10114,t10114,220,150.0,67,8,2,0.6270973657996205,True,27.439360716337365,2.226924048753693,True,False
780.17,10115,t10115,120,75.0,96,2,4,0.6479700051898126,True,10.37691994787423,1.292757761112042,True,False
780.29,10116,t10116,300,250.0,75,7,6,0.6402021147276883,False,75.91242699089388,2.8305367131919383,False,False
780.36,10118,t10118,170,100.0,26,9,6,0.6303410227824199,True,15.880527579583164,1.842116052965617,True,False
780.36,10117,t10117,300,1200.0,69,5,6,0.6334587700017488,False,291.63144152181127,3.190828855465576,False,False
780.38,10119,t10119,220,900.0,56,10,4,0.6436034589210003,False,189.69610012532672,2.235618422860846,False,False
780.44,10120,t10120,80,50.0,32,4,6,0.6465779109847991,True,4.755847244660273,0.7211507826917837,True,False
780.46,10121,t10121,120,75.0,93,2,5,0.6284498903253569,True,8.91499488884039,1.162675670087946,True,False
780.55,10122,t10122,270,200.0,82,1,6,0.5886806467926722,True,54.17979603028289,2.664721704937653,True,False
780.72,10124,t10124,220,150.0,55,9,5,0.6527675443833175,True,38.598501782222556,2.29572416801011,True,False
780.76,10125,t10125,120,75.0,43,2,5,0.6314630743370316,True,7.644089025087295,1.2535026033771635,True,False
780.77,10126,t10126,300,250.0,44,1,6,0.5923377005234853,False,83.97365616528128,3.0893988990629913,False,False
780.78,10127,t10127,270,200.0,26,7,4,0.6374517359491928,False,44.423918586972185,2.9425922889933815,False,False
780.81,10128,t10128,300,250.0,32,1,8,0.6225680415137962,False,77.025067450322,3.1362112786379024,False,False
780.81,10129,t10129,270,200.0,71,10,6,0.6360520824147856,True,48.98255332601275,2.8075338426952325,True,False
780.85,10130,t10130,170,500.0,64,8,2,0.6299860851502949,False,96.46594449465987,1.677125735033768,False,False
780.86,10131,t10131,120,75.0,63,2,5,0.6344159946684728,True,8.64610146444311,1.1128386229958207,True,False
780.94,10132,t10132,300,250.0,55,2,4,0.6505927869041982,False,74.10908969473029,2.774667009085735,False,False
780.97,10133,t10133,300,250.0,20,2,1,0.6694021658615116,False,76.2345444719593,2.9626012423246317,False,False
781.14,10134,t10134,270,200.0,34,5,1,0.6309620291269691,False,54.068084042724244,2.4579148115740677,False,False
781.19,10135,t10135,220,150.0,73,3,5,0.6640721159365558,True,39.07686019047111,2.2316601134274596,True,False
781.43,10137,t10137,270,900.0,37,2,1,0.6654223043624631,False,262.8708713563816,2.855753987392399,False,False
781.45,10138,t10138,220,150.0,92,8,2,0.6266430301139556,True,28.29930867203572,2.198887165386715,True,False
781.5,10139,t10139,120,75.0,60,2,1,0.6615220400933957,True,8.423106042249561,1.2729057748916064,True,False
781.62,10141,t10141,80,50.0,72,0,10,0.6565091901398903,True,3.9254120089730855,0.8235452266014516,True,False
781.62,10140,t10140,220,150.0,88,2,1,0.6638737811097096,True,30.15688653126995,2.2597735495688687,True,False
781.65,10142,t10142,80,50.0,20,6,10,0.6134348044643486,True,3.8608020286524356,0.8191158491831108,True,False
781.67,10143,t10143,300,250.0,76,10,4,0.639988056409247,False,78.22266182264867,3.196900166953426,False,False
781.74,10144,t10144,220,150.0,54,2,5,0.6373098565932852,True,27.340599527974273,2.3124350017598925,True,False
781.78,10145,t10145,170,100.0,24,0,2,0.6400092507353633,True,16.12285927472455,1.8416822657640135,True,False
781.86,10146,t10146,300,250.0,82,9,6,0.6333163841449533,True,80.5762470576924,2.8712372289041186,True,False
782.04,10148,t10148,80,50.0,99,5,1,0.6275994552110964,True,4.615389564050362,0.8695299728412632,True,False
782.04,10149,t10149,220,150.0,90,9,6,0.6362322382802361,True,29.414815812857245,2.0168282481375726,True,False
782.33,10151,t10151,120,75.0,34,0,1,0.6546395796758339,True,9.725055509907495,1.123430990538692,True,False
782.35,10152,t10152,170,100.0,27,7,4,0.6341108830483907,True,16.3643261502132,1.5302407217138678,True,False
782.41,10153,t10153,270,1000.0,32,8,4,0.6489180692083177,False,238.538256356006,2.7132609816600564,False,False
782.51,10154,t10154,270,1000.0,65,5,4,0.6493176136383867,False,237.45315634044064,2.8072105460125765,False,False
782.61,10156,t10156,120,75.0,64,0,1,0.657128969900499,True,8.47964780927915,1.2010906540967519,True,False
782.61,10155,t10155,300,1000.0,78,2,5,0.6401458412796013,False,344.4648344609003,2.7750613846095358,False,False
782.62,10158,t10158,300,250.0,70,3,6,0.6314842919135922,False,77.58627336381748,3.2780696583548923,False,False
782.62,10157,t10157,220,150.0,55,10,4,0.6364449619477288,True,28.405911874718488,2.2350150849029378,True,False
782.67,10159,t10159,300,250.0,75,0,2,0.6427912475388379,True,67.31606357405177,2.9714846489690907,True,False
782.81,10162,t10162,270,200.0,84,8,2,0.6295408361783431,True,61.05700245956612,2.851033394920782,True,False
782.87,10163,t10163,120,75.0,32,3,5,0.6663728554360066,True,9.839420630569148,1.1741677261342132,True,False
782.93,10164,t10164,270,200.0,66,9,6,0.6390897753328132,True,55.67449820884304,2.7251508636209163,True,False
783.02,10165,t10165,270,200.0,90,6,10,0.6165967750417283,True,60.748304844643435,2.5445596700096513,True,False
783.11,10166,t10166,170,100.0,88,2,5,0.636751106272191,True,15.529232185497614,1.6124127486939557,True,False
783.39,10168,t10168,170,500.0,34,0,10,0.658571577765664,False,80.97098756878222,1.5450876346267062,False,False
783.69,10170,t10170,170,100.0,69,8,4,0.6451963744908181,True,19.788777186904564,1.6769612604481314,True,False
783.72,10171,t10171,170,100.0,52,10,6,0.6387617074331565,True,19.808467662602272,1.623342188377099,True,False
783.86,10172,t10172,300,250.0,72,6,8,0.6590681465973313,True,65.36849316961576,2.994389328894576,True,False
784.03,10175,t10175,300,250.0,48,2,1,0.6661784873056972,False,70.05914951834444,2.9839725563848507,False,False
784.11,10178,t10178,170,700.0,70,8,2,0.6323806861214429,False,140.89393473566673,1.8633085006903043,False,False
784.17,10179,t10179,170,700.0,73,8,4,0.6477231136676684,False,109.04369974767985,1.8468417336259464,False,False
784.26,10180,t10180,220,150.0,94,6,8,0.6614689654835665,True,32.49709677657044,2.1688758593533217,True,False
784.3,10182,t10182,170,100.0,89,6,1,0.636031179137626,True,18.76826398218709,1.6076101706609327,True,False
784.32,10184,t10184,300,1000.0,59,1,6,0.5897476131796823,False,292.0126622779324,3.065325109237788,False,False
784.32,10183,t10183,80,50.0,25,8,2,0.6289897390656808,True,4.335469598966468,0.7805586185984668,True,False
784.6,10186,t10186,270,900.0,47,9,2,0.6390639820327109,False,256.16681538955567,2.9062482401527325,False,False
784.79,10187,t10187,220,150.0,55,3,5,0.6686275801454682,True,29.442859321072277,2.3297148339849354,True,False
784.95,10189,t10189,300,250.0,25,7,10,0.6374131022190958,False,62.78747561355097,3.1005857475163285,False,False
784.96,10190,t10190,220,900.0,74,7,4,0.6370108472056047,False,205.65011032613432,2.071224278294496,False,False
785.0,10191,t10191,80,50.0,72,3,5,0.6708372103607406,True,4.63695818728974,0.8301180246715071,True,False
785.0,10192,t10192,300,250.0,71,7,10,0.6340730219928956,True,67.26159315271198,3.076904473368333,True,False
785.06,10193,t10193,270,900.0,91,2,4,0.6469891129842961,False,247.48164863014378,2.8786779084333443,False,False
785.07,10194,t10194,300,250.0,85,0,1,0.6595685723206708,False,81.83986672064519,3.1819485035751383,True,False
785.13,10195,t10195,80,50.0,81,6,1,0.6387412222215402,True,3.7838100122079794,0.7436236160676697,True,False
785.14,10197,t10197,170,700.0,94,0,1,0.6557853826924392,False,114.11000405221368,1.7853647503112016,False,False
785.14,10196,t10196,80,50.0,55,7,4,0.6336788120796745,True,3.823289756948777,0.8370719646076415,True,False
785.16,10198,t10198,120,75.0,75,5,6,0.6301977764198955,True,10.426674230103943,1.2602491089107457,True,False
785.34,10199,t10199,80,50.0,84,7,6,0.6368062542513164,True,3.989707220698901,0.796309747820932,True,False
785.36,10200,t10200,220,150.0,52,10,2,0.6414862806595967,True,26.45308576675168,2.294942762032168,True,False
785.47,10201,t10201,170,100.0,39,6,10,0.6196955062075603,True,19.833127056156652,1.6443692441566322,True,False
785.57,10202,t10202,220,900.0,33,3,5,0.6730026479717076,False,233.37674790325485,2.18134011170846,False,False
785.59,10203,t10203,170,700.0,34,7,10,0.6369737433712196,False,121.77865406692143,1.641394907065698,False,False
785.65,10206,t10206,300,250.0,70,5,4,0.6457394431838007,True,60.55372537643041,2.9551077055442807,True,False
785.71,10207,t10207,120,75.0,26,5,4,0.6484068361383065,True,10.037024366985928,1.1743521844957132,True,False
785.72,10208,t10208,120,75.0,24,2,5,0.6395982659649291,True,9.255251959837086,1.1113405635817224,True,False
785.8,10210,t10210,300,250.0,45,0,2,0.645517604406243,False,89.35350695483935,2.8593804299489234,False,False
785.81,10211,t10211,80,50.0,76,1,8,0.6192451422219818,True,3.39695540113946,0.7551788522537388,True,False
785.83,10212,t10212,270,1000.0,96,2,4,0.643457512542792,False,289.11578604434084,2.6535102220096043,False,False
785.85,10213,t10213,170,100.0,40,3,6,0.6282627878935022,True,19.619082425618032,1.5809382666219252,True,False
785.98,10214,t10214,270,200.0,53,4,2,0.640223555633039,True,44.28003435213435,2.739224248894543,True,False
785.99,10215,t10215,220,150.0,51,3,5,0.6689507768304553,True,29.112660469263343,2.0686571818382857,True,False
786.54,10216,t10216,120,75.0,50,3,6,0.631279713953814,True,7.973443187638658,1.264990293146107,True,False
786.59,10217,t10217,170,100.0,42,8,2,0.6318406109510338,True,16.33008939698821,1.5457261210946012,True,False
786.74,10218,t10218,300,1000.0,93,0,10,0.6544187176389221,False,341.13101599027516,3.224310501004186,False,False
786.75,10219,t10219,170,100.0,84,8,10,0.6214899507451547,True,14.454928644975395,1.690610077648936,True,False
786.77,10220,t10220,270,900.0,83,4,10,0.6242880793602973,False,254.858652046681,2.738537458714035,False,False
786.79,10221,t10221,220,150.0,60,3,5,0.671153943112028,True,28.67708394588534,1.998112263696215,True,False
786.82,10223,t10223,270,200.0,75,8,10,0.6246423335484335,True,55.40039738376802,2.7785843710658527,True,False
786.91,10224,t10224,170,500.0,48,9,5,0.6551428601623178,False,87.95583652886708,1.6814829832355247,False,False
787.03,10226,t10226,220,150.0,43,1,8,0.6221627009160036,True,37.37559347048209,2.1257502971604683,True,False
787.2,10228,t10228,170,100.0,47,9,6,0.6418901616443388,True,17.89202944327834,1.5608303872832978,True,False
787.24,10229,t10229,270,200.0,60,10,6,0.6414171399511601,False,61.39176507190865,2.8346840477205064,False,False
787.47,10234,t10234,270,200.0,46,7,10,0.633642450321977,False,53.366845595807554,2.8302027514683177,False,False
787.5,10235,t10235,80,50.0,87,6,1,0.641397064443776,True,4.639335317547978,0.771658809275808,True,False
787.52,10236,t10236,80,50.0,54,2,5,0.6423884824638123,True,3.2439726847450867,0.7813579377666567,True,False
787.53,10237,t10237,170,100.0,88,5,6,0.6331760027096794,True,14.30075706804283,1.702612464601915,True,False
787.63,10239,t10239,270,200.0,65,0,1,0.6520778568567722,True,61.165276658416055,2.5474583166064253,True,False
787.65,10240,t10240,120,75.0,54,5,4,0.6510208812337223,True,8.650703560570335,1.0959651529090977,True,False
787.71,10241,t10241,270,200.0,72,1,5,0.6359354556992208,True,58.848838340260656,2.86075175337445,True,False
787.73,10242,t10242,300,250.0,41,8,10,0.6277316686956466,False,79.98203825042441,3.1985917320517694,False,False
787.79,10243,t10243,270,900.0,97,4,8,0.6235792390529321,False,219.16348930728236,2.9202280730553736,False,False
787.85,10244,t10244,120,75.0,50,1,5,0.6386474132519031,True,9.489970900333493,1.2361789915668433,True,False
787.85,10245,t10245,300,1200.0,95,7,4,0.6365874176562628,False,321.7608092889589,2.9611130122610008,False,False
788.21,10249,t10249,120,75.0,51,5,4,0.6535826454272297,True,7.572272323782805,1.1680251926729617,True,False
788.24,10251,t10251,270,200.0,88,3,6,0.6342363014929195,True,45.653435094411286,2.4984949679741044,True,False
788.37,10252,t10252,270,900.0,39,9,2,0.6354111639305182,False,274.70656109490307,2.594895636864299,False,False
788.43,10254,t10254,220,150.0,60,9,6,0.6446345402296337,False,30.142196969919297,2.1593731131141762,True,False
788.62,10255,t10255,170,100.0,44,8,4,0.6440253180609817,True,15.448061007697884,1.7098957965788906,True,False
788.66,10256,t10256,300,1000.0,63,9,5,0.6512966696257382,False,300.3816744792598,3.208428581928229,False,False
788.76,10258,t10258,220,700.0,38,4,2,0.6430012663385601,False,172.87161741858733,2.1296095448182193,False,False
788.85,10259,t10259,170,500.0,47,3,6,0.637133757281243,False,70.59136181616985,1.8244613263437084,False,False
788.92,10260,t10260,220,700.0,94,5,1,0.6304781327735411,False,123.69034475042719,2.2884355431096965,False,False
788.95,10261,t10261,170,100.0,85,4,2,0.6395494228299706,True,13.794424362957084,1.6938948583743285,True,False
789.16,10263,t10263,170,100.0,71,7,4,0.6332638511213193,True,17.776619588568153,1.7923048657634086,True,False
789.27,10264,t10264,270,200.0,35,2,1,0.6622630993777651,False,57.43208704103433,2.84271597090473,False,False
789.3,10265,t10265,170,100.0,49,10,2,0.6439590165848663,True,16.219073825317807,1.5690666143363627,True,False
789.36,10266,t10266,220,150.0,98,7,4,0.6361807559170748,True,38.39529112950612,2.354797478277092,True,False
789.62,10270,t10270,300,250.0,63,5,1,0.627125236784737,False,73.61378159926385,3.2776456861862497,False,False
789.62,10269,t10269,170,100.0,20,1,8,0.625021908436145,True,18.43118996961708,1.5759777363313,True,False
789.64,10271,t10271,170,100.0,98,4,1,0.6226134886679741,True,18.327058197380033,1.7616699825605664,True,False
789.92,10272,t10272,220,150.0,47,4,2,0.6423406161915531,True,36.51517173359918,2.3390419673112897,True,False
790.18,10274,t10274,120,75.0,78,1,5,0.6413051316535318,True,7.541751633301321,1.2823802677548235,True,False
790.2,10275,t10275,170,100.0,84,7,6,0.639652310984472,True,16.690216371737442,1.7212585729442456,True,False
790.23,10277,t10277,120,75.0,40,1,8,0.6278239318058838,True,9.577409993419323,1.2099529384034169,True,False
790.32,10278,t10278,220,150.0,95,5,4,0.6560931743368669,True,28.57979915148735,2.165674219051363,True,False
790.37,10279,t10279,300,250.0,22,8,2,0.6346344653986798,False,66.65876999183146,2.891282601769842,False,False
790.41,10280,t10280,170,100.0,81,2,5,0.6451228946327179,True,15.282543864358546,1.7445505897319213,True,False
790.49,10282,t10282,300,250.0,62,9,5,0.6475274028998901,False,88.77464623475002,2.9523187213274156,False,False
790.5,10283,t10283,270,200.0,44,2,1,0.6584260192083916,False,55.94950429978724,2.8005685941682916,False,False
790.71,10284,t10284,170,100.0,62,7,6,0.6424414465829643,True,13.823932405017642,1.6221213711928018,True,False
790.73,10285,t10285,300,1200.0,57,5,1,0.6238393987157089,False,398.3860669484393,2.827020602412943,False,False
790.85,10286,t10286,220,900.0,95,2,5,0.6478026185582454,False,227.46538201088023,2.105851516212868,False,False
791.16,10287,t10287,120,75.0,43,1,5,0.6439096956871277,True,9.541826730670321,1.2510206129261268,True,False
791.18,10288,t10288,220,150.0,90,4,1,0.6257434007127964,True,27.544128738643757,2.0527637029650148,True,False
791.3,10289,t10289,80,50.0,30,5,1,0.6206192774080613,True,3.910089151299961,0.7340413356858893,True,False
791.36,10290,t10290,170,100.0,75,9,2,0.6318314021903695,True,20.114943069200258,1.5522458712134772,True,False
791.45,10291,t10291,80,50.0,30,3,4,0.649827243912513,True,4.54590994392306,0.7701530214606351,True,False
791.51,10292,t10292,120,75.0,49,10,2,0.6463822977916305,False,10.069123493304055,1.2219903751871193,True,False
791.52,10293,t10293,220,150.0,50,1,8,0.6305699147082275,True,36.493424231354254,2.1989046745163585,True,False
791.61,10294,t10294,80,50.0,72,5,6,0.6360946644736677,True,3.305540190980532,0.7872646958715858,True,False
791.68,10295,t10295,170,700.0,63,6,10,0.6227322627500759,False,127.14912892842786,1.6404723276104785,False,False
791.7,10296,t10296,300,250.0,51,5,4,0.6585534926683113,False,76.58101469026211,3.1527436192128535,False,False
791.78,10297,t10297,270,1000.0,74,6,8,0.6638217679920769,False,266.9896243772073,2.7077180860709182,False,False
791.79,10298,t10298,300,1200.0,28,0,1,0.6546184815378185,False,321.6265526399815,2.7812111460882876,False,False
791.84,10299,t10299,120,75.0,26,2,1,0.6546656806424055,True,9.497522776041057,1.2689508559619336,True,False
791.88,10302,t10302,300,250.0,46,7,8,0.6309022652208485,False,64.08123873092104,2.7152437583332567,False,False
791.97,10303,t10303,170,700.0,86,4,2,0.6450759856859037,False,108.21674068212224,1.793617027878641,False,False
792.04,10304,t10304,170,700.0,95,9,6,0.6411500312432229,False,123.32495855558777,1.7969891603806172,False,False
792.09,10305,t10305,170,500.0,36,3,5,0.6733130460679693,False,95.41286908317726,1.5708769853795526,False,False
792.1,10306,t10306,270,200.0,32,8,2,0.6311984427573729,False,48.29130660178795,2.5198595909071293,False,False
792.12,10307,t10307,220,700.0,23,10,6,0.6378454638188036,False,153.08040582998814,2.2282132023963857,False,False
792.23,10308,t10308,270,200.0,58,6,1,0.6439997898215671,False,53.110163205652704,2.734034079779975,True,False
792.25,10309,t10309,270,900.0,29,8,4,0.6465754783664287,False,198.60248538597838,2.546158193994477,False,False
792.31,10310,t10310,170,500.0,95,9,5,0.643833521508559,True,93.01458896884752,1.8098167509722765,True,False
792.32,10311,t10311,170,700.0,48,4,2,0.6415826477903676,False,99.78586185794711,1.853709997081294,False,False
792.33,10312,t10312,170,100.0,22,3,6,0.6337992639537999,True,18.266270705384528,1.823303398505564,True,False
792.35,10313,t10313,80,50.0,69,4,1,0.6288107145167223,True,4.184956998921004,0.820084121507842,True,False
792.51,10315,t10315,120,75.0,56,8,10,0.6245852171399154,True,7.603944072317088,1.3117233994243027,True,False
792.52,10316,t10316,120,75.0,97,3,5,0.6692549669647917,True,9.615754859771814,1.0922504770954666,True,False
792.62,10317,t10317,220,150.0,39,6,8,0.6599535144504173,True,26.523287777662024,2.2892964958818802,True,False
792.63,10318,t10318,170,500.0,47,10,2,0.6425831133742594,False,93.2776194207532,1.6906347911239399,False,False
792.64,10319,t10319,220,150.0,91,0,2,0.6420154341362999,True,34.30959988994612,2.41652286566523,True,False
792.97,10323,t10323,220,900.0,52,7,6,0.6451747994694869,False,223.068968998494,2.3623403330678534,False,False
792.97,10322,t10322,220,900.0,61,9,2,0.6344972356850236,False,224.6349067719596,2.10819352822812,False,False
793.11,10325,t10325,220,150.0,69,5,6,0.6389549530023761,True,28.33598819423637,2.372965567549868,True,False
793.11,10324,t10324,220,150.0,23,9,2,0.6309357525097845,False,29.359056711931682,2.0638032842872143,False,False
793.32,10327,t10327,170,700.0,51,7,4,0.6390393226169151,False,128.36103124890687,1.764997292560541,False,False
793.5,10328,t10328,120,75.0,71,4,2,0.638159176652742,True,8.243565385513273,1.2652283642586095,True,False
793.67,10329,t10329,120,75.0,37,0,1,0.6509342937252441,True,8.917379365041251,1.0997929332271723,True,False
793.71,10330,t10330,220,150.0,34,4,2,0.640978174937869,True,31.509058015882704,2.3012362914699627,True,False
793.82,10331,t10331,270,1000.0,54,6,8,0.6623366259795908,False,316.5961966024233,2.5879981358660875,False,False
793.99,10332,t10332,270,900.0,61,9,6,0.6377352124365403,False,206.59856903131438,2.632996896304813,False,False
794.01,10333,t10333,270,1000.0,80,10,4,0.6391467293754408,False,231.53367229099504,2.731521389868731,False,False
794.07,10334,t10334,120,75.0,83,3,5,0.6714520494436776,True,9.072602258796634,1.2973057297036037,True,False
794.18,10335,t10335,300,1000.0,48,1,8,0.6332609779525247,False,346.10923367701037,2.964105244632556,False,False
794.2,10336,t10336,170,100.0,32,7,6,0.6416794852982789,True,19.6590194619712,1.7490745861786563,True,False
794.21,10337,t10337,170,700.0,63,3,5,0.6736051902729859,False,110.06724621479738,1.6305634078447773,False,False
794.25,10338,t10338,270,200.0,55,2,4,0.639996544110118,True,53.142790429842,2.762806243703653,True,False
794.27,10340,t10340,300,1200.0,70,3,6,0.6367054604929058,False,317.258576734042,3.096322308748981,False,False
794.35,10341,t10341,80,50.0,47,3,5,0.669541268285708,True,4.007294075854736,0.8495457433321585,True,False
794.92,10345,t10345,220,150.0,66,6,1,0.6403764606918024,True,31.696162213152892,2.307695015878955,True,False
795.03,10347,t10347,270,200.0,36,5,4,0.654790604633127,False,60.38065246983081,2.5581614327062527,False,False
795.03,10346,t10346,120,75.0,98,2,4,0.6427787950460975,True,7.4300742884127935,1.1524786309141088,True,False
795.13,10349,t10349,270,900.0,83,10,2,0.6388599126452357,False,259.48937448181647,2.9146124586442195,False,False
795.17,10351,t10351,300,250.0,87,0,10,0.650348914714715,True,82.07378626931083,3.1101948709660414,True,False
795.26,10355,t10355,170,500.0,39,1,5,0.6464621684400519,False,91.80663590703216,1.7274662340557634,False,False
795.26,10354,t10354,300,250.0,88,4,1,0.6318166820445696,True,67.12969257693878,2.9695579043526896,True,False
795.35,10356,t10356,170,100.0,59,3,4,0.6524128808524446,True,17.21292493769465,1.858319849335806,True,False
795.45,10358,t10358,120,75.0,52,0,2,0.6447573072717557,True,10.60891392795974,1.156007047870806,True,False
795.46,10359,t10359,170,100.0,49,2,4,0.6455054009633573,True,19.449240259494445,1.7599539099592862,True,False
795.49,10360,t10360,170,100.0,36,4,6,0.649228534583285,True,17.907402438116744,1.6792422413340817,True,False
795.63,10362,t10362,170,100.0,39,1,2,0.5883899237501037,True,18.747314126331368,1.7196646108402585,True,False
795.67,10363,t10363,170,100.0,64,0,1,0.653497789668921,True,18.453685433033954,1.5825480477333471,True,False
795.71,10364,t10364,120,75.0,94,1,8,0.6297242199319357,True,8.089196143943445,1.3142370975368622,True,False
795.75,10365,t10365,270,900.0,72,2,4,0.648177474762272,False,195.24435159886306,2.9250745146457877,False,False
795.85,10366,t10366,120,75.0,74,3,4,0.6549468050535775,True,7.401687334488377,1.1705690049710027,True,False
795.92,10368,t10368,270,900.0,35,5,4,0.6511029743586462,False,218.9508765447395,2.4397538552004554,False,False
795.95,10369,t10369,120,75.0,93,9,6,0.6343886900059913,True,9.546458451373438,1.125089211020129,True,False
795.96,10370,t10370,170,700.0,84,3,4,0.6574300507706877,False,129.16579156757774,1.627963947735303,False,False
796.06,10371,t10371,170,100.0,96,1,8,0.6324321970717586,True,16.096574641201315,1.5951048240434054,True,False
796.18,10372,t10372,300,250.0,76,8,10,0.6276756946152989,False,82.02587000145199,2.714833795002191,False,False
796.22,10373,t10373,300,250.0,49,4,1,0.6347625302218601,False,77.79063259993129,2.8678038303182154,False,False
796.26,10374,t10374,120,75.0,94,4,1,0.6314754614356047,False,7.355525840757733,1.112251174531327,True,False
796.27,10375,t10375,300,250.0,68,8,2,0.6278311405688921,False,75.65215211515589,3.202740411553945,False,False
796.28,10376,t10376,270,200.0,88,3,5,0.6717326247381757,True,59.4563946264662,2.518836624186663,True,False
796.33,10377,t10377,270,1000.0,24,10,2,0.6352111759307926,False,250.81248195644517,2.7037920578929184,False,False
796.47,10378,t10378,300,250.0,57,5,4,0.647489096689655,False,63.457186115031405,2.9888431181956454,False,False
796.54,10379,t10379,270,900.0,59,6,8,0.6584980752781807,False,234.91461655200152,2.9688804250112595,False,False
796.69,10381,t10381,170,500.0,66,3,4,0.6536896315734558,False,100.86026134615241,1.7876388465763762,False,False
796.73,10382,t10382,170,100.0,54,1,5,0.6427895917379175,True,17.25989461859455,1.7683257256178602,True,False
796.78,10383,t10383,270,200.0,83,8,4,0.6429006354657668,True,50.52999387413319,2.9536957704419575,True,False
796.87,10384,t10384,270,900.0,39,9,6,0.6372830980240533,False,281.4664231534697,2.7499033518229785,False,False
796.91,10385,t10385,120,75.0,23,8,2,0.6245311844241809,True,7.766962774025584,1.206766835674463,True,False
797.05,10386,t10386,80,50.0,89,1,5,0.6453644665698258,True,4.746865136530813,0.7667894519846821,True,False
797.11,10387,t10387,80,50.0,72,6,1,0.6429995981446331,True,3.2002013481340015,0.8742344560507705,True,False
797.26,10388,t10388,300,1200.0,34,10,6,0.6343452212090942,False,322.18805112452463,3.1108818261263624,False,False
797.29,10389,t10389,80,50.0,90,2,1,0.6571545488477392,True,4.778405246696931,0.7703477789096507,True,False
797.32,10390,t10390,120,75.0,87,2,4,0.6446221070852084,True,8.18968186902827,1.133954225720209,True,False
797.37,10391,t10391,270,1000.0,77,8,10,0.6245303625411748,False,231.17411394946149,2.7520328365420665,False,False
797.62,10392,t10392,170,500.0,88,10,4,0.6356204614545987,False,101.25867781184876,1.5597129730624215,False,False
797.64,10393,t10393,170,100.0,84,0,1,0.6560100156937244,True,18.170538977418413,1.5904444080656606,True,False
797.67,10394,t10394,170,700.0,36,2,4,0.647311846761686,False,131.9356056059908,1.7214682468121802,False,False
797.81,10397,t10397,300,250.0,42,10,6,0.6309149834515789,False,86.8316908500075,2.891285235642153,False,False
797.83,10398,t10398,270,1000.0,63,0,10,0.6525345078489921,False,297.07092616924746,2.6116490240156343,False,False
797.85,10399,t10399,300,250.0,34,4,2,0.6437407932572935,False,62.94863812257388,2.9652593841479558,False,False
797.99,10400,t10400,80,50.0,22,1,2,0.5922043070932834,True,3.8437372662723712,0.8036294644965672,True,False
798.01,10401,t10401,300,250.0,59,3,5,0.6738801540615941,False,70.88967530005618,2.836158197278998,False,False
798.06,10402,t10402,220,900.0,71,9,6,0.6339456178817541,False,233.7416341844896,1.9843391351778836,False,False
798.1,10403,t10403,170,100.0,24,10,1,0.6281365199797926,True,15.624996638611213,1.6191529915405682,True,False
798.14,10405,t10405,270,1000.0,76,9,5,0.6463875177450545,False,316.41585163264324,2.519094073261628,False,False
798.39,10407,t10407,270,1000.0,79,3,4,0.6500240207601685,False,268.7820310617109,2.8909788449309985,False,False
798.41,10408,t10408,80,50.0,94,7,10,0.6303777831337193,True,4.414802811976603,0.7387165965984953,True,False
798.56,10409,t10409,270,200.0,21,0,10,0.6485023891205838,False,43.47084081045802,2.5355128319084694,False,False
798.57,10410,t10410,120,75.0,63,4,6,0.651826145709801,True,10.23258252801139,1.2772394591804044,True,False
798.66,10411,t10411,270,200.0,32,7,6,0.6444280774104951,False,44.46837040446783,2.8382624005224715,False,False
798.75,10412,t10412,270,1000.0,71,8,4,0.6454732894231182,False,291.47912021650495,2.4486066195809633,False,False
798.81,10413,t10413,170,700.0,55,4,1,0.6282541340250745,False,140.9123539522474,1.5948717680463917,False,False
798.84,10414,t10414,220,150.0,75,4,6,0.6543718046137869,True,37.47541177055056,2.10605164428958,True,False
798.86,10415,t10415,220,150.0,93,6,1,0.6455702728484071,True,32.366017965549986,2.410625900409283,True,False
798.92,10416,t10416,270,900.0,82,10,4,0.6321647188921734,False,252.1137017387331,2.4694845906492344,False,False
799.0,10417,t10417,170,500.0,42,6,1,0.6480895340581055,False,94.5484131661304,1.7503118809389098,False,False
799.07,10418,t10418,170,500.0,79,9,5,0.64271643405682,True,72.72474166291106,1.7478468103110731,True,False
799.21,10419,t10419,270,200.0,28,1,5,0.647887843905096,False,46.55127241294048,2.8196562524870528,False,False
799.23,10420,t10420,270,1000.0,76,0,10,0.6445509127667435,False,252.18312441444849,2.592473250758275,False,False
799.33,10421,t10421,80,50.0,88,4,1,0.6250972331627548,True,3.2703073913484326,0.7748490510401196,True,False
799.37,10422,t10422,270,200.0,49,3,5,0.669810732798544,False,61.38874585916042,2.8049298896172115,False,False
799.41,10423,t10423,270,200.0,50,1,5,0.6441867536936606,False,50.97376562440547,2.6195512411665534,False,False
799.43,10424,t10424,80,50.0,35,4,1,0.6281774703176816,False,4.257876347340842,0.7311830742635482,True,False
799.45,10425,t10425,270,900.0,83,1,2,0.5959424027695995,False,208.92776795452298,2.882406123398178,False,False
799.54,10427,t10427,120,75.0,86,5,4,0.6439474965740438,True,9.029840539233291,1.1967751687811898,True,False
799.6,10428,t10428,170,500.0,31,5,1,0.6236375585265669,False,90.91075068410467,1.6581620255348284,False,False
799.66,10430,t10430,170,100.0,44,9,8,0.6301552080269066,True,16.047579435462648,1.6771338389703943,True,False
799.94,10431,t10431,220,150.0,30,5,4,0.6466507284607447,False,38.438548654571164,2.371680352103002,False,False
799.96,10432,t10432,300,250.0,30,4,2,0.6402741592103294,False,69.60789120098828,3.1055363303759753,False,False
800.01,10434,t10434,300,1200.0,67,9,6,0.6306748873423007,False,379.5747257415865,2.826183688530292,False,False
800.03,10436,t10436,300,250.0,34,7,6,0.640947697680467,False,89.45288429571967,3.247123365300923,False,False
800.03,10435,t10435,170,100.0,54,9,8,0.6331342856845503,True,16.26642685531976,1.6335598253594272,True,False
800.03,10437,t10437,220,150.0,43,10,2,0.6316354139506384,True,27.646511482266547,2.360841839903463,True,False
800.05,10438,t10438,300,1200.0,44,0,2,0.6474443429445024,False,294.7452948869705,3.121501550819361,False,False
800.15,10439,t10439,170,100.0,81,10,2,0.634305167210087,True,14.255451618385319,1.6029669294959201,True,False
800.54,10440,t10440,120,75.0,95,10,2,0.6369215254043468,True,8.052437463190262,1.1261125848309461,True,False
800.61,10441,t10441,170,100.0,24,7,6,0.6375369255450395,True,20.042676189355262,1.8025316415171466,True,False
800.66,10442,t10442,300,1000.0,86,0,10,0.6406784659399801,False,302.0404768829968,2.746823050289636,False,False
800.82,10443,t10443,270,200.0,73,4,1,0.6250221027295096,True,51.71233736969753,2.671114795324064,True,False
800.94,10444,t10444,120,75.0,86,9,5,0.6452927720423504,True,9.074351858894268,1.2443731978912382,True,False
800.97,10446,t10446,220,150.0,80,0,2,0.6439036379037942,True,35.57067029696894,2.2128797706088035,True,False
801.16,10447,t10447,270,200.0,45,0,1,0.6584719971980317,False,49.933256025337265,2.5400819581394005,False,False
801.34,10448,t10448,270,1000.0,98,7,10,0.6333524092892268,False,301.57758695433165,2.593286216541123,False,False
801.41,10449,t10449,170,100.0,71,10,2,0.6394855564347215,True,16.88004304157652,1.6278812027398106,True,False
801.46,10450,t10450,170,100.0,90,3,6,0.6333795331012294,True,15.839602177218348,1.6257979086917163,True,False
801.47,10451,t10451,80,50.0,79,10,2,0.6419983068444886,True,3.2105641623793977,0.8637887389175282,True,False
801.65,10452,t10452,120,75.0,42,3,5,0.6658226999607549,True,7.37062527444677,1.0875927865873294,True,False
801.7,10455,t10455,220,150.0,42,7,4,0.6356667179827586,True,30.0246761283058,2.2724844879793964,True,False
801.71,10456,t10456,270,200.0,76,2,4,0.6437737916446341,True,44.06111844557157,2.476624716918728,True,False
802.21,10458,t10458,170,100.0,82,3,6,0.6362941242573866,True,19.708853367310336,1.711596611831338,True,False
802.35,10459,t10459,170,100.0,70,1,2,0.5934317365323893,True,17.91253292965131,1.6655565581574836,True,False
802.47,10460,t10460,170,100.0,51,7,10,0.630093542921624,True,17.866621244870295,1.5751491665313315,True,False
802.63,10461,t10461,270,200.0,51,5,1,0.6204214740227022,False,52.49971666311496,2.6964172858366524,False,False
802.88,10463,t10463,220,150.0,86,2,5,0.6442547480052622,True,36.675411389379924,2.0769307526349547,True,False
802.89,10464,t10464,270,200.0,67,4,6,0.656866550339693,True,51.41983661182759,2.646243807616182,True,False
802.96,10465,t10465,80,50.0,44,2,1,0.6595936396889662,True,3.310342415656092,0.844484815123201,True,False
803.03,10466,t10466,80,50.0,37,9,8,0.6360537817890412,True,4.435434638299351,0.7792470097371211,True,False
803.23,10467,t10467,220,700.0,65,2,5,0.6469518348633388,False,166.69127604679707,2.2317692959436024,False,False
803.45,10468,t10468,220,150.0,35,4,2,0.6368768578443046,False,35.55342477608255,1.9828029089146246,False,False
803.47,10469,t10469,300,250.0,59,7,6,0.6403683688523205,False,62.76777182131865,3.0561862080744726,False,False
803.55,10471,t10471,170,100.0,62,7,10,0.6330738538813733,True,18.205461517707825,1.5556629838694926,True,False
803.58,10472,t10472,270,200.0,81,5,8,0.6193751410574448,False,45.66162080014861,2.66452072021259,True,False
803.63,10473,t10473,270,200.0,56,0,8,0.6393658301041829,True,48.37480380024512,2.8395199022127784,True,False
803.66,10474,t10474,270,200.0,85,7,10,0.6359945586219277,True,45.604316561912114,2.896522966256761,True,False
803.87,10475,t10475,170,100.0,92,1,2,0.5971452836199234,True,14.768033113364964,1.6717504622133845,True,False
803.99,10476,t10476,270,200.0,77,2,1,0.6619839487133689,True,48.00276142365518,2.599787183078862,True,False
803.99,10477,t10477,120,75.0,55,2,1,0.6643264515572832,True,10.370202081684432,1.1744415662521057,True,False
804.2,10479,t10479,300,250.0,25,0,8,0.641880975040561,False,80.64707956969889,3.235946667466049,False,False
804.22,10480,t10480,120,75.0,97,6,8,0.6547362955907989,True,7.894203191336742,1.1417790591691241,True,False
804.33,10481,t10481,300,250.0,80,4,6,0.6593114011510809,True,78.30151735631922,2.959719271184456,True,False
804.38,10482,t10482,270,200.0,87,2,1,0.6666221043443193,True,54.72144334194197,2.808827013420428,True,False
804.42,10483,t10483,300,250.0,27,0,5,0.6391965606356323,False,85.36522062526947,3.2948675094037183,False,False
804.43,10484,t10484,170,100.0,89,9,10,0.6278161378341479,True,17.146866567658144,1.6185849775497552,True,False
804.47,10485,t10485,220,900.0,32,0,1,0.654710739072253,False,183.3717012694456,2.382172982716445,False,False
804.63,10487,t10487,270,1000.0,22,9,10,0.6308419968956468,False,297.0841962850935,2.5144182475551444,False,False
804.75,10489,t10489,80,50.0,28,1,8,0.6350860146687849,True,4.4490727007347495,0.7272844373448055,True,False
804.8,10490,t10490,220,900.0,69,5,2,0.6181919810666645,False,206.13445751480384,2.1824511747225825,False,False
804.91,10491,t10491,80,50.0,49,6,10,0.619534284161741,True,3.7388030158394296,0.7536029295526725,True,False
805.01,10493,t10493,80,50.0,43,6,1,0.6443844100436101,True,4.531803022863794,0.8166748647288927,True,False
805.07,10494,t10494,300,250.0,41,1,8,0.6376867559138708,False,81.09025931537776,3.1191781814341883,False,False
805.1,10495,t10495,80,50.0,86,10,4,0.6287780911809966,True,4.2107372068232145,0.8135595793947813,True,False
805.13,10496,t10496,270,200.0,75,2,4,0.6464804976299232,True,49.95912879966037,2.6790507418386866,True,False
805.16,10498,t10498,220,150.0,40,2,5,0.6434209799842538,True,38.775805664772,2.000597606880946,True,False
805.16,10497,t10497,270,1000.0,39,7,6,0.636969183293456,False,232.0268563273541,2.7330799849534295,False,False
805.17,10499,t10499,220,900.0,58,4,1,0.6281038424931012,False,234.40151555523684,2.286809133683386,False,False
805.24,10500,t10500,220,700.0,40,5,6,0.6417580357605105,False,167.78458389471268,2.345410503459403,False,False
805.25,10501,t10501,170,100.0,30,1,5,0.6405596852864541,True,19.472523651346467,1.7465892028030852,True,False
805.35,10502,t10502,220,900.0,28,6,8,0.6572237514971647,False,169.53075833042206,1.998257534242195,False,False
805.39,10503,t10503,170,100.0,60,8,4,0.6418204903013224,False,17.629162135680858,1.562996415728908,True,False
805.43,10504,t10504,80,50.0,58,1,2,0.6007845597657068,True,3.4826049225050872,0.7701298669995644,True,False
805.52,10505,t10505,300,250.0,56,2,1,0.6688718440756148,False,80.09647150422006,3.230218813794665,False,False
805.53,10506,t10506,300,1000.0,83,4,1,0.6249499474614211,False,307.7990824538519,2.8228122154696678,False,False
805.7,10507,t10507,120,75.0,54,8,4,0.6382407471619627,True,9.928278637250665,1.228157817780328,True,False
805.89,10508,t10508,220,150.0,64,4,6,0.6617073549462411,True,37.124706091588564,2.3836283803926857,True,False
806.11,10509,t10509,170,500.0,69,3,4,0.6464317221631469,False,69.64701254155882,1.8338742502022556,False,False
806.17,10510,t10510,220,150.0,91,9,5,0.64781758326817,True,31.04046039925404,2.1651345272092786,True,False
806.18,10511,t10511,300,250.0,51,7,10,0.638856849267671,False,77.51314121436218,2.8661534053937605,False,False
806.28,10512,t10512,170,100.0,59,9,8,0.6389148879714421,True,18.12253515448923,1.8076317433479951,True,False
806.38,10513,t10513,220,900.0,43,4,5,0.6222192360129245,False,220.54305055127475,2.2878337930833346,False,False
806.39,10514,t10514,80,50.0,84,1,8,0.6340614823340549,True,3.6086309932744824,0.8423437114949359,True,False
806.47,10515,t10515,170,500.0,77,2,4,0.6491330694955065,False,77.60382826233206,1.5925136169310348,False,False
806.59,10517,t10517,300,1200.0,30,7,10,0.6354878941004993,False,401.26640103160696,2.8328978293003386,False,False
806.66,10519,t10519,300,250.0,86,7,4,0.6385355654412853,True,80.48711433859594,2.795942919293183,True,False
806.69,10520,t10520,220,150.0,55,1,5,0.6431791582473917,True,37.8777052227226,2.184029955663848,True,False
806.88,10521,t10521,270,200.0,95,0,1,0.6510247061089897,True,45.65183908688294,2.6610579046403595,True,False
807.09,10522,t10522,170,100.0,57,0,6,0.6390889280538642,True,17.64595909282881,1.551709406274947,True,False
807.1,10523,t10523,300,250.0,20,6,10,0.6225742651451728,False,82.39274295389687,3.082556962534,False,False
807.22,10525,t10525,220,900.0,92,7,4,0.6413470359506414,False,192.26325196888138,2.227315016971093,False,False
807.35,10526,t10526,220,150.0,28,1,5,0.6457462417491105,False,31.867690064237497,2.0259836786871466,False,False
807.39,10528,t10528,80,50.0,41,5,6,0.638331056863482,True,4.189484067570505,0.8570472367188368,True,False
807.46,10529,t10529,170,500.0,89,4,2,0.6335475025056003,False,95.65394050368387,1.7517193400751612,False,False
807.51,10530,t10530,80,50.0,20,10,1,0.6308762511186583,True,4.078616353123564,0.7422309717341588,True,False
807.54,10531,t10531,300,1000.0,89,8,2,0.627471227402364,False,260.76457160646856,3.1842963674298606,False,False
807.56,10533,t10533,120,75.0,20,5,4,0.6431258957097117,True,9.688184073962855,1.2454037543086458,True,False
807.56,10534,t10534,300,250.0,98,0,2,0.6466077469639001,True,89.46304261469056,3.2555006309575827,True,False
807.63,10536,t10536,170,100.0,52,8,10,0.6214479371085332,True,13.939349231138909,1.8172849819622099,True,False
807.73,10537,t10537,170,100.0,35,1,8,0.6366827142258353,True,14.775942887061449,1.7416881491118303,True,False
807.89,10538,t10538,300,1000.0,85,3,6,0.6391504235904207,False,336.7653159463421,3.021139379615386,False,False
807.97,10539,t10539,120,75.0,37,0,6,0.6417378161594537,True,9.00350710282469,1.2393737412694696,True,False
808.01,10540,t10540,80,50.0,94,10,2,0.6444608022460603,True,4.511493529669685,0.7393787242052525,True,False
808.08,10542,t10542,300,250.0,77,3,6,0.6357755969367941,True,67.27495862489744,2.8850056459071074,True,False
808.13,10543,t10543,120,75.0,20,9,4,0.627787249503725,True,10.538388483760498,1.13823504526769,True,False
808.16,10545,t10545,300,250.0,38,1,8,0.63925152147978,False,87.23651636659298,3.081841068140391,False,False
808.28,10546,t10546,170,700.0,21,7,4,0.6379282770498104,False,137.21771461423717,1.6845644692640838,False,False
808.3,10547,t10547,120,75.0,82,5,4,0.6458455596136993,True,8.007213764761444,1.1897244374730624,True,False
808.44,10548,t10548,80,50.0,77,10,1,0.6335611876347467,True,3.527516035834121,0.8101527757613399,True,False
808.44,10549,t10549,270,200.0,39,1,8,0.635594952588646,False,47.67146005638602,2.897466031661205,False,False
808.63,10550,t10550,270,1000.0,88,10,2,0.6468740477396007,False,314.9851807537964,2.537614981578501,False,False
808.77,10551,t10551,220,150.0,96,1,2,0.6043510503885744,True,36.152365011312696,2.418215397227955,True,False
809.14,10553,t10553,120,75.0,22,4,2,0.6302847342736702,True,9.31767478944667,1.210790838772456,True,False
809.33,10556,t10556,120,75.0,32,7,4,0.634577893326996,True,10.399276066680992,1.1458737737497109,True,False
809.34,10557,t10557,300,250.0,60,5,6,0.6411466175443942,False,82.5877748981958,2.7841868808996986,False,False
809.46,10558,t10558,120,75.0,50,9,5,0.6502918982694733,True,7.966794271696154,1.0969134424314542,True,False
809.51,10559,t10559,80,50.0,83,0,6,0.6443337265029313,True,3.496112485277491,0.8760192248720012,True,False
809.54,10560,t10560,170,100.0,29,5,6,0.6377318670116882,True,19.40376753408818,1.8601926258150483,True,False
809.6,10561,t10561,170,700.0,28,3,6,0.63864226681624,False,136.94480266706998,1.739321918236177,False,False
809.84,10562,t10562,220,150.0,31,10,1,0.6361924254205134,True,30.65768700140031,2.022104550942969,True,False
809.98,10563,t10563,170,100.0,85,10,4,0.6316331960240433,True,14.155599449765814,1.5460282381023323,True,False
810.01,10565,t10565,270,900.0,42,8,10,0.6246011601845444,False,236.61938103408596,2.5054504861670535,False,False
810.01,10564,t10564,80,50.0,22,6,8,0.6534874582854032,True,4.2793691976345185,0.7904211363015132,True,False
810.06,10566,t10566,220,150.0,31,4,2,0.6332612214063785,False,28.19053896428492,2.3327695039551997,True,False
810.09,10567,t10567,220,700.0,93,2,1,0.6649025890122843,False,131.1042478017746,2.408388594247725,False,False
810.13,10569,t10569,270,200.0,34,4,1,0.6218591303303744,False,52.2899513191173,2.817571614459686,False,False
810.13,10570,t10570,270,200.0,99,10,2,0.6430650283232702,True,64.38071047266583,2.60258444599813,True,False
810.14,10571,t10571,300,1200.0,92,5,4,0.6485108302396071,False,422.7292312745451,2.970871816182624,False,False
810.18,10572,t10572,300,1200.0,56,0,1,0.6535863938049917,False,336.4345064773266,3.078035667391391,False,False
810.64,10575,t10575,120,75.0,85,4,10,0.621058984439758,True,7.852670049662352,1.2036865617051744,True,False
810.82,10576,t10576,270,200.0,21,0,1,0.6499228477470737,False,63.86670073165317,2.8066585447146983,False,False
810.95,10577,t10577,220,150.0,76,8,10,0.6215173187990353,True,35.60611173379456,2.1011401526276248,True,False
811.05,10579,t10579,80,50.0,72,0,1,0.6463325726103141,True,3.7185917911778086,0.8200594150081637,True,False
811.1,10581,t10581,170,700.0,86,0,1,0.6489881029762895,False,111.79671108837708,1.6136255436492775,False,False
811.1,10580,t10580,170,100.0,41,1,8,0.6320115150753347,False,19.650035714933207,1.6749424440994072,True,False
811.29,10582,t10582,300,250.0,62,9,4,0.6306621711803171,False,64.02822328888718,2.7601784437889387,False,False
811.44,10584,t10584,300,250.0,56,6,10,0.6193794465089361,False,75.54347498598405,3.0811537502120023,False,False
811.48,10585,t10585,270,200.0,25,7,4,0.637468517278638,False,59.006419457115896,2.6251187291764397,False,False
811.5,10586,t10586,300,250.0,33,10,2,0.6455061892952663,False,78.76824806891238,3.1661166086131827,False,False
811.53,10587,t10587,220,700.0,97,9,8,0.6417187720301951,False,161.37551889221902,2.349638496839571,False,False
811.54,10588,t10588,300,250.0,22,6,1,0.6469273885094046,False,89.23043483323988,3.0759827031607667,False,False
811.75,10590,t10590,170,100.0,41,10,1,0.6387710384505645,True,19.00951816186692,1.6443253957552937,True,False
811.79,10591,t10591,220,150.0,65,8,4,0.64090659888539,True,36.73001749472458,2.0568764822112393,True,False
811.93,10592,t10592,220,900.0,25,7,4,0.634127328751247,False,205.42956053895193,2.249762167491676,False,False
811.95,10593,t10593,220,150.0,70,10,4,0.6344311987702291,True,36.818837687298256,2.3629767416912815,True,False
812.16,10594,t10594,170,700.0,54,0,1,0.6454165227349457,False,120.11769137240789,1.7168319961747525,False,False
812.27,10595,t10595,80,50.0,56,4,6,0.664055389665498,True,3.851403117941722,0.8023895755165228,True,False
812.4,10596,t10596,220,900.0,37,7,6,0.6336379814457687,False,177.49264231381375,2.07767135006284,False,False
812.41,10597,t10597,300,1000.0,27,5,6,0.6405594114896362,False,336.8622348118021,2.9346100944749813,False,False
812.44,10598,t10598,220,150.0,24,7,6,0.6303734036350351,False,27.16440239365957,2.0524105775939083,False,False
812.5,10599,t10599,220,150.0,55,2,1,0.6610127190502204,True,39.083188018683735,2.0888726585839743,True,False
812.55,10600,t10600,270,1000.0,44,7,5,0.629662191768847,False,255.75039696440535,2.544096753110851,False,False
812.56,10601,t10601,270,200.0,32,5,6,0.6371564050780253,False,59.13995099706807,2.8741053173747018,False,False
812.63,10602,t10602,220,150.0,61,4,2,0.6300041787964328,True,29.11763616943033,2.239601901624641,True,False
812.64,10603,t10603,300,1000.0,72,7,4,0.6308529639944038,False,244.51222067788595,3.2085931150165723,False,False
812.84,10604,t10604,220,700.0,53,2,4,0.6455585899237782,False,151.22824673435892,1.9920732921505964,False,False
812.92,10605,t10605,120,75.0,81,8,10,0.6246691542412364,True,10.374015028206916,1.2463691273271953,True,False
812.93,10606,t10606,270,200.0,29,10,4,0.6371732414614911,False,60.457863858563755,2.6102335804018684,False,False
812.94,10607,t10607,270,200.0,26,7,10,0.6321863180366712,False,43.74624729694124,2.7092829757858246,False,False
812.98,10608,t10608,170,100.0,45,6,10,0.616248524245424,True,14.060866017768948,1.65457104645936,True,False
812.98,10609,t10609,270,900.0,52,2,4,0.6420555999434845,False,283.5371307556452,2.765463066108468,False,False
813.13,10610,t10610,270,200.0,90,0,2,0.6492577738428039,True,51.648724073007656,2.59847232603849,True,False
813.15,10611,t10611,80,50.0,72,4,2,0.6329862770386859,True,4.5746654490562735,0.8366935619851885,True,False
813.16,10612,t10612,270,200.0,87,0,6,0.6468777186395392,True,48.24148834850052,2.6525818369499397,True,False
813.23,10613,t10613,220,150.0,28,5,10,0.6180364240070727,False,36.8979124797847,2.197154069080028,False,False
813.33,10614,t10614,120,75.0,32,4,2,0.6359087333160941,True,9.900253206660281,1.2762923108124131,True,False
813.47,10615,t10615,270,1000.0,39,8,4,0.643519133574349,False,301.4535207410525,2.6177210645533298,False,False
813.51,10617,t10617,120,75.0,42,6,1,0.6432455074058832,True,9.833883940641591,1.2022867859133421,True,False
813.59,10618,t10618,220,900.0,29,4,2,0.6387727404679541,False,224.37271362830953,2.37315392196241,False,False
813.62,10620,t10620,80,50.0,54,9,5,0.6527167269707504,True,4.571427366372551,0.8256952719488663,True,False
813.62,10619,t10619,120,75.0,20,8,10,0.6277579529745935,True,7.945091843197002,1.2588161843407053,True,False
813.65,10621,t10621,270,200.0,88,6,10,0.6193542204271821,True,62.58436239783785,2.4586310075516997,True,False
813.77,10623,t10623,80,50.0,30,0,2,0.6518548001841297,True,3.3447626235849093,0.7446820607435478,True,False
813.77,10622,t10622,80,50.0,84,7,8,0.6276924017346134,True,4.144257768689705,0.7639513830089415,True,False
813.92,10624,t10624,120,75.0,48,8,10,0.6307849757332834,True,8.092809196410604,1.1834094738661638,True,False
813.94,10625,t10625,170,100.0,27,10,2,0.6417245270478225,True,16.64954755983696,1.5509334149049676,True,False
813.96,10626,t10626,300,250.0,32,1,2,0.6078462111989847,False,82.25747153590214,2.7501674109458225,False,False
814.06,10628,t10628,300,1000.0,43,2,5,0.6461347422027506,False,346.67973642862296,3.230995165229031,False,False
814.06,10629,t10629,80,50.0,72,5,6,0.6338214587946466,True,3.3303757536312273,0.7368549805737775,True,False
814.23,10630,t10630,120,75.0,89,0,2,0.654399885998629,True,8.095174618449017,1.2189972122456496,True,False
814.26,10631,t10631,220,150.0,70,3,4,0.6429112695380658,True,30.25293427493836,2.3692335870144388,True,False
814.27,10632,t10632,80,50.0,28,3,4,0.6456352259654864,True,3.7135452849191273,0.7705601073112206,True,False
814.28,10633,t10633,270,200.0,57,2,5,0.6426202291768773,True,45.41101432358882,2.708150345795138,True,False
814.32,10634,t10634,120,75.0,68,3,4,0.6483047032643584,True,10.031336761986305,1.2565394730528585,True,False
814.37,10635,t10635,170,100.0,54,0,2,0.6568940700968382,True,17.533260402845176,1.7364312409971951,True,False
814.54,10637,t10637,270,200.0,62,5,1,0.6172697112089148,False,64.55033170652548,2.594451894776743,False,False
814.56,10638,t10638,120,75.0,45,10,4,0.6336864432989281,True,9.611284075479338,1.2004350448884766,True,False
814.57,10639,t10639,170,100.0,43,8,4,0.6399054175695286,True,17.65505907604886,1.721820692517752,True,False
814.86,10642,t10642,270,200.0,82,0,2,0.6593383705130832,True,57.46096105237727,2.698970058634521,True,False
814.89,10643,t10643,220,150.0,22,1,2,0.6050974687931868,False,28.390466441219115,2.305879042732645,False,False
814.91,10644,t10644,270,200.0,26,0,2,0.6617337849210033,False,46.54916587042433,2.787380167288168,False,False
814.93,10645,t10645,300,1200.0,88,8,10,0.6337514580367996,False,296.7458678728258,2.9157044359404267,False,False
815.11,10646,t10646,300,1200.0,67,5,4,0.6449487954529968,False,429.3775152058408,2.735981822477201,False,False
815.18,10648,t10648,120,75.0,79,4,2,0.6354054674767767,True,7.548352083616747,1.1140391900974942,True,False
815.37,10651,t10651,170,100.0,21,3,6,0.6352776032980971,True,15.522515743475749,1.617753053660403,True,False
815.37,10649,t10649,270,200.0,22,8,4,0.6425379758848048,False,50.71579839707572,2.967806906361257,False,False
815.37,10650,t10650,120,75.0,61,7,2,0.6292102735141059,True,8.958513900911761,1.1741627119658884,True,False
815.38,10652,t10652,270,200.0,98,7,8,0.6307207355181029,True,44.47387789442544,2.9059484472717227,True,False
815.62,10654,t10654,300,1200.0,63,3,6,0.6381542330503169,False,364.3607332223627,2.8814791609448296,False,False
815.71,10655,t10655,170,100.0,93,2,1,0.6633746464873979,True,16.517572587140425,1.5639534904438337,True,False
815.84,10656,t10656,300,250.0,89,6,8,0.655999890937877,True,74.54533713933371,3.049043193587748,True,False
815.94,10657,t10657,80,50.0,72,4,10,0.6240684714176296,True,4.295311925587052,0.8622023433803943,True,False
815.95,10658,t10658,270,900.0,27,1,8,0.6284997463122894,False,231.55129916661244,2.8682354992422208,False,False
816.04,10659,t10659,120,75.0,85,9,8,0.638292578407773,True,9.402042092517831,1.2676350733178388,True,False
816.05,10660,t10660,300,1000.0,88,8,2,0.6241784695209834,False,252.675769880577,2.837512987944674,False,False
816.16,10661,t10661,300,1000.0,44,4,10,0.6270177686559436,False,288.98323438622253,3.1457159111905826,False,False
816.3,10662,t10662,300,1200.0,48,0,1,0.6419163740984285,False,304.61310821870546,2.907365957540214,False,False
816.32,10663,t10663,120,75.0,54,4,6,0.6663564636903699,True,8.167024751155418,1.2418798964494286,True,False
816.39,10664,t10664,170,500.0,20,1,5,0.642087983580795,False,72.6396104982812,1.632338412313291,False,False
816.48,10665,t10665,220,150.0,64,5,8,0.6163958200544778,True,28.135311560584856,2.1622749089848994,True,False
816.86,10667,t10667,170,500.0,68,9,5,0.6550930590980021,False,73.93898239506775,1.6705343240217,False,False
817.07,10668,t10668,120,75.0,77,10,4,0.6364433810996161,True,9.049244343665924,1.307703910372628,True,False
817.28,10669,t10669,270,1000.0,92,4,6,0.6686115162347445,False,285.5275028508233,2.4683388734097824,False,False
817.29,10670,t10670,220,150.0,42,9,10,0.6276333387759157,True,34.60197286276862,2.2905847713501375,True,False
817.3,10671,t10671,120,75.0,34,2,1,0.6656893353758316,True,8.840923801131161,1.204017431118059,True,False
817.45,10672,t10672,300,250.0,28,4,6,0.6646474677282314,False,73.0151962060436,2.701256623154171,False,False
817.49,10673,t10673,270,1000.0,54,8,10,0.6304846106942453,False,241.8502893876412,2.4863384653920098,False,False
817.52,10675,t10675,270,200.0,38,3,5,0.6680884277797215,False,49.10439650606564,2.5881003519881727,False,False
817.54,10676,t10676,270,200.0,93,8,2,0.6209515667972304,True,56.48013619533282,2.5190041002977632,True,False
817.61,10678,t10678,270,200.0,84,0,2,0.6579072910407652,True,53.2429215160677,2.8188634782487023,True,False
817.69,10679,t10679,220,900.0,92,5,4,0.6414580013621186,False,203.65383000489615,2.1772162705245504,False,False
817.74,10680,t10680,80,50.0,66,9,5,0.6512478645827088,True,4.797678360674225,0.8277370593515931,True,False
817.81,10681,t10681,220,700.0,39,0,2,0.6603313270381316,False,174.3660553079364,2.258007203820457,False,False
817.92,10683,t10683,170,100.0,92,3,5,0.664134841042309,True,14.233989455382057,1.736753702859952,True,False
817.95,10684,t10684,170,100.0,70,2,5,0.6453500064115217,True,18.323286773414782,1.8265865090429867,True,False
818.09,10685,t10685,80,50.0,44,8,10,0.6272831002985423,True,3.7398562020637858,0.829286533504286,True,False
818.29,10686,t10686,300,1000.0,85,0,1,0.6384862284346418,False,263.95214460872194,3.096584783996972,False,False
818.3,10687,t10687,120,75.0,69,10,4,0.6391451801442906,True,10.543401743412204,1.2467609158810418,True,False
818.33,10688,t10688,80,50.0,85,2,5,0.648025188101473,True,3.5391695754230303,0.8365704771963225,True,False
818.42,10689,t10689,220,150.0,51,9,5,0.6536535739577213,True,32.85446952860344,2.397643152489514,True,False
818.53,10690,t10690,300,250.0,92,7,10,0.6289507734941197,True,63.93012198954082,3.0184875740203667,True,False
818.55,10691,t10691,220,700.0,42,2,1,0.6679577304864969,False,165.2851800015632,1.9832838766297218,False,False
818.63,10692,t10692,170,700.0,45,4,2,0.638279539945423,False,102.03955956977431,1.5384163761272054,False,False
818.76,10693,t10693,120,75.0,98,1,2,0.6024037012355049,True,10.456500413167726,1.1533874254570853,True,False
818.76,10694,t10694,300,250.0,36,8,2,0.6239632021279525,False,74.79361602622157,3.066385305005846,False,False
818.77,10695,t10695,270,200.0,82,1,2,0.6059378090289766,True,43.20352895861133,2.7716553322581956,True,False
818.97,10696,t10696,270,200.0,68,3,6,0.6347993302074925,True,43.48672850025473,2.438018346217121,True,False
819.08,10697,t10697,220,150.0,33,4,10,0.6237340799494914,True,31.10545639364778,2.3723261505103266,True,False
819.26,10701,t10701,170,100.0,89,6,1,0.6458112639244321,True,18.373578178748676,1.8615032872924666,True,False
819.3,10702,t10702,270,200.0,53,9,8,0.6411089086577993,False,64.63691108061516,2.84216146849873,False,False
819.35,10703,t10703,80,50.0,58,10,2,0.6441924980453275,True,3.786061190030935,0.7969472817919839,True,False
819.41,10704,t10704,120,75.0,57,5,6,0.6367272114369354,True,8.18547976080412,1.2392736854255606,True,False
819.59,10705,t10705,80,50.0,72,8,5,0.6208075551509266,True,3.2243473053561535,0.8639589968972594,True,False
819.69,10707,t10707,80,50.0,82,6,1,0.6483257053126102,True,3.7268299348488805,0.8705418967602306,True,False
819.7,10708,t10708,270,900.0,70,3,6,0.6376855254215245,False,251.92095193254994,2.4639609886167513,False,False
819.85,10709,t10709,220,150.0,96,8,10,0.6303196201107533,True,34.028739668023185,2.1635878760802623,True,False
819.85,10710,t10710,170,100.0,87,2,4,0.6386226697627967,True,19.44038717953696,1.8216293995342412,True,False
819.91,10711,t10711,170,100.0,64,0,8,0.6381718170782111,True,20.293994020943746,1.6482292528882585,True,False
819.96,10712,t10712,120,75.0,61,9,5,0.6560111691452334,True,9.263288721017293,1.0864727485066679,True,False
820.05,10713,t10713,270,200.0,63,6,1,0.6507898578730246,False,63.49607512801562,2.4882161806699012,False,False
820.08,10714,t10714,220,150.0,31,3,6,0.6343399967312757,False,31.735597207917476,2.3205953119405613,False,False
820.12,10715,t10715,270,1000.0,22,3,6,0.631061378614832,False,315.31173343828635,2.9274553224963973,False,False
820.25,10717,t10717,270,200.0,83,10,2,0.6466111096228826,True,45.09287622020759,2.6173602217179415,True,False
820.3,10718,t10718,270,1000.0,28,0,8,0.6407108422751084,False,248.8936222837663,2.852923824062253,False,False
820.32,10719,t10719,270,200.0,99,2,4,0.6414323981857225,True,63.67366404560069,2.9403629708500993,True,False
820.33,10720,t10720,220,150.0,59,10,2,0.6489813489688865,True,26.410023799920683,2.243381226104741,True,False
820.41,10721,t10721,270,900.0,59,9,8,0.6376949123028252,False,219.77928197815822,2.6448432163794857,False,False
820.42,10722,t10722,170,500.0,89,8,10,0.63329540952672,True,88.05426992038124,1.5994200394758153,True,False
820.51,10723,t10723,80,50.0,82,10,2,0.6513041835279703,True,4.03433861002145,0.8061851416226219,True,False
820.54,10725,t10725,270,1000.0,46,7,2,0.6320567347104904,False,305.50847048429375,2.5818604713707156,False,False
820.55,10726,t10726,270,200.0,71,4,2,0.6349221309646964,True,53.15798372937845,2.924638499170782,True,False
820.61,10727,t10727,80,50.0,73,3,4,0.6509207910172531,True,3.4347390114202194,0.804963324647129,True,False
820.67,10728,t10728,170,100.0,49,6,8,0.6584620749373012,True,18.742929247826552,1.6166697003167052,True,False
820.76,10730,t10730,220,150.0,26,10,4,0.6417929432080713,False,27.270145266290896,2.175320702213655,False,False
820.81,10731,t10731,300,250.0,90,7,8,0.6336885026259226,True,67.51127430801685,3.140855826404426,True,False
820.83,10732,t10732,80,50.0,27,9,8,0.6343491958749505,True,3.737997776132322,0.7708609159695443,True,False
820.99,10733,t10733,300,250.0,56,2,5,0.6506468661576253,False,67.75648405122548,2.7464542231582065,False,False
821.02,10734,t10734,270,200.0,96,1,8,0.6250582129245053,True,47.83566219645564,2.4406797388973556,True,False
821.04,10735,t10735,120,75.0,71,6,1,0.6470307273822308,True,9.488019956381505,1.1880056083512924,True,False
821.06,10736,t10736,270,200.0,40,4,10,0.6266900650171683,False,60.11711228126862,2.891572222374524,False,False
821.08,10737,t10737,270,200.0,94,8,5,0.6239735858660899,True,58.344922451680226,2.8530553209487493,True,False
821.29,10739,t10739,300,250.0,31,7,8,0.636596914391586,False,84.06101857724515,2.9074770095526645,False,False
821.3,10740,t10740,220,150.0,54,9,10,0.6306628538185792,True,38.86671032017034,2.1060533448469743,True,False
821.35,10742,t10742,80,50.0,98,7,2,0.6286722666829473,True,4.220667628324627,0.7644695004921346,True,False
821.35,10741,t10741,80,50.0,22,0,6,0.6493708309334151,True,3.216659843030167,0.8320076621337531,True,False
821.68,10744,t10744,270,200.0,39,10,4,0.6382137510105766,False,55.66057045437684,2.5501670039489444,False,False
821.68,10743,t10743,220,700.0,56,1,5,0.6385028905758457,False,183.69711311936152,2.188597913882598,False,False
821.87,10746,t10746,170,100.0,32,10,1,0.6412980792200147,True,16.41123425216905,1.6163143186352216,True,False
821.91,10747,t10747,220,900.0,50,6,10,0.6223978026853052,False,211.6636725998609,2.264521053674743,False,False
822.07,10749,t10749,170,500.0,98,8,5,0.6270762959669498,True,85.75004282362353,1.8040483825541818,True,False
822.1,10750,t10750,80,50.0,29,10,1,0.6437745791740761,True,3.9628967992182083,0.7957444007162968,True,False
822.2,10751,t10751,270,200.0,30,0,2,0.6565328823155508,False,53.46132237293326,2.43435410958448,False,False
822.31,10752,t10752,300,250.0,88,4,6,0.6607627001918485,True,83.48065457161171,3.1502113378773697,True,False
822.33,10753,t10753,120,75.0,21,6,1,0.6495207795012529,True,8.269375389357752,1.1193206615628701,True,False
822.43,10754,t10754,270,200.0,68,3,4,0.6534845570150899,True,45.911740011868375,2.552944464093403,True,False
822.82,10756,t10756,80,50.0,24,1,5,0.6349894994309956,True,3.6672818486196133,0.8742791204007635,True,False
822.86,10758,t10758,270,1000.0,37,3,6,0.6278483328607172,False,301.8597212692981,2.459850384496457,False,False
822.9,10759,t10759,300,250.0,92,10,4,0.6347061426570317,True,74.79329405596623,2.99232620955833,True,False
823.05,10760,t10760,270,200.0,59,5,6,0.6395748490263786,True,47.84451323478868,2.6850649965396163,True,False
823.07,10761,t10761,170,100.0,50,3,6,0.6246995480216847,False,17.855598145408976,1.623887654554668,True,False
823.19,10762,t10762,300,250.0,95,10,2,0.6535805613958723,True,84.76585168907336,3.286247792155182,True,False
823.3,10763,t10763,300,1200.0,37,9,8,0.6372443937756334,False,329.9463381750729,3.091880641864317,False,False
823.33,10764,t10764,80,50.0,41,8,5,0.6301169518657926,True,4.025294263760626,0.748235238083502,True,False
823.34,10765,t10765,120,75.0,76,3,6,0.6216137388794328,True,9.73462123433912,1.2858450420064071,True,False
823.43,10766,t10766,220,700.0,47,7,8,0.6332731579219361,False,154.41981778527085,2.09539407964578,False,False
823.46,10767,t10767,220,700.0,89,1,5,0.6377203761090423,False,130.39604332123884,2.1546898364805918,False,False
823.51,10768,t10768,220,150.0,46,5,8,0.61965008547157,True,31.942996378653262,2.1780829624764046,True,False
823.53,10769,t10769,170,100.0,99,9,10,0.6336317785603894,True,19.779329526044446,1.7363405700671475,True,False
823.56,10770,t10770,220,900.0,62,3,4,0.6559970476929698,False,188.17303707340108,2.3323679766414283,False,False
823.63,10771,t10771,300,250.0,73,7,2,0.6315294880159549,True,70.36032615067845,3.0452034503911385,True,False
823.7,10772,t10772,220,150.0,80,7,8,0.6300158765816791,True,31.842514445188858,2.154513714246231,True,False
823.89,10773,t10773,270,200.0,20,3,5,0.6664343260396447,False,59.712643891088284,2.741393679836733,False,False
824.01,10774,t10774,80,50.0,71,4,2,0.6378058701635843,True,3.3376467272551746,0.7236112962623371,True,False
824.18,10775,t10775,270,200.0,72,7,2,0.6343295649223025,True,61.26871939896045,2.771422414527513,True,False
824.31,10776,t10776,270,200.0,77,10,4,0.6374426864705577,True,44.8145796418045,2.5318272154920183,True,False
824.37,10777,t10777,220,900.0,56,7,8,0.6329977408682275,False,167.06647931346097,1.9985952470091326,False,False
824.38,10778,t10778,120,75.0,46,1,5,0.6342226352535282,True,9.173447074620356,1.1056135478188545,True,False
824.41,10779,t10779,270,200.0,64,0,8,0.6370250869680678,True,50.67946114125834,2.7540240102911557,True,False
824.55,10780,t10780,170,100.0,97,7,10,0.631953939842419,False,14.639405985422387,1.6922185462069794,True,False
824.57,10781,t10781,300,250.0,32,8,5,0.6330967946466587,False,76.82433055857301,3.023119368639445,False,False
824.57,10782,t10782,80,50.0,38,8,5,0.6298430405719072,True,4.135665609010783,0.8074910341805144,True,False
824.59,10783,t10783,80,50.0,67,9,5,0.6583216124289955,True,4.429650718391233,0.7202583849866235,True,False
824.65,10784,t10784,120,75.0,24,10,2,0.6558114117064164,True,7.606602678998242,1.2333955818221969,True,False
824.97,10786,t10786,170,100.0,74,4,2,0.6406319345784944,True,18.093005756989037,1.5841373437631505,True,False
825.06,10788,t10788,170,500.0,84,4,2,0.6434014777051064,True,72.05763602284183,1.536212228234063,True,False
825.12,10790,t10790,170,100.0,36,5,8,0.6228392655803204,True,14.767320286000912,1.5651010361994933,True,False
825.18,10791,t10791,170,500.0,73,2,1,0.6640067576949488,True,70.74267813451684,1.537155656427929,True,False
825.26,10792,t10792,300,250.0,85,0,6,0.6518140809814136,True,79.66069402820143,3.2229331322446235,True,False
825.39,10793,t10793,120,75.0,73,8,5,0.632828361578651,True,8.567965566756865,1.1449217319472826,True,False
825.39,10794,t10794,80,50.0,68,4,2,0.646115629969186,True,4.322075224200107,0.7660606085363673,True,False
825.4,10795,t10795,300,250.0,94,0,2,0.6528104064874216,True,60.55965845607547,3.065156337408494,True,False
825.44,10796,t10796,270,900.0,65,0,2,0.655336380175855,False,198.23059991413166,2.9274673186569276,False,False
825.47,10797,t10797,170,100.0,51,7,8,0.6297459678690447,True,18.73392490993191,1.5702199538349288,True,False
825.49,10798,t10798,170,700.0,94,8,10,0.6362116831543675,False,139.96729668403367,1.6545181366190194,False,False
825.52,10799,t10799,270,1000.0,33,8,4,0.6389438830337754,False,297.09116719720583,2.79310636114436,False,False
825.61,10800,t10800,170,100.0,66,5,8,0.6259646620868958,True,18.65395617076747,1.7215600932874902,True,False
825.63,10801,t10801,300,1000.0,63,7,10,0.6287230428637525,False,270.9913463280172,3.1297151355815016,False,False
825.66,10802,t10802,170,100.0,86,3,6,0.624763645920026,True,19.184584910346175,1.579565870716636,True,False
825.69,10803,t10803,170,700.0,62,9,5,0.6605858468470822,False,134.55448616798085,1.6956311730998093,False,False
825.78,10804,t10804,220,150.0,93,9,8,0.6339076877183025,True,35.32625143573928,2.067380483853721,True,False
825.99,10806,t10806,270,200.0,81,6,1,0.6519610305778945,True,53.886963017859834,2.488366917746936,True,False
826.0,10807,t10807,80,50.0,23,1,2,0.609401234666579,True,4.754066323643447,0.8747519703476776,True,False
826.26,10809,t10809,270,200.0,93,2,4,0.6441859320401899,True,43.88140788466522,2.9495365945634315,True,False
826.26,10810,t10810,270,1000.0,71,9,5,0.6566307965768072,False,232.93838330315424,2.6141031183036754,False,False
826.28,10811,t10811,80,50.0,90,7,4,0.6276440865326975,True,4.1403477225950285,0.7631865808470035,True,False
826.39,10812,t10812,270,900.0,32,10,1,0.646201549129056,False,219.70158876151862,2.534703372253229,False,False
826.63,10814,t10814,300,1200.0,90,6,8,0.6608750152567372,False,332.0338987364752,2.889275693661241,False,False
826.76,10815,t10815,120,75.0,35,6,1,0.6543524766330032,True,10.157632689170372,1.098624526618494,True,False
826.88,10819,t10819,300,250.0,47,2,5,0.6470421106526547,False,66.10962734975915,2.883031739387767,False,False
827.01,10820,t10820,120,75.0,40,5,6,0.642365533864033,True,7.558410167346418,1.155040486279652,True,False
827.21,10821,t10821,220,150.0,38,10,4,0.6401244994078134,False,38.5279637945199,2.274976382322747,False,False
827.36,10822,t10822,120,75.0,66,0,8,0.639587046767168,True,9.384649796353271,1.0946547499127217,True,False
827.61,10823,t10823,120,75.0,34,6,8,0.6570656967697842,True,9.87273036696834,1.272284697507858,True,False
827.68,10824,t10824,220,150.0,85,6,10,0.6192065132982657,True,35.976289934654076,2.1081575567761908,True,False
827.7,10825,t10825,300,1000.0,88,0,2,0.6516378343905197,False,348.8686524413295,3.054892674424607,False,False
827.71,10826,t10826,80,50.0,37,2,5,0.6435094502577835,True,3.7718470822121617,0.7578790377567796,True,False
827.72,10827,t10827,80,50.0,75,8,10,0.6328956313094619,True,3.635741847613284,0.7422995159831761,True,False
827.76,10828,t10828,220,700.0,27,2,4,0.6468843952175679,False,136.13686244202185,2.346712343091551,False,False
827.79,10829,t10829,270,900.0,71,5,8,0.6290275506633397,False,277.1605512544779,2.6331907973666957,False,False
827.86,10830,t10830,270,200.0,66,4,10,0.6234129303834915,True,63.456023384076474,2.8231880228935062,True,False
828.01,10832,t10832,270,200.0,78,9,5,0.6527548473119377,True,57.68351995661852,2.8258916864662096,True,False
828.12,10833,t10833,220,150.0,36,9,8,0.6368117157821183,False,36.695471781489516,2.0727543370871397,False,False
828.17,10834,t10834,270,900.0,86,2,4,0.6433548891313984,False,213.6937838571937,2.711500456836888,False,False
828.27,10835,t10835,170,100.0,81,5,8,0.6258551814682548,True,13.6501628620782,1.5477387869711987,True,False
828.33,10836,t10836,80,50.0,83,0,2,0.6480132595208912,True,4.070586154612455,0.8455514070742084,True,False
828.56,10837,t10837,170,500.0,63,6,1,0.6566960937670099,False,101.80766707895609,1.6489747826603531,False,False
828.64,10838,t10838,80,50.0,43,0,2,0.6506351761486552,True,3.713559910162465,0.830988257503991,True,False
828.75,10839,t10839,220,900.0,51,6,1,0.6528188385583363,False,215.8048489852008,2.276337694213259,False,False
828.75,10840,t10840,270,900.0,26,4,10,0.6263753384424884,False,208.56874451026638,2.775148890135129,False,False
828.78,10841,t10841,270,200.0,51,0,8,0.6420977673702861,True,49.350765509870996,2.929174809799472,True,False
828.78,10842,t10842,220,150.0,22,7,8,0.6327332303298456,False,34.790674145741406,2.2303899068825093,False,False
828.88,10843,t10843,270,200.0,61,10,4,0.6365786760863237,True,46.8992151007169,2.4642312807862616,True,False
828.92,10844,t10844,300,250.0,55,1,8,0.6278595102044766,False,81.78820227667428,2.737849402672544,False,False
828.98,10845,t10845,80,50.0,74,1,5,0.6369688492151242,True,3.5499860809428725,0.8662854645479998,True,False
829.03,10846,t10846,300,1000.0,27,7,8,0.6294867475414305,False,293.83735827879786,3.026444281075473,False,False
829.05,10847,t10847,170,100.0,37,3,6,0.6278505548198072,True,18.690279154694892,1.7259057452296407,True,False
829.08,10848,t10848,270,200.0,51,3,6,0.630875725541593,False,51.97849862099657,2.791057461104273,False,False
829.31,10850,t10850,170,100.0,68,6,1,0.6490191284538362,True,20.34559821200583,1.587563953020738,True,False
829.32,10851,t10851,170,500.0,73,8,10,0.6358199005014545,False,96.36908794745808,1.8065046356947598,False,False
829.53,10853,t10853,80,50.0,98,7,2,0.6370736402905232,True,3.351390579191394,0.7222972546469886,True,False
829.76,10854,t10854,300,250.0,53,1,5,0.6396601388974884,False,61.30931628389924,3.1564517120885727,False,False
829.81,10855,t10855,120,75.0,41,2,4,0.6398959731669522,True,10.227298607235372,1.2326973193477047,True,False
829.84,10856,t10856,170,100.0,86,4,2,0.6487754991879842,True,17.795169745451002,1.7227256816524479,True,False
829.92,10857,t10857,80,50.0,36,2,1,0.6663088043592316,True,3.9818406461000606,0.7592461381378443,True,False
829.92,10858,t10858,300,250.0,86,4,10,0.6231044983403053,True,81.70815584408021,3.1678790932862007,True,False
830.03,10859,t10859,220,150.0,27,4,10,0.6260730750401658,False,38.997810233634596,2.1857446569000274,False,False
830.12,10860,t10860,300,1200.0,80,0,6,0.6542084660284518,False,306.8954344012765,3.2151906076137964,False,False
830.14,10861,t10861,170,500.0,84,1,2,0.6127953917914292,True,75.2630126425397,1.6790976362409353,True,False
830.25,10862,t10862,80,50.0,90,2,4,0.642680235521795,True,4.2001193231048095,0.8032877734334058,True,False
830.3,10863,t10863,300,250.0,97,4,2,0.6513821710224063,True,69.5925234019965,2.9907145384059532,True,False
830.5,10864,t10864,80,50.0,44,1,2,0.6161216657737825,True,4.255097780017233,0.8443288229290803,True,False
830.53,10865,t10865,300,250.0,97,3,4,0.6522852885572923,False,72.54189972294073,3.292380547265378,True,False
830.55,10866,t10866,80,50.0,37,9,10,0.6365413248073635,False,3.9799254098736627,0.7606388639096133,True,False
830.64,10868,t10868,270,200.0,23,4,2,0.65393670942014,False,47.00327638427732,2.758606858218021,False,False
830.67,10869,t10869,220,150.0,50,4,6,0.6631296280061934,True,26.524178331146476,2.0093285689797105,True,False
830.67,10870,t10870,80,50.0,34,4,10,0.6228082802060292,True,3.4676713180010226,0.8262743586652701,True,False
830.68,10871,t10871,220,150.0,81,5,8,0.6289202596570714,True,39.46058643707357,2.13171430288897,True,False
830.75,10872,t10872,170,100.0,72,2,1,0.6685648100902287,True,16.37028686752419,1.781045716672931,True,False
830.81,10873,t10873,300,250.0,80,10,2,0.6579976450107496,False,83.13268608452258,2.909962039516956,False,False
830.94,10876,t10876,80,50.0,69,7,2,0.6397628341513794,True,4.539965006923677,0.874672946395382,True,False
830.94,10875,t10875,300,250.0,81,3,4,0.6486477646043283,True,67.76155335315207,2.9181185220204866,True,False
830.97,10877,t10877,300,250.0,63,4,2,0.650266157049919,True,60.50159792619941,3.1180983978867785,True,False
831.09,10878,t10878,270,200.0,65,8,4,0.6354216720397664,True,54.24094529645134,2.8728177318521193,True,False
831.12,10879,t10879,300,250.0,88,6,1,0.6514694125514262,True,66.27703532835942,2.92714982341503,True,False
831.15,10880,t10880,120,75.0,77,7,4,0.6306733866202254,True,9.424443592349286,1.112122975918356,True,False
831.25,10881,t10881,170,100.0,58,0,2,0.6532046544438639,True,18.13760241629894,1.828535138925584,True,False
831.44,10884,t10884,300,250.0,66,10,4,0.6392777692312639,False,66.96694746499236,2.808297002282915,False,False
831.44,10883,t10883,120,75.0,41,10,2,0.6539661536489962,True,7.944271755003801,1.2094339164076626,True,False
831.54,10885,t10885,120,75.0,40,10,1,0.6424059796849364,True,8.392370750204648,1.2133604879234183,True,False
831.56,10886,t10886,220,150.0,80,0,2,0.6557227431731684,True,27.908866467562845,2.341947288414197,True,False
831.95,10887,t10887,300,1200.0,56,4,10,0.6257827812685753,False,372.508912161635,3.125646889891445,False,False
832.05,10888,t10888,300,250.0,85,6,10,0.6222530496989671,False,88.00688209923092,2.8496691308155606,False,False
832.11,10889,t10889,120,75.0,21,6,10,0.6190646553716544,True,10.708157568942816,1.2161539189663957,True,False
832.14,10890,t10890,300,250.0,85,4,2,0.6528430157271025,True,82.53838599452139,3.22225437828025,True,False
832.21,10891,t10891,300,250.0,27,7,2,0.6423982441350184,False,77.17419989702853,3.133106020423884,False,False
832.35,10892,t10892,270,200.0,73,4,6,0.6654492172642513,True,57.11452979010359,2.644900247750222,True,False
832.52,10894,t10894,220,150.0,80,10,2,0.6561892921144779,True,33.62176968852832,2.000538813470095,True,False
832.55,10895,t10895,120,75.0,95,8,5,0.6357539761652597,True,10.215924497380295,1.1619315909355001,True,False
832.56,10896,t10896,270,200.0,94,6,10,0.6221140289308881,True,45.223550364176056,2.7892986323485345,True,False
832.58,10897,t10897,270,900.0,72,10,2,0.6583679678106498,False,247.62314401208704,2.5781420602676732,False,False
832.61,10898,t10898,220,150.0,33,3,5,0.6625138213370335,False,34.31054828254589,2.241869668556225,False,False
832.66,10899,t10899,300,250.0,99,1,5,0.6361236027862053,True,76.16511527111919,2.951685745129118,True,False
832.69,10900,t10900,220,700.0,31,6,1,0.6538706909670643,False,125.63161483502017,2.123757564160803,False,False
832.79,10902,t10902,220,700.0,62,0,2,0.6581904701278869,False,176.65163956655067,2.1609706585032527,False,False
832.8,10903,t10903,170,100.0,52,7,6,0.6271741173805162,True,18.457669560802767,1.5709610453634628,True,False
832.85,10904,t10904,170,500.0,91,8,4,0.6381439052656378,True,85.76823116926359,1.8333353301628341,True,False
832.95,10905,t10905,170,100.0,28,3,6,0.6276663928489429,True,16.715877762305922,1.7452363051845343,True,False
832.97,10906,t10906,170,700.0,92,0,2,0.654434842543511,False,112.98900833842639,1.7699453462229908,False,False
833.02,10907,t10907,300,250.0,33,5,4,0.6380370231530581,False,80.20950938710345,2.8614740777869647,False,False
833.11,10908,t10908,80,50.0,22,8,10,0.6325116843096071,True,3.857307022347049,0.7518994777131086,True,False
833.17,10909,t10909,80,50.0,27,6,8,0.6595065646525703,True,3.430150219697249,0.8082327145085474,True,False
833.32,10910,t10910,170,500.0,42,9,8,0.6334836632846578,False,84.94398795566933,1.6747737660504538,False,False
833.37,10911,t10911,220,150.0,75,7,4,0.6336421007060028,True,26.636031763175005,2.122571391434345,True,False
833.38,10912,t10912,300,250.0,28,1,5,0.6388317973971478,False,61.06941105206922,2.793340874827421,False,False
833.73,10913,t10913,80,50.0,77,4,2,0.6553683372307423,True,4.320162537435567,0.8005351207718946,True,False
833.78,10914,t10914,300,1000.0,81,3,5,0.6586717267284747,False,288.66814502199054,3.0835845206107315,False,False
833.84,10915,t10915,220,700.0,34,10,1,0.6448603216296993,False,125.57005642062913,2.4098458172958512,False,False
833.94,10917,t10917,220,150.0,56,2,1,0.6707756957066061,True,30.968795133798245,2.1825195515353197,True,False
833.96,10918,t10918,300,1000.0,76,4,2,0.6578431523043092,False,266.31380873503184,2.853638849180477,False,False
834.04,10919,t10919,120,75.0,46,7,6,0.6302128168510877,True,7.672327614921443,1.242866352690595,True,False
834.13,10920,t10920,170,100.0,70,9,10,0.633218680129398,True,17.3470119151391,1.8183678480389094,True,False
834.18,10923,t10923,220,900.0,66,8,10,0.6354436324415969,False,197.97781818621294,2.107314849146733,False,False
834.19,10924,t10924,170,500.0,52,3,6,0.6306952468101459,False,74.71451293435699,1.5829897324860214,False,False
834.2,10925,t10925,270,200.0,83,6,10,0.6251024150189369,True,64.29259279711762,2.5216275438158307,True,False
834.34,10926,t10926,170,700.0,79,2,1,0.6729423636106557,False,142.70778968782236,1.70225648404281,False,False
834.57,10928,t10928,120,75.0,37,4,2,0.6540944710764048,True,8.435348762498558,1.1245742351194516,True,False
834.59,10930,t10930,220,900.0,54,6,8,0.6618986151777008,False,166.08336459926198,2.033946867117048,False,False
834.72,10931,t10931,80,50.0,20,6,8,0.6580688246923286,True,4.0014051028033,0.7848166644666873,True,False
834.73,10932,t10932,270,200.0,69,6,10,0.6280310333852249,True,52.51982714383455,2.899948403207819,True,False
834.75,10933,t10933,300,250.0,58,1,8,0.6244307815388486,False,66.94777207392444,2.77543992899805,False,False
834.96,10934,t10934,80,50.0,78,5,8,0.6319240362821119,True,4.559268555005132,0.8634648843819369,True,False
835.01,10935,t10935,300,250.0,88,10,1,0.6410915767355667,False,88.02916590544349,3.1159510168831153,False,False
835.02,10936,t10936,300,1000.0,36,10,2,0.6543290699928983,False,240.66546338524603,2.748663251564091,False,False
835.04,10937,t10937,80,50.0,60,4,2,0.6565947634730586,True,3.606359549481039,0.8638345511390025,True,False
835.21,10938,t10938,300,250.0,84,6,1,0.6500499438143897,True,80.29546386923295,3.1485629763570557,True,False
835.26,10939,t10939,220,150.0,46,0,6,0.6503809633745495,False,28.750365036213854,2.380359890844691,True,False
835.43,10940,t10940,80,50.0,49,3,5,0.654906474012087,True,3.82453466009481,0.8610322884818129,True,False
835.44,10941,t10941,120,75.0,98,2,5,0.6462214430708096,True,7.793659250831763,1.2516890463490482,True,False
835.48,10942,t10942,170,500.0,53,7,6,0.6331907423322477,False,98.887888498463,1.8515002384033008,False,False
835.54,10943,t10943,80,50.0,27,10,2,0.650370950131502,True,4.763095844614428,0.7955806308449853,True,False
835.6,10944,t10944,170,500.0,70,4,2,0.6590450500217792,False,78.02796390075619,1.6459120439051258,False,False
835.63,10945,t10945,220,150.0,38,1,5,0.6353118281158715,True,30.894126430066176,1.9870356734558428,True,False
835.66,10946,t10946,80,50.0,77,5,8,0.6348677373746515,True,3.479647078943283,0.8315073548863782,True,False
835.69,10947,t10947,170,100.0,57,9,8,0.6302221718371463,True,15.900768009794595,1.8566685350358845,True,False
835.93,10949,t10949,170,100.0,46,3,6,0.6274895236921247,True,16.22923659893653,1.8339754680986926,True,False
836.05,10950,t10950,300,250.0,86,5,6,0.645100405004934,True,62.78469635469762,3.0363485368505883,True,False
836.31,10951,t10951,170,100.0,64,10,4,0.6357488805133052,True,14.785794821382657,1.7023261224329183,True,False
836.39,10952,t10952,220,900.0,91,10,4,0.6384645695697059,False,191.21778614150946,2.0228873672790146,False,False
836.49,10955,t10955,220,150.0,43,8,10,0.6321429416109468,True,38.98441698896303,2.3876269145904,True,False
836.64,10956,t10956,300,250.0,38,4,2,0.6552723308395254,False,67.94536818425163,3.2629159118760898,False,False
836.88,10957,t10957,170,500.0,60,4,6,0.6677224147371481,False,100.54384413792296,1.827406831814355,False,False
837.01,10959,t10959,220,150.0,29,9,10,0.6361364883449919,True,28.922722298689315,2.3493308682077734,True,False
837.05,10963,t10963,300,250.0,50,10,1,0.6373982067393169,False,86.18267351661686,3.0850701522282593,False,False
837.05,10962,t10962,270,900.0,89,6,8,0.6604896300166638,False,205.68240192180593,2.815703689390187,False,False
837.14,10964,t10964,170,100.0,78,3,6,0.630521915036464,True,16.1705426742079,1.6275206112190803,True,False
837.33,10967,t10967,170,100.0,58,5,6,0.6477805787230172,True,17.37613037442115,1.7615641606367272,True,False
837.33,10968,t10968,170,100.0,50,4,10,0.6225237923098704,True,16.71871345087604,1.6067018666127744,True,False
837.51,10970,t10970,220,700.0,41,4,6,0.663776148260587,False,162.45382481827966,2.3640863338976734,False,False
837.55,10972,t10972,80,50.0,50,1,2,0.6193814142764886,True,3.979509445483756,0.7352065739155171,True,False
837.57,10973,t10973,270,1000.0,41,8,4,0.6408116938269917,False,265.05021789129194,2.5394400808770454,False,False
837.57,10974,t10974,300,1200.0,61,0,2,0.6507543275108226,False,337.9996823056083,2.798552183918781,False,False
837.73,10976,t10976,170,100.0,44,10,1,0.6337787041429921,True,16.067084209593673,1.5474284000368685,True,False
837.76,10977,t10977,220,150.0,90,2,4,0.6454088126295409,True,28.901650453469294,2.09931582180446,True,False
837.79,10978,t10978,220,150.0,47,10,1,0.6364055915985938,True,36.323647908743595,2.2239789634328226,True,False
837.82,10979,t10979,170,100.0,88,5,4,0.6346844645081787,True,19.09225156321197,1.5675134741194916,True,False
837.97,10980,t10980,270,200.0,42,10,1,0.6389799413050836,False,57.82793374298343,2.71864848596139,False,False
838.0,10981,t10981,170,100.0,81,2,1,0.6688916981566245,True,17.615294977986444,1.6860713715030942,True,False
838.1,10982,t10982,300,250.0,78,9,8,0.6331999102185852,False,80.47502393045961,3.0795286677448765,False,False
838.23,10983,t10983,170,700.0,98,3,6,0.6334936585539166,False,100.13758200371666,1.7832099358994673,False,False
838.36,10984,t10984,270,1000.0,66,8,4,0.6372521266171185,False,298.1943118734138,2.6355445048910346,False,False
838.58,10986,t10986,170,500.0,32,5,6,0.6504071489667387,False,95.37719422004302,1.6996815886793186,False,False
838.64,10987,t10987,170,700.0,91,3,5,0.6573905263500271,False,128.71555272659657,1.6859359726605039,False,False
838.66,10988,t10988,270,200.0,92,4,10,0.6255039831303397,True,55.3877479017173,2.8958095117769203,True,False
838.8,10989,t10989,170,700.0,72,5,8,0.6377525644453402,False,101.31642096735239,1.841627138577444,False,False
839.08,10990,t10990,300,250.0,97,2,1,0.6710960460116738,True,78.41426184959755,2.9567098371518097,True,False
839.14,10991,t10991,220,700.0,60,4,2,0.6515750660409168,False,137.70195405564672,2.0601917311238584,False,False
839.2,10993,t10993,170,100.0,35,6,10,0.630901079384187,True,16.865468806759946,1.7031314287669133,True,False
839.27,10994,t10994,300,1200.0,79,1,5,0.6380362582202207,False,347.6074980954207,3.1370685064536152,False,False
839.43,10995,t10995,120,75.0,79,1,8,0.6210706274465332,True,9.273017030330728,1.1798276589727001,True,False
839.44,10996,t10996,220,150.0,31,3,6,0.63023196720102,False,35.924971228151016,2.28638185980767,False,False
839.51,10997,t10997,270,200.0,79,0,2,0.647147422778788,True,43.949440216851755,2.6470085068145055,True,False
839.58,10999,t10999,120,75.0,97,5,8,0.6344056949746152,True,8.265107285645787,1.2464396530679183,True,False
839.69,11001,t11001,80,50.0,76,9,5,0.6551304170323656,True,3.218245094035704,0.8617731961064857,True,False
839.73,11002,t11002,80,50.0,70,4,10,0.6284245701343996,True,3.821383649433524,0.7823413861436834,True,False
839.96,11004,t11004,220,150.0,78,1,2,0.6225759678091407,True,30.45899184011005,2.3458209191423283,True,False
840.07,11005,t11005,120,75.0,48,8,5,0.6386210784601364,True,10.790272836080792,1.2688165081772025,True,False
840.34,11006,t11006,220,150.0,43,9,10,0.6389959403962738,False,37.300905590368465,2.2671515224661487,True,False
840.4,11007,t11007,80,50.0,46,6,1,0.6524796116047686,True,4.790947774399866,0.7680168162997562,True,False
840.45,11009,t11009,270,1000.0,28,0,2,0.649786656141394,False,301.9593525652125,2.9262213165768536,False,False
840.54,11010,t11010,220,150.0,69,8,10,0.6350822645969096,True,30.61801019135583,2.2640778798942365,True,False
840.77,11011,t11011,220,150.0,31,9,10,0.6356242034065301,True,29.9150543401738,2.22507277311308,True,False
840.83,11012,t11012,80,50.0,39,7,4,0.6365514405100645,True,3.482619479573669,0.8395140598516448,True,False
840.86,11013,t11013,170,100.0,86,3,5,0.6536508976412084,True,18.152519252235848,1.68696269220052,True,False
840.88,11014,t11014,170,100.0,49,6,10,0.63371372446317,True,15.717503413080024,1.8001543055184275,True,False
840.99,11015,t11015,170,500.0,24,6,10,0.6364701166405732,False,90.77123101748337,1.5768684106424815,False,False
841.47,11017,t11017,80,50.0,49,3,6,0.6270355096751815,False,4.216319753799061,0.8690652997766494,True,False
841.53,11018,t11018,80,50.0,22,5,8,0.6372997628933047,True,4.724960132855527,0.8092676836093287,True,False
841.53,11019,t11019,80,50.0,27,8,10,0.6379628011231532,True,3.881951541821087,0.7766302036724464,True,False
841.61,11020,t11020,220,150.0,83,9,8,0.6299440938323954,True,27.77663719037869,2.1477530062690913,True,False
841.72,11021,t11021,170,500.0,45,1,8,0.6239516764360642,False,92.76485125862438,1.711072658276576,False,False
841.75,11022,t11022,300,250.0,28,0,8,0.644558273561342,False,64.29519341956937,3.131750402827964,False,False
841.96,11024,t11024,220,700.0,22,0,2,0.646199104836748,False,141.10845452511344,2.3756840981653276,False,False
842.05,11025,t11025,270,200.0,31,7,2,0.6388069459189848,False,52.52130303074773,2.5421034058410963,False,False
842.25,11027,t11027,220,150.0,41,3,5,0.656160061506566,True,27.30345154525406,2.160501917383961,True,False
842.25,11026,t11026,120,75.0,27,7,4,0.6394025935180451,True,10.752458542983023,1.1716400085136989,True,False
842.31,11028,t11028,120,75.0,36,4,2,0.6479517465382801,True,9.119580341675443,1.088671417084664,True,False
842.34,11029,t11029,300,1000.0,98,8,4,0.6337637507514428,False,342.5621418964064,2.7155824934825272,False,False
842.5,11030,t11030,120,75.0,98,6,8,0.6566880192345124,True,10.68766416133393,1.244541290233977,True,False
842.62,11031,t11031,270,900.0,98,1,8,0.6206011044458044,False,195.37532563470023,2.878878651017684,False,False
842.72,11032,t11032,120,75.0,64,9,8,0.6329273937739293,True,10.579782620060882,1.3062417406751794,True,False
842.73,11033,t11033,270,200.0,89,5,8,0.6401359494536205,True,52.59598425342941,2.953517056918295,True,False
842.75,11034,t11034,80,50.0,97,1,5,0.634532199722483,True,3.9740218632826743,0.7592690312836542,True,False
842.92,11035,t11035,120,75.0,94,6,8,0.6591364406680039,True,7.717962469747729,1.1516479385555043,True,False
843.36,11037,t11037,120,75.0,66,1,5,0.6372722223946999,True,8.148003792616226,1.2089316913152115,True,False
843.54,11038,t11038,220,900.0,86,5,4,0.637572957036197,False,169.42641532060864,2.1857069202502033,False,False
843.59,11039,t11039,270,200.0,95,6,1,0.6548606860393399,True,62.638359595161475,2.4534984524485917,True,False
843.69,11042,t11042,80,50.0,60,0,6,0.6466300107737252,True,4.307448565931693,0.8198578184602061,True,False
843.71,11044,t11044,170,100.0,55,7,4,0.642196723465866,True,14.660439457517269,1.5817693099599315,True,False
843.71,11043,t11043,270,1000.0,24,5,4,0.6342296797136548,False,228.76431040963223,2.7175158972801152,False,False
843.88,11047,t11047,120,75.0,80,10,4,0.6349519448449784,True,10.461988823394076,1.3002865177250162,True,False
843.94,11048,t11048,80,50.0,69,0,8,0.6407955696285768,True,3.8379894699044,0.7256452298811248,True,False
844.1,11049,t11049,300,250.0,30,0,8,0.6432821197744667,False,80.58607580761765,3.144522610003581,False,False
844.13,11050,t11050,220,900.0,65,1,8,0.6173175438953498,False,193.05697304632056,2.2440117223430622,False,False
844.34,11051,t11051,220,150.0,89,6,8,0.6615358936728256,False,36.48980659080352,2.400339785793193,True,False
844.37,11052,t11052,170,100.0,71,3,4,0.6512569911304235,True,18.60161873183603,1.79467408136386,True,False
844.44,11054,t11054,270,900.0,56,7,4,0.6449349708147304,False,241.89763458470435,2.9263192255955626,False,False
844.49,11055,t11055,300,1000.0,88,9,8,0.6358510277166325,False,254.69866186361634,2.8759417000102605,False,False
844.52,11056,t11056,170,700.0,70,6,1,0.6571941389852197,False,134.33210415595462,1.834137741496022,False,False
844.56,11057,t11057,170,100.0,73,0,6,0.6491280772249174,True,16.396116795077287,1.6426648758866007,True,False
844.58,11058,t11058,220,900.0,37,2,5,0.6488791960275752,False,209.83033926528492,2.1731414657462746,False,False
844.65,11059,t11059,300,1000.0,98,1,2,0.6257066302711397,False,295.10421955946657,2.7555018785808687,False,False
844.69,11060,t11060,170,700.0,74,7,4,0.6414444532166177,False,97.07730959843502,1.8334250616615417,False,False
844.73,11061,t11061,220,150.0,36,4,10,0.6312867453983783,True,32.685660977875045,2.256088192981526,True,False
844.79,11063,t11063,300,250.0,83,3,5,0.6586190420946166,False,84.83283444739172,3.135720951722896,False,False
844.8,11064,t11064,270,1000.0,82,9,5,0.657458475358385,False,232.25919696229164,2.9494479147130517,False,False
844.85,11065,t11065,120,75.0,66,10,4,0.6376835726147455,True,7.687460272892225,1.1831569480872162,True,False
844.88,11066,t11066,80,50.0,60,0,8,0.639544938917439,True,4.594178715354772,0.8020929420856224,True,False
844.92,11067,t11067,120,75.0,55,3,4,0.6538140331259968,False,8.672117042853976,1.08014571661311,True,False
844.95,11068,t11068,170,100.0,33,9,8,0.6325421889804816,True,18.28129590706464,1.6032898661203552,True,False
845.24,11069,t11069,170,500.0,84,2,5,0.6453097939252056,True,83.95808312779833,1.5833175413298184,True,False
845.41,11070,t11070,120,75.0,80,8,10,0.640785726918872,True,8.243343543621446,1.1361928988300214,True,False
845.45,11071,t11071,270,900.0,59,10,2,0.6526659926673335,False,203.2129164217892,2.6675068337280092,False,False
845.46,11072,t11072,270,200.0,27,1,2,0.6226006794838987,False,51.507437558460865,2.7655735954037866,False,False
845.48,11073,t11073,300,250.0,75,7,2,0.6352874736672717,True,61.122236015643125,3.060102803041749,True,False
845.48,11074,t11074,300,1000.0,34,0,6,0.6515761823470857,False,323.4040032897202,3.191692305746889,False,False
845.51,11075,t11075,220,150.0,52,10,1,0.6353288040174434,False,31.204076146769342,2.3783732851344808,True,False
845.57,11076,t11076,80,50.0,45,10,4,0.6403605678291172,True,4.52564461953122,0.8350702198289461,True,False
845.67,11077,t11077,170,100.0,93,2,1,0.6732563069096221,True,16.572669709612054,1.613160424016685,True,False
845.7,11078,t11078,170,500.0,22,0,8,0.6420565016775517,False,98.77203491324745,1.6035656486888823,False,False
845.73,11079,t11079,300,1000.0,87,7,2,0.6380123908605929,False,353.4008392303099,3.2662702342193017,False,False
845.84,11081,t11081,300,1200.0,26,2,5,0.6479857798648833,False,313.74518765112543,2.728172103014598,False,False
846.1,11082,t11082,120,75.0,49,3,4,0.6501459342816588,True,10.085764615771705,1.1778080955897565,True,False
846.11,11084,t11084,120,75.0,41,6,1,0.6533069228721821,True,10.285654036104932,1.2233676645358136,True,False
846.32,11085,t11085,170,100.0,29,6,1,0.6556714510814051,True,16.589484994834777,1.7120999896397548,True,False
846.34,11086,t11086,170,100.0,43,3,4,0.6527251974142073,True,18.0341775033136,1.7421092740611617,True,False
846.69,11087,t11087,270,200.0,67,5,8,0.64291541228273,True,44.56441427520528,2.790722560830807,True,False
846.83,11089,t11089,270,200.0,86,2,4,0.6480828181951318,True,62.66776277911966,2.494248622916667,True,False
846.92,11090,t11090,170,500.0,56,10,2,0.6487411343524483,False,92.62959163368086,1.8470405984560687,False,False
847.06,11091,t11091,170,700.0,63,1,8,0.6140996545559043,False,131.82759406910014,1.6946795601666156,False,False
847.16,11092,t11092,80,50.0,24,8,4,0.6303451424030806,True,4.689136465184722,0.7969568539890499,True,False
847.35,11094,t11094,170,700.0,39,8,10,0.6435521941986764,False,109.01591703107579,1.6583710446137394,False,False
847.36,11095,t11095,220,150.0,73,5,4,0.6309532679375636,True,31.70755856848998,2.3609031668189937,True,False
847.5,11097,t11097,120,75.0,83,1,2,0.6195568477124026,True,10.617209534210877,1.1131347951980988,True,False
847.51,11098,t11098,80,50.0,67,10,4,0.6429840231392016,True,3.9079773530936306,0.7273155450529032,True,False
847.77,11099,t11099,300,1000.0,20,7,4,0.6380237459704672,False,325.2058425055018,2.7263316809743943,False,False
847.84,11100,t11100,120,75.0,25,7,6,0.6299351093037846,False,9.216411550233982,1.25798520901877,True,False
848.11,11101,t11101,170,100.0,74,5,6,0.6468071878055858,True,16.923325795445432,1.549051367589003,True,False
848.13,11102,t11102,300,250.0,56,5,6,0.6494532258676559,False,74.86219515913353,3.143362705328726,False,False
848.2,11103,t11103,80,50.0,32,7,2,0.6345088097100476,True,3.591653109976496,0.8686628344608178,True,False
848.3,11105,t11105,170,100.0,66,9,5,0.653565972517884,True,16.42919717723571,1.839123618366668,True,False
848.35,11107,t11107,120,75.0,63,9,8,0.6354735270190538,True,9.371705332148405,1.2457958127046658,True,False
848.45,11108,t11108,300,1200.0,77,4,10,0.6340916771570774,False,407.06506311405275,3.2910289639580292,False,False
848.78,11109,t11109,170,100.0,26,2,1,0.6753733625896114,True,17.309359282839843,1.809479399470721,True,False
848.81,11110,t11110,300,1200.0,37,1,8,0.6109461230032478,False,316.337654417632,3.071874959482067,False,False
848.91,11112,t11112,270,900.0,56,7,4,0.6346714528692396,False,220.2748340701153,2.4933398893791656,False,False
848.91,11113,t11113,220,150.0,34,4,6,0.659908807113557,False,36.50147967490716,2.3034748618578913,False,False
848.91,11114,t11114,300,250.0,45,5,8,0.6456392858552572,False,65.0910236943465,3.0856455283269515,False,False
848.94,11115,t11115,220,700.0,44,9,8,0.6383462382968547,False,181.31868585670347,2.083574641734112,False,False
848.96,11116,t11116,120,75.0,95,3,5,0.6548548430709061,True,10.353327765004632,1.28123829817468,True,False
849.03,11117,t11117,170,100.0,84,10,2,0.644894773203861,True,14.126611311860113,1.8698637071057274,True,False
849.14,11118,t11118,270,1000.0,44,1,5,0.6399574446134727,False,316.1703758022505,2.6200624920286804,False,False
849.29,11119,t11119,300,250.0,86,1,5,0.6364149623878699,True,80.02505369092657,2.8430087432117284,True,False
849.41,11121,t11121,300,1200.0,41,6,10,0.6329973809744284,False,322.5340278202939,2.722289228504298,False,False
849.49,11123,t11123,80,50.0,66,9,10,0.6384939011565814,True,4.103444473424587,0.8192954102632634,True,False
849.56,11124,t11124,220,900.0,78,2,1,0.6774480771560011,False,170.0139269733989,2.17121985545319,False,False
849.78,11126,t11126,270,200.0,36,1,8,0.6078556620816444,False,61.03377042270613,2.8383013629331453,False,False
850.17,11129,t11129,170,100.0,29,8,5,0.6414308387091155,True,13.951653652906483,1.6357807440754633,True,False
850.33,11131,t11131,120,75.0,26,10,1,0.631750689475556,True,9.52616412568126,1.2098998833933037,True,False
850.35,11132,t11132,300,250.0,68,4,6,0.6561188127894677,False,80.79938153680948,2.9862682230592736,False,False
850.52,11133,t11133,170,100.0,95,8,4,0.6331689062216856,True,19.1250680669856,1.6253126544323642,True,False
850.64,11134,t11134,220,150.0,50,4,10,0.6306665102806025,True,32.641243137876735,2.004218331772117,True,False
850.68,11135,t11135,300,250.0,29,10,1,0.6344181372245066,False,62.854991054729915,2.79960243922091,False,False
850.69,11136,t11136,220,700.0,35,7,2,0.6372493001825134,False,140.2392339406116,2.2433874474092748,False,False
850.81,11137,t11137,170,700.0,82,9,8,0.6349874953490994,False,109.56381365244577,1.5733553573587389,False,False
850.83,11138,t11138,80,50.0,24,6,1,0.6579886887264437,True,3.2074745186140428,0.7509401999818869,True,False
850.96,11140,t11140,300,250.0,72,9,10,0.6413062049516316,True,62.83506172947612,3.114999406539215,True,False
851.02,11141,t11141,170,100.0,52,0,8,0.6383438331824622,True,17.393996295663943,1.640830362001303,True,False
851.21,11142,t11142,270,1000.0,33,4,10,0.6334838467416571,False,268.5945540151027,2.846526614008352,False,False
851.23,11143,t11143,120,75.0,64,7,2,0.6337609808455299,True,9.449203908188158,1.2299015065713503,True,False
851.26,11144,t11144,170,100.0,23,3,6,0.6239029812998597,True,16.568670083770794,1.6055587180007522,True,False
851.3,11146,t11146,220,700.0,86,2,1,0.6733072974310629,False,126.32090184973588,2.130678183292367,False,False
851.37,11147,t11147,300,250.0,52,6,8,0.657713357617551,False,64.95487274165238,3.0178455476885624,False,False
851.41,11149,t11149,300,250.0,33,7,2,0.6365164278952858,False,62.901038193966485,3.085064212266564,False,False
851.57,11152,t11152,270,200.0,68,5,6,0.6458723431684845,True,57.66241944668915,2.809625043459535,True,False
851.62,11154,t11154,80,50.0,79,5,8,0.6421346819563338,True,3.425821722721534,0.7829379656423716,True,False
851.62,11153,t11153,80,50.0,96,0,2,0.6426833045581949,True,4.137880149611272,0.7752795743877444,True,False
851.85,11155,t11155,270,200.0,34,3,5,0.6573399280276697,False,44.34582094449537,2.4395474445925256,False,False
851.86,11156,t11156,80,50.0,93,5,8,0.644874170135389,True,3.6915816663962815,0.7560668016201572,True,False
852.17,11158,t11158,270,1000.0,52,2,4,0.6507033436494111,False,289.11064284088,2.4391346742527524,False,False
852.22,11159,t11159,120,75.0,99,0,2,0.6454118202852127,True,9.73005787008756,1.26931661364621,True,False
852.26,11160,t11160,170,100.0,57,8,10,0.6400893321328847,False,13.723921889790294,1.6881513056094135,True,False
852.35,11161,t11161,80,50.0,97,9,5,0.655925319734193,True,3.3879235788034245,0.8075041506934444,True,False
852.37,11162,t11162,220,700.0,39,9,10,0.6440622626707807,False,144.7890757728966,2.241894084009318,False,False
852.49,11164,t11164,120,75.0,40,8,5,0.6441844037531149,True,7.45527793550704,1.168578303544515,True,False
852.64,11165,t11165,170,100.0,41,1,5,0.6391173298067792,True,15.987586106177918,1.8058429904233613,True,False
852.72,11166,t11166,170,500.0,64,3,5,0.6536013112852982,False,98.46761756718305,1.731732998442752,False,False
852.85,11167,t11167,300,1000.0,98,9,10,0.6405891992355469,False,328.0020172832909,3.218486023419123,False,False
852.91,11168,t11168,170,500.0,42,3,6,0.6270071034920442,False,72.3493627965832,1.7174514215121248,False,False
852.97,11169,t11169,170,500.0,60,5,6,0.6485370781232966,False,98.78070018598793,1.767934063646429,False,False
853.0,11170,t11170,270,200.0,45,10,1,0.6308582360184778,False,56.42683542220343,2.551436963818491,False,False
853.03,11172,t11172,120,75.0,79,3,4,0.655252875284105,True,8.088295581438912,1.1409276509524406,True,False
853.1,11173,t11173,120,75.0,50,8,10,0.6366957273084087,True,8.629899047202345,1.3194723230723495,True,False
853.31,11175,t11175,300,1000.0,26,6,8,0.6539672722833818,False,314.9842973968161,2.7014431126268166,False,False
853.44,11176,t11176,270,1000.0,59,9,10,0.6371855970690178,False,308.24940925838854,2.6042543178655,False,False
853.49,11177,t11177,80,50.0,99,3,5,0.649937466877774,True,3.4970465696943718,0.735354812362216,True,False
853.65,11178,t11178,170,700.0,29,9,8,0.6316959272602992,False,99.81877100684947,1.6724792780769002,False,False
853.68,11179,t11179,120,75.0,72,10,6,0.627553350449214,True,7.328303245261052,1.277767128410429,True,False
853.74,11180,t11180,80,50.0,44,0,6,0.6478013253668106,True,3.200966029267632,0.8650910577850802,True,False
853.78,11181,t11181,170,100.0,42,6,8,0.6502961086558959,True,14.833750064646646,1.7952175270332866,True,False
853.81,11183,t11183,120,75.0,22,6,10,0.6295941000216065,True,8.415101481684362,1.1913754863409964,True,False
853.81,11182,t11182,270,200.0,24,4,2,0.6505748934256964,False,49.939691085617135,2.7746236629364396,False,False
853.87,11184,t11184,270,1000.0,56,1,8,0.604827010378473,False,304.3771853774057,2.4951962392640077,False,False
853.91,11187,t11187,80,50.0,79,2,1,0.6692493333006234,True,4.219898442272109,0.801692147639453,True,False
854.02,11188,t11188,300,1000.0,58,7,4,0.6313862056300367,False,277.5774465701507,2.7448502556720062,False,False
854.06,11189,t11189,220,700.0,33,7,6,0.6267445889358907,False,167.16870037498182,2.0065637046393356,False,False
854.11,11190,t11190,220,150.0,71,6,10,0.632432884687841,True,33.829423132162134,2.1958997535212808,True,False
854.17,11192,t11192,170,100.0,76,9,10,0.6338500669458192,True,19.592957963637716,1.5728406493530516,True,False
854.19,11193,t11193,80,50.0,36,7,2,0.6330427660040469,True,3.3895343452697624,0.7647800209823935,True,False
854.25,11194,t11194,300,250.0,61,1,5,0.6417656498773102,False,70.09968290442143,2.9214442073586353,False,False
854.44,11195,t11195,220,900.0,44,0,6,0.6502759655261411,False,166.79544401183233,2.0121878777860864,False,False
854.62,11196,t11196,300,250.0,51,2,1,0.6714465284527927,False,68.360273203328,2.82269010743013,False,False
854.78,11198,t11198,220,900.0,80,8,5,0.6468828974962345,False,185.01285425225765,2.0980877643227758,False,False
854.84,11199,t11199,220,150.0,77,3,4,0.6577299995966048,True,37.60423312289324,2.2067012852676604,True,False
854.9,11200,t11200,170,100.0,51,8,5,0.6433534213644917,True,14.163721922483605,1.8665436080795412,True,False
854.92,11201,t11201,270,1000.0,57,8,10,0.6395439945804224,False,281.9719065352811,2.536708669310545,False,False
854.98,11202,t11202,170,100.0,52,6,1,0.6602595816185814,True,14.06094056097713,1.6177194266586268,True,False
855.08,11203,t11203,80,50.0,52,9,5,0.6582374800061758,False,4.294185406098922,0.8659657191777739,True,False
855.48,11204,t11204,80,50.0,51,2,5,0.6444342460857674,True,3.2309519150147965,0.7468219634400926,True,False
855.58,11205,t11205,120,75.0,49,4,2,0.6469715773753643,True,10.584897207291746,1.3081467244593372,True,False
855.61,11206,t11206,170,500.0,48,6,1,0.6624850566528765,False,87.81049349343634,1.5508754951916348,False,False
855.7,11207,t11207,170,100.0,87,7,2,0.6358125773506326,True,19.94713229970855,1.6701795563735125,True,False
855.85,11208,t11208,220,700.0,60,4,6,0.6524046183518603,False,129.35793302688793,2.060479720252442,False,False
855.9,11209,t11209,300,250.0,38,4,2,0.6496143276460388,False,86.76361019499802,3.2794836258064928,False,False
855.91,11210,t11210,120,75.0,54,6,10,0.6352148936607509,True,9.384639216877416,1.1484560867212907,True,False
855.98,11212,t11212,300,1200.0,22,3,4,0.6601575814228545,False,420.83432277891586,2.7335828356749694,False,False
856.01,11214,t11214,300,250.0,84,4,2,0.6460302229112999,True,83.69557035281713,2.9051750770999307,True,False
856.01,11213,t11213,270,200.0,72,9,10,0.6367552474250847,False,43.50009149211341,2.4430192774714263,True,False
856.14,11215,t11215,270,900.0,38,1,2,0.6227478925763363,False,237.3927808555008,2.6313370972005563,False,False
856.21,11216,t11216,220,900.0,81,8,4,0.6359361947639186,False,224.75267856164186,2.4152095187625484,False,False
856.25,11217,t11217,120,75.0,34,1,8,0.6018589317093652,True,9.867289835008314,1.2612994794885384,True,False
856.27,11218,t11218,80,50.0,80,4,10,0.6300708364734906,True,4.099341411646858,0.8149512451473042,True,False
856.29,11219,t11219,220,900.0,44,4,6,0.6487647078030049,False,228.07755283561423,2.0128479290796224,False,False
856.31,11220,t11220,120,75.0,81,10,6,0.6304329501068964,True,8.346459510022012,1.3147171689406667,True,False
856.39,11221,t11221,220,150.0,78,0,6,0.6465271128822849,True,37.58419325126969,2.128463659759574,True,False
856.49,11222,t11222,220,150.0,45,6,1,0.6584920221864857,True,29.47090715409303,2.222394642148193,True,False
856.59,11224,t11224,220,900.0,71,10,6,0.6332549577714252,False,201.97701783110065,1.992853590148772,False,False
856.62,11225,t11225,80,50.0,82,8,5,0.6460685347553836,True,3.768273282995826,0.7641811073672868,True,False
856.67,11226,t11226,300,1200.0,26,1,5,0.6381870035464307,False,390.6796629793572,3.1188141638960794,False,False
856.84,11227,t11227,300,1200.0,45,0,2,0.6480857656976903,False,315.1054377655017,2.9620916266388146,False,False
856.88,11228,t11228,220,150.0,81,6,1,0.6607528484094226,True,35.16193913059431,2.197003750876952,True,False
856.96,11230,t11230,120,75.0,73,10,2,0.6472993392782453,True,7.390781560347308,1.3134579800941144,True,False
857.03,11231,t11231,80,50.0,99,10,6,0.6298465252826633,False,3.2939456630489916,0.8217422211797033,True,False
857.07,11232,t11232,120,75.0,83,9,8,0.628470190533275,True,9.27115059369851,1.2198063683705156,True,False
857.15,11233,t11233,170,700.0,66,1,5,0.6346799301421687,False,124.87267122637716,1.7563320712657249,False,False
857.27,11234,t11234,300,250.0,81,5,4,0.6339163843969942,False,81.41505792217032,2.9336500908852816,False,False
857.28,11235,t11235,300,1200.0,72,1,5,0.631242998205992,False,335.7794407612841,3.175603474097666,False,False
857.36,11236,t11236,300,250.0,57,3,5,0.6525208993584003,False,78.10344676372411,2.8612493269231005,False,False
857.46,11238,t11238,120,75.0,76,10,4,0.6455550093430843,True,8.786584306459337,1.1913487287084992,True,False
857.46,11237,t11237,170,500.0,64,9,5,0.654329397072719,False,72.1402173461792,1.7951765611838826,False,False
857.47,11239,t11239,220,150.0,74,6,1,0.6629684581079008,True,35.892031592016465,2.3216889180065605,True,False
857.54,11240,t11240,220,900.0,21,3,4,0.6563626116125792,False,167.33591920431533,2.2710613038989726,False,False
857.56,11241,t11241,120,75.0,62,2,1,0.6674257797019187,True,9.145314517760957,1.2537781688737966,True,False
857.65,11242,t11242,220,150.0,96,5,6,0.6449745183790125,True,29.529937678721378,2.1304978238881414,True,False
857.69,11243,t11243,270,200.0,68,0,6,0.6490272372913058,True,54.912882760525754,2.833290319742793,True,False
857.95,11245,t11245,80,50.0,58,0,8,0.6408794180572746,True,4.4997189550276895,0.796519370829337,True,False
857.97,11247,t11247,300,250.0,90,7,2,0.6385269924702867,True,78.69467160267406,3.180323590219929,True,False
858.12,11250,t11250,270,200.0,60,2,1,0.6696594459260622,True,58.74295416175421,2.686822918118523,True,False
858.18,11253,t11253,120,75.0,78,8,5,0.6487293458784578,True,7.972158450659187,1.2563889753289572,True,False
858.32,11254,t11254,220,900.0,35,6,10,0.6379412624542026,False,181.53643028138134,2.1387750286894085,False,False
858.48,11255,t11255,300,250.0,60,3,4,0.6526435411985095,False,87.8851172657937,2.9572126970639347,False,False
858.53,11256,t11256,300,1000.0,91,8,4,0.6324741375353069,False,282.0377191143906,3.101672168998168,False,False
858.59,11257,t11257,170,100.0,31,7,4,0.6281666633356177,True,14.849830967362234,1.774693957229239,True,False
858.75,11258,t11258,220,150.0,62,7,2,0.6411871192875475,True,27.54605743833823,2.1093271584754065,True,False
859.43,11262,t11262,270,1000.0,81,0,2,0.6445322322019184,False,280.05246292628385,2.7919475214195004,False,False
859.47,11263,t11263,220,150.0,45,3,4,0.6489988521927211,True,32.3379480928462,2.2869430102540176,True,False
859.51,11264,t11264,300,250.0,20,4,10,0.6329000864106874,False,87.77997391324783,3.0748983510711163,False,False
859.54,11265,t11265,300,250.0,98,4,2,0.6486918002712557,True,80.56584382873321,2.924410773008114,True,False
859.61,11266,t11266,220,150.0,34,3,6,0.6238751432403852,True,26.6139617120925,2.1089557421642837,True,False
859.67,11267,t11267,170,100.0,73,6,1,0.6651397556124096,True,14.55898223841906,1.7412946458002287,True,False
859.74,11268,t11268,300,250.0,98,4,6,0.6451975954651264,True,73.59165645058778,2.709327381862921,True,False
859.8,11269,t11269,300,250.0,76,3,6,0.6269798221937594,True,73.13861789553917,2.980872296002935,True,False
859.81,11270,t11270,300,250.0,34,4,2,0.6513001460840124,False,70.95202767141583,3.127400991549692,False,False
859.86,11272,t11272,270,200.0,51,9,5,0.6504994757979312,False,58.66484114205207,2.554925763478747,False,False
860.03,11273,t11273,300,1000.0,20,7,2,0.6437940435684633,False,251.3262980151118,2.924836474245456,False,False
860.12,11274,t11274,300,1200.0,34,8,10,0.6361612965069958,False,345.6326707006435,3.08810510629863,False,False
860.29,11275,t11275,270,900.0,39,6,8,0.6528723683009598,False,208.13661364983727,2.46880747973131,False,False
860.46,11276,t11276,270,200.0,48,8,10,0.6328462523950377,True,45.69304694863546,2.4586906959818116,True,False
860.63,11277,t11277,170,100.0,96,10,4,0.6480745758228892,True,14.131504533471706,1.6459176506014683,True,False
860.7,11278,t11278,270,900.0,71,10,1,0.6273695328365698,False,220.388172029635,2.563213308107681,False,False
860.81,11280,t11280,220,150.0,88,5,8,0.647558868550863,True,26.535931671382038,2.2122050227439423,True,False
860.89,11281,t11281,300,1200.0,78,1,2,0.6197011165429914,False,374.882173553022,3.116954064831907,False,False
860.91,11282,t11282,80,50.0,83,4,2,0.647682324980514,True,4.629332534202119,0.730911445947974,True,False
860.96,11283,t11283,270,200.0,62,2,4,0.6470974585946047,True,60.98663712117492,2.492584307276464,True,False
861.01,11285,t11285,80,50.0,98,8,4,0.6290813214512674,True,3.8183350628257395,0.760005740408156,True,False
861.05,11286,t11286,120,75.0,20,5,8,0.6501898729980276,True,10.438399442853136,1.1475878591445965,True,False
861.09,11287,t11287,270,900.0,32,1,2,0.6167152760303134,False,242.47802116596668,2.699529731198097,False,False
861.11,11288,t11288,220,150.0,53,4,10,0.6294987513491404,True,38.6012125788963,2.066186627440083,True,False
861.15,11289,t11289,80,50.0,83,6,1,0.667267627166828,True,3.2723729626849263,0.744170291727389,True,False
861.27,11290,t11290,170,100.0,22,8,4,0.6319303616889087,False,17.82986110152017,1.5985561502761783,True,False
861.3,11291,t11291,120,75.0,29,1,8,0.6051242146136393,True,8.851057662294712,1.3032376831356303,True,False
861.71,11292,t11292,270,200.0,48,9,10,0.6334283242947648,False,57.560038596304864,2.9427896638103284,False,False
861.75,11293,t11293,220,700.0,39,1,2,0.613789152327889,False,144.5495391712427,2.3154381237588058,False,False
861.85,11294,t11294,120,75.0,80,7,5,0.6264771297516519,True,9.0872430870007,1.1305702562381958,True,False
861.96,11295,t11295,300,250.0,99,5,8,0.6527682573562489,True,61.33418418173322,2.8290739225365718,True,False
862.02,11297,t11297,120,75.0,79,1,8,0.6083241918598281,True,8.757576131194512,1.2432386553122396,True,False
862.05,11298,t11298,270,200.0,75,9,10,0.6301679396270513,True,59.16838918199119,2.875109085395146,True,False
862.05,11299,t11299,270,200.0,27,8,5,0.6513369407790705,False,57.247001184112186,2.759894257835772,False,False
862.17,11300,t11300,80,50.0,96,8,10,0.6357715091653188,True,3.4629331798284593,0.7262635375143984,True,False
862.19,11301,t11301,300,250.0,47,0,2,0.6410497693760618,False,89.20048183660283,3.2857992070735627,False,False
862.46,11304,t11304,170,100.0,92,3,4,0.6516010569670485,True,19.19657372931623,1.7517531605422696,True,False
862.53,11305,t11305,300,1000.0,71,9,10,0.6331467626526922,False,269.0555414161714,3.2474104003450934,False,False
862.71,11306,t11306,80,50.0,94,1,2,0.610921551099513,True,3.201477948635235,0.8352414735115966,True,False
862.74,11308,t11308,270,900.0,34,7,4,0.6311855118870872,False,251.7121616349696,2.8492830511382246,False,False
862.86,11311,t11311,120,75.0,80,5,8,0.6552950740273057,True,9.425062422816382,1.2928668025633878,True,False
863.1,11313,t11313,170,500.0,20,0,6,0.6514773592121464,False,95.28630471797959,1.6696715601293253,False,False
863.22,11315,t11315,80,50.0,56,5,8,0.6577713543649414,True,3.5616428525078776,0.768623399341852,True,False
863.24,11316,t11316,300,250.0,83,3,6,0.6300224075680659,True,73.00219495476043,2.814891508938125,True,False
863.32,11317,t11317,170,100.0,60,4,2,0.6503108602990856,True,19.956449664065126,1.6193111269890634,True,False
863.35,11318,t11318,300,250.0,61,6,10,0.6344391038717851,False,65.830451567302,3.085805063091848,False,False
863.49,11319,t11319,220,900.0,79,4,6,0.6478758253740059,False,180.49093374216457,2.2350229243569797,False,False
863.55,11320,t11320,120,75.0,94,6,1,0.6693529412901581,True,7.691532950113222,1.2672983062652172,True,False
863.56,11321,t11321,220,900.0,42,3,6,0.6330041412348865,False,217.89927776826786,2.209508072300054,False,False
863.79,11322,t11322,80,50.0,83,6,10,0.6310069884610161,True,4.066106302024277,0.7513172470614232,True,False
863.85,11323,t11323,300,1000.0,74,10,6,0.6265062614436767,False,327.6509699702979,3.0485194413158974,False,False
864.05,11324,t11324,220,150.0,23,5,6,0.6476572098296142,False,39.2772992548342,2.3465411651247705,False,False
864.12,11326,t11326,220,150.0,72,7,5,0.6295297689748006,True,32.34375239560088,2.3695792203810218,True,False
864.12,11325,t11325,220,900.0,90,3,4,0.6541512176458893,False,163.07151431698398,2.0977416751168367,False,False
864.13,11327,t11327,220,900.0,90,5,6,0.6441122474512037,False,176.3307657494606,2.2704661931869885,False,False
864.23,11329,t11329,80,50.0,45,8,4,0.6285484211217972,True,3.3485566929705186,0.8140988413052146,True,False
864.28,11330,t11330,300,250.0,53,0,2,0.6376369558067224,False,82.58582833979202,3.023390717196245,False,False
864.3,11331,t11331,270,200.0,37,2,5,0.6471277429822339,False,57.67964203176916,2.6573446244335543,False,False
864.36,11333,t11333,220,150.0,85,4,6,0.6443264906847075,True,37.71874133614544,2.2774125688047033,True,False
864.42,11334,t11334,300,1200.0,98,4,10,0.6323394429888242,False,352.11794398362565,3.2279738541515064,False,False
864.44,11335,t11335,220,700.0,94,7,4,0.6279699834675273,False,125.76294958785374,2.080493136638928,False,False
864.77,11336,t11336,120,75.0,28,0,8,0.6433642912345905,False,7.480006669584679,1.1838429347172914,True,False
864.83,11337,t11337,270,900.0,23,5,4,0.6306462385272361,False,217.73326205971333,2.515166770377061,False,False
864.91,11339,t11339,170,100.0,37,7,5,0.6325213554134864,True,18.301353456381012,1.7947607926663178,True,False
864.95,11340,t11340,300,1000.0,83,5,4,0.6274414955748732,False,270.63135150769085,2.7015446038304973,False,False
864.97,11341,t11341,120,75.0,41,2,5,0.643593369940771,True,9.37346844048546,1.28089540727716,True,False
865.0,11342,t11342,270,200.0,45,2,5,0.6463036843601374,False,47.758575176918505,2.481460344402565,False,False
865.22,11343,t11343,170,100.0,40,8,5,0.6477183837816708,True,14.313583802376563,1.7844907684373217,True,False
865.27,11345,t11345,170,100.0,91,0,6,0.6477044786945702,False,13.844430803048214,1.6121734107799661,True,False
865.32,11346,t11346,300,1200.0,49,9,8,0.6314829685407913,False,350.12909497243015,2.8339811972777267,False,False
865.33,11347,t11347,120,75.0,54,8,10,0.6386382608001943,True,10.587972147598435,1.1234410987394323,True,False
865.46,11349,t11349,220,150.0,94,0,10,0.6368834680497519,True,31.176479168384006,2.2653040048188315,True,False
865.55,11350,t11350,80,50.0,21,4,2,0.6528868249112857,True,4.510596243638088,0.7625803140388377,True,False
865.62,11351,t11351,170,100.0,71,6,1,0.6713965491310215,True,19.404987947757824,1.6785859666770266,True,False
865.83,11353,t11353,270,1000.0,55,7,8,0.6263051944087837,False,265.6093280700547,2.872798916231426,False,False
865.95,11354,t11354,170,100.0,94,5,8,0.6601981090958243,True,19.333554406700614,1.5624275498323825,True,False
866.06,11355,t11355,170,100.0,96,10,2,0.6496558140311419,True,18.39563542473143,1.6328096502939453,True,False
866.09,11356,t11356,270,1000.0,67,1,8,0.6114601695610931,False,264.0961641393262,2.881317786080256,False,False
866.12,11357,t11357,300,1000.0,55,1,8,0.6083594277083328,False,323.06933534322513,3.060571018695866,False,False
866.29,11358,t11358,220,900.0,97,9,8,0.6282614909881573,False,234.7100760065028,2.062828770882327,False,False
866.37,11359,t11359,170,500.0,52,7,2,0.6401748293637607,False,83.10827158851475,1.6201471437188553,False,False
866.4,11360,t11360,170,700.0,41,2,4,0.6497376912408944,False,99.70864519059577,1.867053682926624,False,False
866.41,11361,t11361,80,50.0,48,9,6,0.6274695714136366,True,3.902983132209449,0.7620137749141181,True,False
866.65,11364,t11364,80,50.0,79,9,5,0.6467461529486392,True,3.30986011764017,0.7721505273316929,True,False
866.78,11365,t11365,80,50.0,65,2,1,0.6718484388257228,True,3.806762162359421,0.8031735420773901,True,False
866.81,11366,t11366,170,500.0,66,4,10,0.6289493207957144,False,71.51478920164026,1.557896691925778,False,False
866.9,11368,t11368,270,900.0,40,5,6,0.6406381843203613,False,248.8752372125602,2.6486560257115306,False,False
866.99,11370,t11370,220,150.0,36,1,8,0.6053207006926276,True,32.091279324432804,2.3895402438032773,True,False
866.99,11369,t11369,220,150.0,79,3,5,0.6488786631894142,True,36.42610445448539,2.0085184715616213,True,False
867.06,11371,t11371,80,50.0,27,4,2,0.6554112702312417,True,4.655221323188062,0.7207153040160733,True,False
867.26,11373,t11373,170,100.0,62,8,4,0.6314081193660279,True,16.17824933984259,1.6107549259820217,True,False
867.29,11374,t11374,220,150.0,46,1,2,0.6142853018957045,True,37.481347449728645,2.280378717152617,True,False
867.35,11376,t11376,120,75.0,22,5,6,0.637233602452136,True,8.224987504404028,1.2418251115147687,True,False
867.37,11377,t11377,170,100.0,26,8,5,0.6503461979242192,True,19.89626516825755,1.8300776807535823,True,False
867.4,11378,t11378,300,1000.0,75,8,10,0.6414476774023722,False,326.61289028053585,2.9646937167551046,False,False
867.5,11379,t11379,220,150.0,66,4,6,0.6470221426891952,True,26.89205151308502,2.1095922505109925,True,False
867.59,11380,t11380,300,1000.0,73,6,10,0.6338175153584624,False,279.734395442331,3.1662445091763747,False,False
867.63,11381,t11381,270,200.0,32,4,10,0.6256270010464667,False,45.78015041788045,2.962721346240066,False,False
867.8,11384,t11384,300,250.0,32,4,2,0.6578852266447986,False,77.01425313485848,2.856871536603303,False,False
867.92,11385,t11385,270,200.0,61,3,4,0.6504763751111534,True,48.997719418315555,2.675768118446822,True,False
867.94,11386,t11386,270,200.0,47,9,5,0.649241896556333,False,60.44360649273702,2.443352880919918,False,False
867.99,11387,t11387,300,1200.0,86,3,5,0.6514832717438077,False,355.07531883674693,2.752483169293936,False,False
868.07,11388,t11388,270,200.0,33,2,5,0.6427857924911164,False,52.28869963948174,2.5514552665687003,False,False
868.12,11389,t11389,270,200.0,47,0,6,0.6440070557873455,True,46.49303601329201,2.9065260989280657,True,False
868.18,11390,t11390,300,250.0,42,0,8,0.6396254669483603,False,77.88865730542939,3.0224662055740805,False,False
868.24,11391,t11391,270,1000.0,84,3,4,0.6530490294271122,False,296.90318537049455,2.888724716162905,False,False
868.25,11392,t11392,270,200.0,63,5,8,0.6625763287320897,True,56.84423571653811,2.886075532469083,True,False
868.43,11395,t11395,300,250.0,34,4,10,0.622371127692204,False,68.01723130730561,2.744836792650318,False,False
868.45,11396,t11396,220,150.0,20,2,1,0.6739936518673901,False,31.83762410998091,2.0800877888764187,False,False
868.72,11398,t11398,120,75.0,41,9,10,0.6298920092178202,True,9.235583668865823,1.0812554555707152,True,False
868.87,11399,t11399,170,100.0,38,2,1,0.6699219606482242,True,19.567004177372024,1.545524382978367,True,False
868.91,11400,t11400,120,75.0,87,1,5,0.6278748049085388,True,8.99401620483832,1.0896134341242418,True,False
868.94,11401,t11401,80,50.0,71,7,2,0.6366279994431521,True,4.377280907763273,0.8749481967780197,True,False
868.95,11402,t11402,80,50.0,35,2,4,0.6461511192342583,False,4.550221568183682,0.7722200898025275,True,False
869.0,11403,t11403,220,150.0,61,5,4,0.6243008474815576,True,35.30854458851349,2.0924356941560704,True,False
869.17,11405,t11405,170,100.0,20,5,4,0.6273970123501083,True,18.97152171531882,1.7068656751040956,True,False
869.19,11406,t11406,80,50.0,63,9,6,0.6305023618035456,True,4.337236396640322,0.7388381414792269,True,False
869.25,11407,t11407,300,250.0,83,2,1,0.6721057032534415,False,89.0486284145965,3.118191815352145,False,False
869.28,11408,t11408,270,200.0,47,6,8,0.6492231027531224,False,51.96301496182963,2.883595119420689,False,False
869.29,11409,t11409,300,1200.0,76,2,4,0.642636278667755,False,298.70986929520393,3.160560175982811,False,False
869.36,11410,t11410,300,250.0,88,9,10,0.6328763508516456,True,74.17511061492426,3.059921997084207,True,False
869.43,11412,t11412,270,900.0,99,0,10,0.6393383701173283,False,232.62138348013,2.490685544690007,False,False
869.49,11413,t11413,300,1200.0,25,8,5,0.6529214557839167,False,395.5063545780042,3.1232359104679017,False,False
869.5,11415,t11415,170,500.0,51,7,5,0.6354531101233986,False,93.66517527487127,1.7469025566263878,False,False
869.53,11416,t11416,270,200.0,24,10,2,0.6519651592889806,False,63.81281287533152,2.626765201540585,False,False
869.63,11417,t11417,220,150.0,53,3,6,0.6297522402283705,True,29.87096836532438,2.144849453756048,True,False
869.66,11418,t11418,300,250.0,84,9,5,0.6455137252918731,False,84.62718849978799,2.902055709305362,False,False
869.7,11419,t11419,270,200.0,69,2,5,0.6393382584594759,True,58.23041580536321,2.4610389282567953,True,False
869.82,11421,t11421,300,1200.0,65,4,8,0.6203643209385402,False,353.53359533332133,3.105942666273447,False,False
869.9,11422,t11422,170,100.0,71,8,4,0.6342106236453741,True,15.79321277905612,1.6355469550077162,True,False
869.96,11423,t11423,300,1200.0,32,8,5,0.6492712084864202,False,370.15306727206945,3.0856644909686772,False,False
870.21,11424,t11424,300,1000.0,96,5,8,0.6649069839756298,False,289.88623625209914,2.8835376321891006,False,False
870.54,11427,t11427,270,200.0,48,9,10,0.6358010056527945,False,60.73760959884907,2.82261375782801,False,False
870.66,11429,t11429,80,50.0,40,3,5,0.6478617881271134,True,4.272722583132597,0.875948355817302,True,False
870.67,11430,t11430,220,150.0,44,6,10,0.6303978317179598,True,31.919822651864603,2.1481814233667094,True,False
870.73,11431,t11431,120,75.0,66,3,4,0.6493962306567517,True,8.885016771328134,1.1532026809579323,True,False
870.93,11432,t11432,170,100.0,96,4,2,0.6541357039300845,False,15.067399982205101,1.7253065512927186,True,False
870.95,11433,t11433,220,900.0,98,7,2,0.6393261061209558,False,184.61286572717484,1.9834412572774154,False,False
871.09,11434,t11434,170,100.0,64,9,6,0.6334744963856566,True,19.077437006927315,1.5686327544569572,True,False
871.25,11435,t11435,80,50.0,57,5,4,0.6304312539212878,True,4.6072301160437235,0.8090003082231114,True,False
871.31,11436,t11436,220,700.0,71,3,4,0.6519904878617985,False,165.5876411147847,2.247689902220264,False,False
871.34,11437,t11437,170,700.0,24,8,10,0.6380269056725065,False,135.28946779530125,1.6371562232439985,False,False
871.38,11438,t11438,120,75.0,97,3,6,0.6327393772419849,True,10.488120540072911,1.0979645660389303,True,False
871.48,11439,t11439,170,500.0,83,8,10,0.6346745493772382,False,93.26399670880816,1.5885257042693244,False,False
871.51,11440,t11440,300,1000.0,53,0,6,0.6465575813382652,False,313.07077654833193,2.846742057859402,False,False
871.52,11442,t11442,170,100.0,64,8,10,0.6313892402078752,True,17.912474038103113,1.5767787098173591,True,False
871.52,11441,t11441,220,900.0,55,1,2,0.6175817776759723,False,176.11281075943424,2.0862338370288502,False,False
871.67,11444,t11444,220,150.0,37,3,5,0.6504867341827529,True,28.096351536719435,2.059673370875052,True,False
871.82,11445,t11445,170,100.0,68,7,10,0.6255567638246592,True,17.987549347102508,1.8601708127318295,True,False
871.89,11446,t11446,220,150.0,79,5,6,0.6400711122212751,True,31.062654448957357,2.3470260057200796,True,False
871.95,11448,t11448,220,150.0,46,9,5,0.6418601174527022,True,35.89361624637756,2.0654287350938105,True,False
871.96,11449,t11449,170,700.0,95,2,1,0.6680717710065545,False,103.26422398461675,1.5901461287990344,False,False
872.07,11450,t11450,300,1000.0,24,2,1,0.6641185174046051,False,350.3580876725887,3.270838392138865,False,False
872.2,11451,t11451,270,900.0,86,1,5,0.6307479754770347,False,223.06943846793595,2.508955344749735,False,False
872.21,11452,t11452,80,50.0,88,9,10,0.6324931673579204,True,4.483097108951301,0.7423825421148266,True,False
872.33,11454,t11454,300,250.0,92,9,5,0.6444535817703149,True,87.8934404864064,2.7556984818691035,True,False
872.36,11455,t11455,220,150.0,81,1,8,0.6085167482172367,True,31.995283994162644,2.1207888797632277,True,False
872.47,11456,t11456,220,700.0,46,6,8,0.6456468225162418,False,147.18205009250062,2.2732031683521585,False,False
872.59,11457,t11457,220,150.0,48,0,8,0.6359614191478546,True,35.77651197201683,2.418028893005544,True,False
872.8,11459,t11459,300,250.0,23,10,4,0.6505437509730981,False,66.61343522586549,2.89870047854645,False,False
872.83,11460,t11460,170,100.0,41,6,10,0.6332205417502673,True,13.78554174902637,1.7744964166261579,True,False
872.95,11461,t11461,270,200.0,60,1,5,0.6273896826341606,True,50.015344738095166,2.91927090347358,True,False
872.97,11462,t11462,270,900.0,69,2,1,0.6602443288746949,False,252.08349558570046,2.80659524919585,False,False
872.97,11463,t11463,220,700.0,60,8,10,0.6343436372218996,False,133.02660944333857,2.225262048920283,False,False
873.17,11465,t11465,300,250.0,70,6,1,0.6733992848150678,False,75.02184146945051,3.088804054063546,False,False
873.3,11466,t11466,220,150.0,25,3,5,0.6530591813172798,False,34.66658290676464,2.3080802187200136,False,False
873.33,11467,t11467,220,150.0,70,9,6,0.6363871882761253,True,39.473808652010206,2.0499402184670337,True,False
873.45,11468,t11468,270,200.0,69,6,1,0.6691879657854332,True,49.482948210729646,2.5845150459387063,True,False
873.5,11469,t11469,300,250.0,81,5,8,0.6610170261142989,True,77.36952034083345,2.802405917913539,True,False
873.77,11471,t11471,80,50.0,23,4,6,0.6496638816535931,True,3.497220110806429,0.8561053450429222,True,False
874.08,11474,t11474,170,100.0,44,6,1,0.6712348731363912,True,13.661924890720186,1.8576603301789067,True,False
874.17,11477,t11477,270,200.0,21,3,5,0.6494061795091159,False,63.80791353271837,2.4940939779072657,False,False
874.19,11478,t11478,300,250.0,20,3,4,0.6483588599227443,False,85.57026689641684,2.785763442802377,False,False
874.5,11480,t11480,170,100.0,39,3,5,0.6458262377371154,True,15.39619804144438,1.719678483343711,True,False
874.78,11481,t11481,170,500.0,69,1,8,0.6116488747913535,False,74.76206073665176,1.7167443712166124,False,False
874.79,11482,t11482,270,900.0,62,10,8,0.6252652763494657,False,208.08669340645403,2.938788052544829,False,False
874.83,11483,t11483,170,700.0,99,7,10,0.6286278103663479,False,113.15532982499855,1.837372548896364,False,False
874.87,11484,t11484,170,100.0,88,7,10,0.6254634359772028,True,14.544728319908435,1.616341414046088,True,False
874.99,11487,t11487,220,900.0,47,2,4,0.6391917349125816,False,193.0024749013117,2.129658133696331,False,False
875.13,11488,t11488,170,500.0,80,6,10,0.6359867975819287,False,83.70143180444789,1.7468074503569682,False,False
875.14,11489,t11489,120,75.0,38,9,6,0.6392416263287846,True,7.541423478975116,1.273061026171885,True,False
875.32,11490,t11490,220,150.0,38,8,4,0.6369570778391332,True,29.682035378521086,2.0779456156861307,True,False
875.36,11491,t11491,220,150.0,35,6,1,0.6732408423403301,False,36.87951106786276,2.0582028033061937,False,False
875.38,11492,t11492,170,500.0,46,8,4,0.6396486029490173,False,88.71691416048515,1.5496384900791575,False,False
875.45,11495,t11495,270,200.0,32,2,1,0.6564476241153828,False,55.9157195504817,2.468346659654443,False,False
875.47,11496,t11496,270,1000.0,20,2,5,0.6421336751084682,False,246.6155066519847,2.4956520925861065,False,False
875.54,11497,t11497,270,200.0,85,0,6,0.6428830963781665,True,51.85143637912071,2.8919776544776106,True,False
875.65,11498,t11498,270,200.0,27,2,4,0.6358160820325118,False,60.77422496185349,2.52835074448347,False,False
875.71,11499,t11499,270,200.0,60,9,6,0.6420389756203907,False,61.64759519498772,2.663697862692641,False,False
875.77,11500,t11500,270,900.0,39,6,10,0.6325237282969568,False,258.0851683615352,2.6069720705478505,False,False
875.77,11501,t11501,170,500.0,63,10,4,0.6467895426203029,False,70.98001294672585,1.738369358766366,False,False
875.83,11503,t11503,220,150.0,82,6,10,0.6291299203976842,True,30.015232256443753,2.1004656492804634,True,False
875.83,11502,t11502,170,100.0,79,1,2,0.6146383239406347,True,18.041162639058317,1.749889288545131,True,False
875.94,11504,t11504,300,250.0,92,8,10,0.6310649462956434,True,80.50991296640626,3.108745759314638,True,False
875.95,11505,t11505,120,75.0,44,3,4,0.6447998645424713,True,9.480873611945915,1.290402575712582,True,False
876.02,11507,t11507,270,1000.0,55,4,6,0.652252785838703,False,233.76793669239302,2.4843483034355383,False,False
876.03,11508,t11508,270,200.0,40,10,1,0.6239506037183,False,43.39608297519539,2.663858143662447,False,False
876.08,11509,t11509,300,1200.0,97,8,4,0.6361122975567036,False,431.987702713082,3.211935382620834,False,False
876.17,11510,t11510,170,100.0,46,5,6,0.6428518717950314,True,15.387948742985072,1.8518352263619977,True,False
876.19,11511,t11511,270,200.0,60,9,5,0.6469951768015753,False,60.79786207480026,2.8095648829857742,False,False
876.19,11512,t11512,270,200.0,62,0,8,0.6385446523033591,True,59.23704378648489,2.796232611447481,True,False
876.2,11513,t11513,300,1200.0,28,7,10,0.6285363490758406,False,386.1888774564487,2.9253802419715065,False,False
876.21,11514,t11514,220,900.0,75,0,8,0.6410762207957534,False,171.16536674506932,2.0488770396353693,False,False
876.27,11515,t11515,120,75.0,48,9,6,0.6386063779261647,True,7.950364926039999,1.127682312619732,True,False
876.51,11518,t11518,170,700.0,76,6,1,0.66903269216019,False,132.88581319520515,1.6305933696625385,False,False
876.55,11519,t11519,300,250.0,93,8,10,0.6340258291879124,True,89.21697903350515,3.165430240862449,True,False
876.57,11520,t11520,120,75.0,39,2,4,0.6325079422100435,True,10.640021222613479,1.09626504200643,True,False
876.93,11522,t11522,120,75.0,44,1,2,0.6179277392800038,True,7.99740621448168,1.2946202535488742,True,False
876.96,11523,t11523,300,250.0,79,2,1,0.652726853451257,False,61.796973527425706,2.853251760242022,True,False
877.0,11524,t11524,220,150.0,91,5,8,0.6633788674101947,True,31.576943418576274,2.3454211349081784,True,False
877.04,11525,t11525,270,900.0,96,3,5,0.6484918948005549,False,221.20565507798617,2.4878806163408416,False,False
877.2,11526,t11526,270,200.0,21,8,5,0.6456939661348736,False,62.73562211057578,2.8003569211244517,False,False
877.33,11527,t11527,170,100.0,39,6,10,0.6319779886563973,True,17.848083043431078,1.7096549167104145,True,False
877.38,11528,t11528,300,250.0,74,2,4,0.6354399651840243,False,87.07796609229601,3.007774796383134,False,False
877.48,11529,t11529,300,250.0,52,4,2,0.6504611716696647,False,69.57253428455155,3.145243231657056,False,False
877.58,11530,t11530,220,700.0,65,9,5,0.6433119399322104,False,170.47060628877455,2.0002471713424983,False,False
877.85,11531,t11531,300,1200.0,26,2,4,0.6321393476985256,False,301.2014104473619,3.1831073131688417,False,False
877.93,11532,t11532,120,75.0,48,10,4,0.6431104184345634,True,7.3407744836080795,1.141951071655038,True,False
877.98,11533,t11533,170,100.0,64,0,8,0.6373831579182998,True,15.047433122745746,1.6291000703207854,True,False
878.28,11535,t11535,80,50.0,42,6,1,0.664908704983653,True,4.554724317334688,0.7959016994104071,True,False
878.42,11537,t11537,220,150.0,67,9,6,0.6414164321858232,True,38.94681994423006,2.07283438632751,True,False
878.43,11538,t11538,300,1200.0,95,6,8,0.6421420678840989,False,357.92170429883834,2.7505073645083447,False,False
878.45,11539,t11539,120,75.0,85,4,6,0.6486159119401108,True,9.293936234719977,1.283026876521882,True,False
878.6,11541,t11541,170,700.0,82,9,5,0.6397023678002328,False,133.89331102620102,1.8639243776270555,False,False
878.62,11542,t11542,80,50.0,48,0,4,0.6368197068240256,True,4.276905290457275,0.8555288773077607,True,False
878.69,11543,t11543,300,250.0,91,10,2,0.6480543176416624,True,62.83760272820863,3.00353755571226,True,False
878.74,11544,t11544,80,50.0,83,4,3,0.6192534023793356,False,10.156150759324579,2.364985604446532,False,True
878.75,11545,t11545,120,75.0,96,7,5,0.6321522297391124,True,9.518565684904972,1.2358178157140183,True,False
878.79,11546,t11546,300,1000.0,43,10,2,0.6503956928272907,False,303.2631914875172,3.10981919066856,False,False
878.95,11547,t11547,170,100.0,74,6,8,0.6387074083445986,True,14.959332390915145,1.712122958319451,True,False
879.12,11549,t11549,120,75.0,88,6,1,0.6670411975506466,True,9.154301465093564,1.234656102853412,True,False
879.14,11550,t11550,300,250.0,90,3,6,0.6356667715153271,True,72.34344137423601,3.134503536815731,True,False
879.23,11552,t11552,170,100.0,25,5,8,0.6656934718801727,True,15.407677094044598,1.7324836310221166,True,False
879.32,11553,t11553,220,150.0,58,2,4,0.628904742562737,True,32.23082762376752,2.295058104421083,True,False
879.45,11554,t11554,120,75.0,54,3,4,0.6474860490698037,True,9.139905918356805,1.1221387437222614,True,False
879.57,11556,t11556,170,500.0,90,0,6,0.6454561011172699,True,83.08656520806187,1.822222855314091,True,False
879.59,11557,t11557,300,1200.0,98,8,5,0.6421882686303579,False,319.8423972745728,2.771329810325817,False,False
879.66,11558,t11558,220,900.0,34,7,10,0.6253738039125055,False,200.87474575759006,2.1956011946061045,False,False
879.92,11560,t11560,300,250.0,46,2,1,0.6490804982004136,False,72.55769211435488,3.179296701148796,False,False
880.02,11562,t11562,300,250.0,92,3,5,0.6449302387227257,True,65.53839711375649,3.0561806857565865,True,False
880.19,11563,t11563,220,150.0,21,5,8,0.667961784260751,False,33.061460738594235,2.0268050546011964,False,False
880.2,11564,t11564,300,250.0,75,1,8,0.6085443588339878,False,78.97144084596317,3.2268189699792407,False,False
880.3,11566,t11566,270,1000.0,54,8,4,0.6326467182722362,False,320.2373340225897,2.6063485610065986,False,False
880.3,11565,t11565,300,1000.0,22,7,5,0.635091366962512,False,240.28474688510306,3.08934807212594,False,False
880.33,11567,t11567,80,50.0,61,4,5,0.6191830331108478,False,3.310899237717179,0.7574275730555518,True,False
880.67,11569,t11569,300,1200.0,93,4,10,0.6191803718050267,False,339.9721871099203,2.7172002694341,False,False
880.74,11570,t11570,170,700.0,28,5,8,0.6640107303937178,False,103.51329306508083,1.8240991672600024,False,False
880.77,11571,t11571,120,75.0,20,1,5,0.6302725556481441,True,10.223007340085823,1.168687472744374,True,False
880.83,11572,t11572,220,150.0,97,7,4,0.6248187656163585,True,31.01810124518091,2.3849752343067316,True,False
880.91,11573,t11573,170,100.0,67,10,2,0.6465162405092064,True,17.960937725968726,1.5632394912441054,True,False
881.02,11574,t11574,270,200.0,36,6,8,0.6415154419958885,False,53.43518357206529,2.607865787690199,False,False
881.02,11576,t11576,170,500.0,73,2,5,0.6386991834244807,False,89.18297951811186,1.854557400144293,False,False
881.02,11575,t11575,300,250.0,24,10,2,0.648888377237484,False,60.832727356982375,3.0667630649899222,False,False
881.16,11578,t11578,170,100.0,98,9,10,0.6354254858289438,True,15.749601788361334,1.625277176308082,True,False
881.61,11580,t11580,270,200.0,60,6,1,0.6691310402663003,True,52.65322346553716,2.57957452739473,True,False
881.7,11582,t11582,170,700.0,59,9,6,0.6441702853602885,False,102.13665588852449,1.6189500599181417,False,False
881.84,11583,t11583,270,200.0,51,8,4,0.6292504505734581,True,49.89904586601759,2.836133372904116,True,False
881.89,11584,t11584,120,75.0,49,9,5,0.6361649871108949,True,9.412139236848292,1.0973542044334728,True,False
882.02,11585,t11585,300,1200.0,89,2,1,0.6455070700545872,False,368.10083887326243,3.1442751920615484,False,False
882.05,11586,t11586,170,100.0,33,3,5,0.6476138157664529,True,19.89260492604975,1.7800759551976593,True,False
882.12,11587,t11587,270,200.0,29,7,5,0.6317977214414435,False,46.59242364549572,2.781798264282705,False,False
882.38,11588,t11588,220,150.0,98,0,6,0.6479776457615912,True,31.70702777579711,2.1355312037825778,True,False
882.43,11590,t11590,80,50.0,28,10,2,0.6450390712311957,True,4.263557470249414,0.8374889494582698,True,False
882.53,11591,t11591,80,50.0,55,9,10,0.6382991579305467,True,3.849258393307977,0.7748272531381738,True,False
882.56,11592,t11592,170,100.0,51,3,6,0.6385356179032023,True,16.451703265732508,1.831171626259845,True,False
882.69,11594,t11594,170,100.0,33,1,8,0.6055019331957696,True,15.997413945397852,1.7295200960709356,True,False
882.75,11595,t11595,170,500.0,54,7,5,0.6285699488307965,False,84.83744415345475,1.7065995328268326,False,False
882.86,11596,t11596,120,75.0,36,7,5,0.6254067316723625,True,7.5947518895033745,1.2118711716073134,True,False
883.21,11597,t11597,80,50.0,35,7,4,0.6279045721222132,True,3.984150899038257,0.8679243294886612,True,False
883.23,11598,t11598,220,150.0,57,0,8,0.6399379562983953,True,39.12521358751046,2.3710620431128127,True,False
883.27,11599,t11599,270,200.0,35,7,5,0.628480778857097,False,63.975013403291946,2.80329967473827,False,False
883.3,11600,t11600,220,150.0,92,5,4,0.6334048106610439,True,33.57245170751114,2.0855133706893776,True,False
883.45,11601,t11601,170,100.0,90,2,4,0.6319088295296641,True,18.79590999219277,1.8456163240344123,True,False
883.47,11602,t11602,220,900.0,60,10,4,0.6456788767325389,False,194.712223502755,2.1349327574635355,False,False
883.49,11603,t11603,120,75.0,88,9,10,0.6411153565901176,True,10.628711981219901,1.1454280153315313,True,False
883.58,11604,t11604,80,50.0,84,8,10,0.6369274944223359,False,4.252070016533931,0.856553532198425,True,False
883.63,11605,t11605,170,100.0,52,5,8,0.6601386976040252,True,17.25678933081854,1.803336732717206,True,False
883.69,11606,t11606,80,50.0,97,4,2,0.6468601300544532,True,3.4755092595977297,0.8554498752399875,True,False
884.0,11608,t11608,80,50.0,22,5,4,0.6363188962660048,True,3.234889209735596,0.748690680957278,True,False
884.07,11609,t11609,220,150.0,46,10,4,0.6420219658645547,True,31.34572301102387,2.2454326500483894,True,False
884.2,11610,t11610,170,100.0,50,10,4,0.6446121932139303,True,20.20799486872673,1.8359400916415258,True,False
884.33,11611,t11611,120,75.0,32,5,8,0.6625181054701267,True,8.663104760228581,1.3176207148213308,True,False
884.4,11612,t11612,170,100.0,54,8,4,0.6320961082286556,True,18.12574287245183,1.774355086768297,True,False
884.45,11614,t11614,270,200.0,56,9,10,0.6438752312764972,False,62.59933056376479,2.57684717200488,False,False
884.49,11615,t11615,80,50.0,73,10,2,0.6474407513450333,True,3.8969072719435602,0.8120714453411746,True,False
884.61,11616,t11616,220,150.0,51,2,4,0.6348528347572526,True,26.76561236213205,2.2273521111523285,True,False
884.69,11617,t11617,270,900.0,71,0,8,0.642441658710889,False,202.9763049520631,2.468108906602251,False,False
884.7,11619,t11619,270,200.0,54,8,5,0.6387526850759325,False,56.377199009219126,2.8615580745826734,False,False
884.7,11618,t11618,80,50.0,78,6,1,0.6711790861276409,True,3.977597320103797,0.7743421417382148,True,False
884.82,11620,t11620,300,1000.0,68,4,1,0.6188301295419488,False,344.778741788595,3.120525925735366,False,False
884.87,11621,t11621,300,250.0,61,5,8,0.6648499251789058,False,71.15762108306136,2.9865054714698904,False,False
884.96,11623,t11623,120,75.0,62,10,2,0.6497943978565943,True,10.454125295813604,1.1366238979357195,True,False
885.06,11624,t11624,270,200.0,64,0,4,0.6395139793542117,True,44.81466394524489,2.543803204130127,True,False
885.07,11625,t11625,80,50.0,24,4,2,0.6495051092715459,True,3.885576438210251,0.7435209195945757,True,False
885.09,11626,t11626,220,150.0,76,10,4,0.6471506160163184,True,35.35871376885165,2.4097649802797254,True,False
885.26,11627,t11627,300,250.0,81,0,4,0.6421543664337942,True,66.9787884221826,3.000453680520005,True,False
885.27,11628,t11628,220,150.0,52,10,2,0.652100971437924,True,35.169594147366126,2.0464772343972175,True,False
885.3,11629,t11629,80,50.0,44,10,4,0.6496382703626588,True,3.6941593416869125,0.8538150783313354,True,False
885.38,11630,t11630,120,75.0,44,9,6,0.6406950614712646,True,7.736256773819368,1.1500646678333641,True,False
885.39,11631,t11631,220,150.0,34,0,4,0.6447419457717849,False,39.57939375831685,2.4106131397965473,False,False
885.54,11633,t11633,270,1000.0,58,7,2,0.6357962506652033,False,278.7044958056724,2.789615135799258,False,False
885.58,11634,t11634,300,250.0,32,5,4,0.6391747001588666,False,79.2282732841903,3.0948169858999997,False,False
885.58,11635,t11635,120,75.0,41,0,6,0.650448759513026,True,7.76704698513962,1.1975299958003673,True,False
885.68,11638,t11638,120,75.0,99,9,6,0.6434633420600212,True,9.91057538330141,1.1586122499804725,True,False
885.8,11639,t11639,80,50.0,95,10,2,0.654361413547627,True,3.2515440741462194,0.8550878040020682,True,False
885.98,11642,t11642,220,900.0,48,10,4,0.6520761716220722,False,227.51572934515946,2.2383034493280207,False,False
886.1,11643,t11643,120,75.0,22,7,2,0.6323369923185659,True,7.828715458999321,1.1193811502798339,True,False
886.31,11644,t11644,170,100.0,87,6,1,0.6731861710717547,True,14.25394939673543,1.7592508811683638,True,False
886.36,11646,t11646,80,50.0,79,1,8,0.6086943560703157,True,3.5411464435170683,0.7811566104190741,True,False
886.52,11647,t11647,300,1000.0,51,10,4,0.6482913148562974,False,316.36312665141185,3.255975181088322,False,False
886.55,11648,t11648,80,50.0,45,3,5,0.6502437212693057,True,3.4741129527841994,0.8247130775663947,True,False
886.92,11650,t11650,120,75.0,60,8,5,0.6353858131925957,True,7.831557931597942,1.0950817561942148,True,False
887.02,11651,t11651,300,250.0,99,6,10,0.634769095549936,True,67.26341334768546,3.05058680391653,True,False
887.18,11652,t11652,220,900.0,50,7,5,0.6253193450981368,False,209.1292177826049,2.295904009274551,False,False
887.6,11654,t11654,170,500.0,24,4,2,0.6520971889042969,False,81.93233554864163,1.7203715188257314,False,False
887.68,11655,t11655,120,75.0,65,3,4,0.6501185099065895,True,9.691436143449309,1.3056721450361932,True,False
887.89,11656,t11656,120,75.0,62,5,4,0.635799387973871,True,7.477229503549916,1.2021732064058923,True,False
888.0,11658,t11658,170,100.0,20,7,6,0.6236178789753547,True,19.529602035544823,1.8570543975602238,True,False
888.01,11659,t11659,220,150.0,88,4,8,0.617213701186436,True,34.26581859951466,2.299040441683092,True,False
888.1,11660,t11660,170,500.0,66,8,5,0.6382602787469257,False,86.75605631635773,1.777902384542398,False,False
888.18,11661,t11661,80,50.0,61,3,5,0.6528210286621015,True,4.673798771113026,0.746363503090471,True,False
888.29,11662,t11662,170,700.0,57,7,4,0.6309286624979508,False,113.86066383666045,1.8536506711347334,False,False
888.33,11663,t11663,300,250.0,39,6,8,0.6380933149741526,False,63.35102833452957,2.789712376355542,False,False
888.4,11665,t11665,270,200.0,60,4,6,0.6512257755194905,True,56.34794992449171,2.5318317361896323,True,False
888.5,11667,t11667,220,150.0,72,0,4,0.641103773523016,True,28.742377645537818,2.267272662008099,True,False
888.61,11668,t11668,300,250.0,95,2,4,0.6377379598802894,True,70.23676040232996,2.868785577115238,True,False
888.64,11669,t11669,270,200.0,67,1,5,0.6330977712018478,True,44.57984069774679,2.831770783151846,True,False
888.66,11670,t11670,220,150.0,65,9,10,0.640405908469149,True,34.53270145968963,2.3670580954398432,True,False
888.8,11671,t11671,270,900.0,98,8,4,0.6348848527307492,False,239.5504565358508,2.9356411212404963,False,False
888.81,11672,t11672,170,700.0,69,6,1,0.6751531143169863,False,141.1378820696229,1.8412090523086297,False,False
888.88,11673,t11673,120,75.0,40,1,8,0.611822930487371,True,7.582349371591008,1.1850746124987248,True,False
889.1,11674,t11674,170,100.0,62,10,2,0.656576646815136,True,19.219086344899146,1.5331682274616736,True,False
889.22,11676,t11676,300,250.0,88,6,10,0.637504380305604,True,65.04037727569826,3.145939366406541,True,False
889.22,11675,t11675,220,900.0,26,3,6,0.6413470873633201,False,229.8719033560566,2.241868379630423,False,False
889.31,11678,t11678,220,700.0,77,10,6,0.6232328028814699,False,180.50254514759385,2.086384484676732,False,False
889.32,11679,t11679,80,50.0,75,3,4,0.6526983215266394,True,4.321754328111352,0.7493632395449643,True,False
889.37,11680,t11680,270,1000.0,26,1,8,0.6148889334160852,False,304.056590752085,2.8263411070901343,False,False
889.42,11681,t11681,270,200.0,33,5,8,0.6609611084935096,False,53.43258715311212,2.446988297658358,False,False
889.43,11682,t11682,170,100.0,24,2,1,0.6420051104716772,True,16.610805280444875,1.8164023296810698,True,False
889.62,11683,t11683,170,700.0,31,10,4,0.6445821552258381,False,104.84576807532356,1.5510273943187436,False,False
889.64,11684,t11684,270,900.0,65,9,5,0.6388723540353437,False,284.56459742371294,2.7635014834432954,False,False
889.7,11685,t11685,300,250.0,31,4,2,0.6484634269443926,False,87.22889161831267,3.254479486045351,False,False
889.72,11686,t11686,270,200.0,91,5,6,0.6455770161773126,True,44.82762196583132,2.504073384421636,True,False
889.75,11688,t11688,270,900.0,76,8,10,0.6335971263520711,False,251.35913168508011,2.5266662154251387,False,False
889.81,11689,t11689,170,100.0,33,3,6,0.6379283274342356,True,19.759874557279936,1.7750920124378549,True,False
889.89,11691,t11691,300,1000.0,64,5,4,0.6386655820325754,False,338.65779710686917,2.872021382594168,False,False
890.01,11693,t11693,220,150.0,56,8,5,0.634903254990169,True,32.91159996861318,1.9809962040326115,True,False
890.3,11695,t11695,120,75.0,43,2,5,0.635333381574173,True,10.771161272470714,1.173742429272908,True,False
890.56,11696,t11696,270,200.0,69,9,5,0.6353515736213035,True,47.589757137743916,2.591791832805538,True,False
890.72,11697,t11697,270,900.0,55,2,4,0.6405653825008654,False,205.87242739917573,2.6562148220015116,False,False
890.76,11698,t11698,80,50.0,88,10,8,0.6221681526406583,True,3.413664810287306,0.7519180945584029,True,False
890.94,11699,t11699,80,50.0,82,8,5,0.6377873717085474,True,4.649839329615895,0.7524768385918624,True,False
891.0,11701,t11701,80,50.0,77,8,4,0.6314438223428008,True,4.789592523146623,0.7886657773508242,True,False
891.16,11702,t11702,170,100.0,43,10,4,0.640947178787988,True,19.333503581853503,1.6600959151099697,True,False
891.45,11705,t11705,300,250.0,60,6,8,0.6347396304928513,False,68.49146878630806,2.9318727012226824,False,False
891.54,11707,t11707,120,75.0,37,1,8,0.6117196162862251,True,8.243193993658664,1.3009716132293023,True,False
891.59,11708,t11708,120,75.0,95,2,1,0.6447471900804255,True,10.126591382905131,1.1878475390899537,True,False
891.62,11709,t11709,270,1000.0,84,7,6,0.6267277032140294,False,239.83411584423345,2.8390927113260607,False,False
891.67,11710,t11710,270,200.0,56,1,2,0.6211513663125855,True,50.217912597634445,2.938136481021237,True,False
891.7,11711,t11711,300,250.0,38,0,6,0.6528704509894322,False,68.22423153694292,3.0927478388763707,False,False
891.73,11712,t11712,120,75.0,83,0,6,0.6490697086363102,True,7.833927415520806,1.0845039446125215,True,False
892.05,11715,t11715,300,1000.0,77,4,8,0.620300093829374,False,318.70314516489964,3.194183101404774,False,False
892.3,11716,t11716,300,250.0,74,2,4,0.6371622566690299,False,82.33489560519156,2.98028316330845,False,False
892.34,11717,t11717,80,50.0,64,5,8,0.6571500681418213,True,3.333815600655344,0.873727658567045,True,False
892.46,11719,t11719,270,200.0,53,5,6,0.6482476576719481,True,45.510262661057844,2.9238667234055478,True,False
892.47,11721,t11721,270,1000.0,54,5,4,0.6353004522101058,False,244.0522487572909,2.7418365036650174,False,False
892.47,11720,t11720,220,150.0,39,7,6,0.6236013309679307,True,34.809405115073886,2.201559334338887,True,False
892.58,11723,t11723,220,900.0,94,2,5,0.6382088957608713,False,193.2079001064074,2.2873133947517292,False,False
892.65,11724,t11724,270,200.0,28,3,6,0.6407519427037326,False,45.20979368391536,2.7936127402623305,False,False
892.92,11726,t11726,220,150.0,32,10,4,0.6435589018788949,False,35.43814266573551,2.078685187798628,False,False
892.96,11727,t11727,120,75.0,57,1,8,0.614787685498962,True,10.062318162418684,1.082585929162992,True,False
893.01,11728,t11728,220,150.0,87,9,10,0.6431799721179479,True,30.945402674978606,2.177923863501544,True,False
893.03,11729,t11729,220,150.0,40,10,4,0.6399443905079837,True,34.229516867749155,2.060321177057489,True,False
893.08,11730,t11730,220,150.0,53,2,1,0.6474344280969989,True,28.315560945938042,2.3990040813356805,True,False
893.25,11731,t11731,120,75.0,46,4,2,0.6449023402236868,True,8.779482444242095,1.3075138863189164,True,False
893.3,11732,t11732,270,1000.0,94,5,8,0.6595892485971666,False,278.5006104432737,2.964490487004879,False,False
893.33,11733,t11733,300,250.0,76,4,6,0.6537834418272824,False,81.58125338137087,3.119218411483203,False,False
893.34,11734,t11734,220,700.0,94,0,4,0.6437123647192222,False,183.10714377532742,2.286557217895941,False,False
893.36,11735,t11735,220,700.0,38,1,2,0.6243105208045157,False,142.72548804137318,2.256182452754315,False,False
893.38,11736,t11736,170,100.0,99,5,8,0.6558056454434051,True,14.380949749455533,1.787288480815262,True,False
893.45,11737,t11737,80,50.0,46,8,5,0.6406138060925582,True,4.659665204047441,0.8152886735393836,True,False
893.64,11739,t11739,270,200.0,42,5,6,0.650864886336691,False,45.56484856060798,2.7997417769472555,False,False
893.77,11740,t11740,270,1000.0,78,7,4,0.6277182710661736,False,267.42353803347913,2.9047550762063845,False,False
893.86,11741,t11741,270,200.0,22,2,5,0.6348528996638356,False,52.97781715868476,2.7325763622644983,False,False
894.06,11742,t11742,220,700.0,52,8,4,0.6342456125626116,False,144.59918390482378,2.2018245249324306,False,False
894.09,11743,t11743,170,100.0,36,5,4,0.6320026249840854,True,18.49007317075622,1.546187989608112,True,False
894.17,11744,t11744,300,250.0,60,7,2,0.6351209191388613,False,66.53931595078126,2.920630281739238,False,False
894.36,11746,t11746,300,250.0,78,9,5,0.638075208815544,False,69.4948885518805,2.8792053197310414,True,False
894.37,11747,t11747,300,250.0,66,10,2,0.6587475754172949,True,64.70872027981017,2.9578576017216687,True,False
894.39,11748,t11748,220,700.0,96,8,4,0.6308173669780259,False,183.71944363659466,2.155848293322536,False,False
894.42,11749,t11749,120,75.0,93,3,6,0.6373450856678398,True,8.573044390479426,1.234891666541969,True,False
894.43,11750,t11750,220,700.0,26,8,5,0.6433837117888889,False,154.87614350307123,2.350215072941278,False,False
894.44,11751,t11751,120,75.0,52,4,8,0.6171507586194532,True,8.111730155162961,1.103088661820727,True,False
894.52,11752,t11752,170,100.0,48,0,6,0.6515189811302506,True,17.44806706923557,1.7864389118309287,True,False
894.67,11753,t11753,270,200.0,97,1,5,0.6358664824444776,True,55.126793006892704,2.4585912437582973,True,False
895.1,11754,t11754,300,250.0,81,9,10,0.6458985544937706,False,85.31258388438813,3.2022744180062874,False,False
895.18,11755,t11755,220,150.0,96,10,8,0.6253069714060269,True,27.75084759488975,2.383080008481679,True,False
895.31,11756,t11756,300,250.0,54,2,5,0.6315640234887407,False,66.67280786947782,3.2577724901185454,False,False
895.38,11757,t11757,170,500.0,67,0,4,0.6400947840915044,False,83.18874664502525,1.6487919357366159,False,False
895.57,11759,t11759,170,100.0,25,2,4,0.6338271933538312,True,18.980150286018237,1.7213103955979046,True,False
895.65,11760,t11760,300,1200.0,64,0,8,0.6387212870751329,False,360.25463413785803,2.9336444933340173,False,False
895.66,11762,t11762,300,250.0,21,9,6,0.6461762570370025,False,88.52019399548578,3.071193120268817,False,False
895.74,11763,t11763,170,100.0,49,8,5,0.639924219371293,True,14.183527938502047,1.8519517119234252,True,False
895.82,11764,t11764,270,200.0,32,8,5,0.6427079168020489,False,59.774023549743106,2.8790611940341906,False,False
895.95,11765,t11765,220,150.0,64,1,2,0.6212324922066071,True,33.03109204151804,2.1450880792802947,True,False
895.98,11766,t11766,270,200.0,80,1,5,0.6385798194622547,True,46.86057293464389,2.56611756769991,True,False
896.0,11767,t11767,170,700.0,42,5,4,0.6349447543025856,False,110.8673894821853,1.813784672439464,False,False
896.14,11768,t11768,220,150.0,72,7,2,0.6316751674227506,False,34.589673642543886,2.190839073453809,True,False
896.32,11770,t11770,120,75.0,74,10,8,0.6283830137960882,True,8.703172918818822,1.087786179794739,True,False
896.44,11771,t11771,170,500.0,23,6,1,0.6709067186973133,False,75.62542811074317,1.8017773538758501,False,False
896.47,11772,t11772,270,200.0,77,10,2,0.6608750854474106,True,58.766109812297955,2.44509515530843,True,False
896.49,11773,t11773,120,75.0,24,10,8,0.6313975353383482,True,9.859885753047097,1.2235714102101527,True,False
896.6,11775,t11775,120,75.0,59,4,8,0.6202384101137307,True,10.594545258514819,1.2763771106727428,True,False
896.6,11776,t11776,120,75.0,85,3,4,0.6552265369142886,True,7.323480002123681,1.1698958513426805,True,False
896.61,11777,t11777,300,250.0,72,5,6,0.647255770428139,False,76.78010677231198,2.843323659054203,False,False
896.67,11778,t11778,300,1000.0,45,6,8,0.6314530197011761,False,312.30659345003625,3.285205504280095,False,False
896.85,11780,t11780,120,75.0,61,3,4,0.6577041879941846,True,8.83630783960485,1.1923608707921571,True,False
896.92,11781,t11781,120,75.0,50,4,8,0.6232643085781228,True,8.560897380499204,1.2749591194614875,True,False
896.93,11782,t11782,220,700.0,22,5,6,0.6437188368377581,False,137.25619018397617,2.0249492573624552,False,False
897.05,11783,t11783,80,50.0,35,2,1,0.6500679213532407,True,3.3277808281594448,0.7712576397564949,True,False
897.23,11784,t11784,220,900.0,90,10,4,0.6425761693644907,False,208.8283178048394,2.2988311219829365,False,False
897.27,11785,t11785,170,100.0,64,1,2,0.6243900241806568,True,18.345413750966344,1.7580416844112663,True,False
897.3,11786,t11786,170,700.0,25,7,2,0.6282983307409623,False,124.38810377078471,1.5307378564476224,False,False
897.38,11788,t11788,80,50.0,69,0,4,0.636549555076341,True,3.634930250820443,0.8126376073803,True,False
897.44,11790,t11790,220,150.0,42,0,4,0.6392492306414809,True,36.04144352613989,2.390887629709618,True,False
897.49,11791,t11791,270,900.0,64,9,10,0.6423887652220771,False,276.0416667319089,2.888987714152125,False,False
897.52,11792,t11792,220,150.0,80,1,8,0.6177943933274443,True,34.372103752948085,2.1524405417078474,True,False
897.53,11793,t11793,270,1000.0,85,9,5,0.6345703713058998,False,284.7415487557065,2.8860512520129205,False,False
897.91,11795,t11795,270,1000.0,29,3,6,0.6401803657726648,False,234.65182285469066,2.860448446685505,False,False
897.94,11796,t11796,170,100.0,57,9,5,0.6311356305464485,True,19.978619707019494,1.6150482590370914,True,False
898.0,11797,t11797,220,150.0,92,3,6,0.6367849402753933,True,36.20401550324662,2.0148046051958923,True,False
898.19,11798,t11798,270,200.0,20,9,6,0.6426609137144442,False,48.91184332934469,2.514085141646657,False,False
898.21,11799,t11799,120,75.0,37,7,4,0.6245720874630319,True,8.577870104817071,1.2190742426958814,True,False
898.43,11800,t11800,270,200.0,52,6,10,0.6401849593661585,False,57.6668914815324,2.8936076739645498,False,False
898.57,11802,t11802,270,200.0,40,10,8,0.6343517664497631,False,51.669370966497326,2.7123835252654858,False,False
898.58,11803,t11803,170,100.0,88,9,5,0.6339435846021862,False,18.806076531624555,1.7670933583917836,True,False
898.65,11804,t11804,80,50.0,84,9,10,0.6389491717358174,True,3.813101563901455,0.7457566941379759,True,False
898.66,11805,t11805,220,150.0,67,6,8,0.6282321411253343,True,29.60761678767497,2.3469635442236303,True,False
898.7,11806,t11806,170,100.0,88,0,6,0.6539192681743123,True,20.27604972827204,1.7393149576330886,True,False
898.77,11807,t11807,170,700.0,44,4,6,0.6501159548089185,False,120.47646188742233,1.5658105087278356,False,False
898.78,11808,t11808,80,50.0,86,10,2,0.6629600452769238,True,4.448823172324051,0.7622864726035344,True,False
898.78,11809,t11809,220,150.0,37,6,1,0.6667452509900337,True,32.07740760121779,2.3647789634238827,True,False
898.8,11810,t11810,120,75.0,35,1,8,0.6207409669993569,False,9.587444543131017,1.1918313623218981,True,False
898.94,11811,t11811,120,75.0,26,4,2,0.6475864752373948,True,7.514826326341565,1.2279494318430653,True,False
898.99,11812,t11812,120,75.0,83,4,6,0.646521817530922,True,7.384930780620725,1.2250125954466433,True,False
899.16,11813,t11813,300,250.0,82,2,5,0.6283409248371478,True,71.90531614325482,3.19983092472774,True,False
899.33,11814,t11814,270,900.0,65,0,5,0.6356692960895863,False,209.91031273730954,2.440120610169021,False,False
899.6,11816,t11816,270,200.0,68,8,5,0.6392619402841897,True,64.79007376920732,2.8567969266596305,True,False
899.69,11817,t11817,270,200.0,65,4,2,0.6502169275508286,True,44.420989977768315,2.7144777027100004,True,False
899.71,11818,t11818,80,50.0,39,0,6,0.6562715494774928,True,4.0596867905498675,0.7556186171602417,True,False
899.72,11819,t11819,270,200.0,20,9,10,0.6417523701192829,False,54.86041696662563,2.6772696632478694,False,False
899.78,11820,t11820,120,75.0,77,1,5,0.6412388897396762,True,9.524118205531407,1.116856179211236,True,False
899.79,11821,t11821,120,75.0,59,6,1,0.6688410126368997,True,7.221424653097914,1.1275266866457565,True,False
899.93,11822,t11822,170,700.0,71,0,4,0.641894912695318,False,116.57745145525553,1.6674064333049614,False,False
899.97,11823,t11823,80,50.0,28,1,5,0.6438447786115494,True,4.642328829757417,0.7724227848086404,True,False
900.04,11824,t11824,300,1200.0,76,2,5,0.6313562881585867,False,414.06912661619816,3.068396379515681,False,False
900.05,11825,t11825,300,250.0,45,9,6,0.6392158772583372,False,86.5471124390413,2.8582309206072662,False,False
900.14,11826,t11826,300,1200.0,56,0,4,0.6383136811080782,False,318.0267940433203,2.82164178902878,False,False
900.25,11827,t11827,270,200.0,80,5,8,0.6582717143527189,True,50.2165707902069,2.8780245946841316,True,False
900.4,11828,t11828,300,250.0,76,10,4,0.6389813126438676,True,60.2911751767962,3.194167659783883,True,False
900.61,11830,t11830,300,1000.0,37,4,6,0.6491735629984854,False,288.82273992150516,2.7367963988175688,False,False
900.71,11831,t11831,220,150.0,70,8,10,0.6303333656432114,True,31.94914652361156,2.1565973781167562,True,False
900.74,11832,t11832,220,700.0,62,1,2,0.6274844055152254,False,160.81719003021362,2.31010742254333,False,False
900.74,11833,t11833,220,150.0,70,4,2,0.6527947708179939,True,39.00983708660353,2.115393837011238,True,False
901.09,11836,t11836,80,50.0,45,9,6,0.6358397415313523,True,3.903945679547411,0.8388765139254943,True,False
901.21,11838,t11838,270,200.0,63,3,5,0.6553467899070412,True,55.69719238035727,2.5358876504662686,True,False
901.22,11839,t11839,120,75.0,91,7,4,0.627662827531953,True,10.701301224572045,1.2781852847593804,True,False
901.26,11840,t11840,170,100.0,23,3,6,0.6396314232880673,False,19.673410400642023,1.607545450630943,True,False
901.34,11841,t11841,220,150.0,51,0,1,0.6351246856841307,True,35.39210181422178,2.044939904779551,True,False
901.41,11842,t11842,270,200.0,76,7,4,0.6306917527994959,True,57.407282141153146,2.4353432786476708,True,False
901.48,11843,t11843,170,500.0,44,7,4,0.6336600995616878,False,87.35310613970036,1.542766631962818,False,False
901.52,11844,t11844,220,700.0,93,0,10,0.6355701741435531,False,151.66942832081563,2.072227625866327,False,False
901.64,11845,t11845,270,900.0,30,8,4,0.6274576863051321,False,207.17048348878802,2.8520611139345227,False,False
901.65,11846,t11846,170,100.0,31,8,4,0.6241651992456961,True,14.803078686402637,1.6420188446797876,True,False
901.7,11847,t11847,220,150.0,98,8,4,0.6271125619274488,True,37.186840669167296,2.37811932241543,True,False
901.76,11848,t11848,170,500.0,20,9,10,0.638325504535079,False,68.94573304989035,1.8238963103451435,False,False
901.83,11849,t11849,220,150.0,88,1,2,0.6243428992231028,True,31.721387712160233,2.03191965491358,True,False
901.89,11850,t11850,170,100.0,20,8,5,0.6420588832966877,True,18.56948731665901,1.8101901263708136,True,False
901.92,11851,t11851,300,1200.0,77,2,4,0.6367328313049364,False,337.7110956210294,2.925688372162346,False,False
901.93,11852,t11852,170,100.0,69,4,6,0.6455982735566975,True,18.683071526347575,1.5324026590408844,True,False
901.99,11853,t11853,170,100.0,92,1,2,0.6274382230568226,True,18.11762293165883,1.739361550211884,True,False
902.05,11854,t11854,220,900.0,35,1,5,0.6463985497059851,False,192.53198652051424,2.178457597480371,False,False
902.12,11856,t11856,300,1200.0,62,2,1,0.6526487447443577,False,305.8105830814354,3.1778141421082333,False,False
902.17,11857,t11857,220,150.0,50,1,8,0.6174546091978315,True,35.28294033408381,2.0365576401556,True,False
902.18,11858,t11858,170,500.0,96,6,8,0.6312496801210096,True,86.24371317493791,1.6993307419149368,True,False
902.23,11859,t11859,300,250.0,57,9,6,0.638705128518907,False,81.05887962395236,2.99244814683491,False,False
902.39,11860,t11860,300,250.0,55,7,2,0.6249890307928098,False,61.28049362105127,2.910312629274502,False,False
902.5,11861,t11861,120,75.0,90,8,10,0.633308880148529,True,10.261591097520936,1.263777188774828,True,False
902.57,11862,t11862,300,250.0,28,10,4,0.6416323530576569,False,67.96295384503142,2.8143971709666094,False,False
902.58,11863,t11863,300,1000.0,44,6,10,0.636637926845502,False,281.85704957245645,2.84871542769994,False,False
902.58,11864,t11864,270,200.0,31,1,2,0.6304716404138679,False,62.79571191322655,2.6088337080825776,False,False
902.83,11865,t11865,220,700.0,30,3,5,0.6578220359270822,False,167.7246683342147,1.9967550707032564,False,False
902.93,11866,t11866,300,1000.0,92,7,6,0.6267114861667539,False,250.32751593496258,3.092744533309114,False,False
903.13,11868,t11868,270,1000.0,24,1,2,0.6272703894237724,False,226.75582345795,2.7372731206897245,False,False
903.41,11870,t11870,80,50.0,60,2,4,0.6334063564970195,True,3.7538171846179242,0.8492262560790587,True,False
903.41,11871,t11871,270,1000.0,70,0,6,0.6585767851546095,False,321.10274593797016,2.869951885340958,False,False
903.48,11872,t11872,120,75.0,37,2,1,0.6490039516676523,True,7.5989046762743,1.2835459716533866,True,False
903.85,11874,t11874,80,50.0,83,5,6,0.6402526419191847,True,4.108500673835699,0.8624971752060884,True,False
904.13,11875,t11875,270,1000.0,81,5,6,0.6430297708989828,False,248.29269399095529,2.842062443061594,False,False
904.17,11876,t11876,80,50.0,31,4,2,0.6553210572198159,True,3.9357866148518097,0.7826783723463233,True,False
904.18,11877,t11877,300,250.0,41,10,8,0.6310729129389496,False,60.286933125048044,3.021576926773211,False,False
904.38,11878,t11878,220,150.0,45,1,5,0.6427272453785321,True,38.53244561086797,1.993589046634362,True,False
904.41,11879,t11879,120,75.0,54,4,6,0.6482684899037453,True,10.495420619183225,1.2331512173693657,True,False
904.47,11880,t11880,300,250.0,66,3,5,0.6540737770267224,False,78.24584137771849,2.8795446631206683,False,False
904.49,11881,t11881,170,700.0,21,4,8,0.626229689073227,False,128.33940790932974,1.6692573310679126,False,False
904.58,11882,t11882,220,150.0,66,6,8,0.6342068683367711,True,28.165699954457715,2.3636752470915243,True,False
904.61,11883,t11883,300,1200.0,66,9,5,0.6305213795768091,False,334.2032979906824,2.8926805630622057,False,False
904.94,11884,t11884,300,250.0,75,3,6,0.6362469766404878,False,85.72185115592238,3.174075322633322,False,False
904.95,11885,t11885,300,1200.0,62,2,1,0.6516060544524812,False,336.3039558532056,3.171012133656839,False,False
905.73,11886,t11886,170,700.0,42,6,1,0.6708948590508284,False,96.13980398459937,1.6961611531471539,False,False
905.88,11887,t11887,270,200.0,66,10,4,0.6380563726631704,False,62.26668736659472,2.799545956014418,True,False
905.92,11888,t11888,170,100.0,32,2,1,0.6479821151816133,True,16.309199628530514,1.6484789788344882,True,False
905.99,11889,t11889,300,250.0,20,7,4,0.6303950793886358,False,69.31384639021739,2.815564372718054,False,False
906.0,11890,t11890,170,100.0,37,2,1,0.6506046546961629,True,18.524541746308163,1.8076092386994775,True,False
906.24,11891,t11891,300,250.0,55,9,2,0.6274454989980505,False,71.09818928149791,3.2787129541043525,False,False
906.29,11892,t11892,220,150.0,58,9,4,0.6273055944233774,True,35.996110846449156,2.0266375507891783,True,False
906.3,11893,t11893,80,50.0,91,3,4,0.6601322860524826,True,4.173805378762412,0.8387286936657801,True,False
906.56,11895,t11895,170,700.0,38,8,4,0.6300009773555665,False,102.81202306562248,1.7812542792061326,False,False
906.78,11896,t11896,170,100.0,63,3,5,0.6504004833043698,True,15.564988055491675,1.595522254243552,True,False
906.82,11897,t11897,120,75.0,53,1,2,0.6241331634534787,True,10.15760654894843,1.2782747557878358,True,False
906.94,11898,t11898,220,150.0,39,10,4,0.6345519118765737,True,26.854857480065547,2.086078988792043,True,False
907.12,11899,t11899,80,50.0,57,2,4,0.6363204111852608,True,4.080760790682993,0.7503292197898759,True,False
907.13,11900,t11900,220,150.0,84,9,6,0.6353392077667107,True,30.032857789222312,2.146508500414782,True,False
907.17,11901,t11901,270,200.0,74,4,6,0.6508853019238522,True,47.00531542492858,2.847696757227227,True,False
907.2,11902,t11902,220,150.0,50,1,5,0.6453033671376281,True,30.93786644206172,2.303716904104019,True,False
907.24,11903,t11903,270,200.0,26,1,2,0.627232682002591,False,62.95175761194973,2.6888855387593984,False,False
907.45,11904,t11904,300,1200.0,28,2,4,0.6391761847797375,False,418.47851361916355,2.982120060046574,False,False
907.52,11906,t11906,220,150.0,38,6,10,0.6331618349752587,True,32.20295692462254,2.0471714654124624,True,False
907.61,11907,t11907,80,50.0,91,1,5,0.6478279664615422,True,4.648099948044562,0.8515080048394156,True,False
907.61,11908,t11908,220,150.0,46,3,6,0.6329302189258598,True,36.40832736310879,2.0014166232146144,True,False
907.65,11909,t11909,120,75.0,36,5,4,0.6316540410347157,True,10.78375123425764,1.128225428097858,True,False
907.66,11910,t11910,300,250.0,39,5,4,0.6346031420322031,False,60.53454478804321,3.2640173703128985,False,False
907.99,11912,t11912,80,50.0,57,1,8,0.6204079785523362,True,4.512784781711607,0.7982546197437957,True,False
908.01,11913,t11913,80,50.0,77,2,5,0.6281373442135968,True,4.003732176846208,0.7936961871895039,True,False
908.06,11914,t11914,170,700.0,28,10,8,0.6278596364983524,False,136.90942890413848,1.8320061434324557,False,False
908.14,11916,t11916,270,900.0,92,1,8,0.623302280519751,False,283.8153839578635,2.6490115958803253,False,False
908.24,11917,t11917,300,250.0,59,5,4,0.6313192610097409,False,73.17520738250646,2.863456936649255,False,False
908.29,11919,t11919,270,1000.0,89,4,6,0.653449777703557,False,260.13181191150835,2.531455315027207,False,False
908.41,11920,t11920,270,900.0,31,0,8,0.6350753228720918,False,236.95890200750742,2.5822239018298796,False,False
908.57,11921,t11921,270,900.0,67,2,1,0.6531747434204215,False,233.52773420485673,2.8891463198285057,False,False
908.62,11923,t11923,120,75.0,79,5,4,0.6281010576077279,True,9.681191585434615,1.0907385090084807,True,False
908.72,11924,t11924,220,150.0,80,9,4,0.6301901492015766,True,34.083981038966506,2.273191880598751,True,False
908.76,11925,t11925,270,200.0,55,5,6,0.639577357299185,True,44.2465694797281,2.727184399116297,True,False
908.81,11926,t11926,170,700.0,42,4,8,0.6229617619584291,False,96.01758081376104,1.7912801376448269,False,False
908.99,11927,t11927,120,75.0,38,10,8,0.6247106255865672,False,10.015591918348719,1.319174867699138,True,False
909.22,11929,t11929,80,50.0,57,2,5,0.6311567791475067,True,4.592192529699539,0.816720111140472,True,False
909.36,11930,t11930,80,50.0,32,7,8,0.6231872723387898,True,4.243505150844064,0.8081058293586804,True,False
909.42,11931,t11931,170,500.0,39,2,1,0.6495194303701949,False,85.73467131795269,1.857775027340037,False,False
909.45,11932,t11932,300,1000.0,36,2,1,0.6459372235809727,False,333.1010432724788,3.0858984865935275,False,False
909.48,11933,t11933,220,150.0,85,9,6,0.6382146054295583,True,36.030409742073196,2.232173721882296,True,False
909.49,11934,t11934,300,250.0,79,1,2,0.6240962101807209,True,60.565607799800475,3.2282547505668067,True,False
909.73,11936,t11936,80,50.0,38,0,1,0.63800437378863,True,3.324044003740224,0.8142500253618833,True,False
909.83,11937,t11937,220,150.0,24,4,2,0.6577968178936014,False,36.05476785180298,2.1194890572134533,False,False
910.02,11940,t11940,300,1200.0,87,2,4,0.6358008429023245,False,429.7932170887524,2.946373832728484,False,False
910.07,11941,t11941,220,150.0,43,10,8,0.6216245948930177,True,33.04763615935742,2.1468723269286536,True,False
910.1,11942,t11942,220,150.0,95,10,2,0.6650033059098468,True,35.04960103487862,2.247537826597995,True,False
910.11,11944,t11944,170,500.0,36,6,8,0.6371049127882176,False,87.91497185103287,1.6280161059631173,False,False
910.11,11943,t11943,170,100.0,57,10,8,0.6247742848133392,True,20.37127669586538,1.8430945616215322,True,False
910.2,11945,t11945,120,75.0,50,0,6,0.654661916118184,True,8.092344050318616,1.1140646474005838,True,False
910.23,11946,t11946,270,200.0,44,0,4,0.6348040741525833,False,55.66478703361547,2.8503221433217174,False,False
910.29,11947,t11947,120,75.0,86,7,6,0.6235854382616006,True,8.793068326587804,1.2114079880880404,True,False
910.3,11948,t11948,170,100.0,64,6,1,0.6667336285364784,True,20.21028269060276,1.653882291431691,True,False
910.37,11949,t11949,170,100.0,51,9,10,0.6349671762625593,True,15.322488707288514,1.6086520944872948,True,False
910.38,11950,t11950,270,200.0,65,1,5,0.6503020737989781,True,61.86592435916244,2.475438917090903,True,False
910.64,11951,t11951,80,50.0,85,3,6,0.6358537963655244,True,4.1042345839072185,0.8046805921493978,True,False
910.65,11952,t11952,270,200.0,33,0,2,0.6342923985087697,False,47.53596989945918,2.582558422737923,False,False
910.82,11953,t11953,220,150.0,23,4,8,0.6197591933859272,False,37.91777197366206,2.1532500894231434,False,False
910.93,11955,t11955,80,50.0,61,6,1,0.6688296226324155,True,3.7744694859560344,0.8102073543487407,True,False
910.94,11956,t11956,170,700.0,58,10,2,0.6670057013301114,False,115.79484441010102,1.747604841232942,False,False
910.97,11957,t11957,170,700.0,85,6,10,0.6359292649424201,False,103.74007767676343,1.5569772402372066,False,False
911.18,11958,t11958,220,700.0,40,6,1,0.6708836968464339,False,178.31085189171122,2.028991837919054,False,False
911.46,11959,t11959,220,150.0,80,2,4,0.6324930078624599,True,28.63560268619314,2.251659028966675,True,False
911.48,11960,t11960,270,200.0,89,3,5,0.6529746554564643,True,47.114670401028555,2.903861584065273,True,False
911.53,11961,t11961,300,1000.0,34,8,4,0.6266576244751219,False,259.3702833727875,3.1341421846728226,False,False
911.62,11962,t11962,170,700.0,54,6,10,0.6324673463102384,False,123.5179360375301,1.6638150329145327,False,False
911.72,11963,t11963,220,150.0,28,3,5,0.6554973441655167,True,27.404044883111386,2.138267708671038,True,False
911.82,11965,t11965,170,100.0,23,0,1,0.6408264681310392,True,18.694773311306687,1.5848664747973091,True,False
911.95,11966,t11966,170,100.0,87,1,8,0.6199646964478176,True,16.34966541248328,1.6734348360906028,True,False
911.99,11967,t11967,80,50.0,25,1,2,0.6271964677952884,True,3.217579733156159,0.7765842239716444,True,False
912.19,11971,t11971,300,250.0,82,2,4,0.6354253295233925,True,75.10563833906231,3.0740827792058862,True,False
912.21,11972,t11972,270,200.0,68,1,2,0.6302347202575644,True,45.197688748293885,2.9652685576988254,True,False
912.3,11973,t11973,300,250.0,76,3,4,0.6625118221496148,True,68.40219208931845,2.899703958827565,True,False
912.5,11974,t11974,120,75.0,58,9,6,0.641032495139149,True,7.589654908459797,1.2010770311883174,True,False
912.52,11975,t11975,220,900.0,23,6,10,0.6290746660507003,False,193.84978486913954,1.9901444086391102,False,False
912.53,11976,t11976,270,200.0,58,7,4,0.6271953596190449,False,60.666540018305895,2.498865387141597,False,False
912.65,11977,t11977,300,250.0,48,5,4,0.6311212182737552,False,88.89650732309892,3.062568631702871,False,False
912.77,11978,t11978,270,200.0,89,9,10,0.6378500145554898,True,44.34341241428371,2.838680096138746,True,False
912.8,11979,t11979,270,200.0,45,1,8,0.6228678640573229,True,44.36662035776312,2.4506928114043873,True,False
912.84,11980,t11980,300,1000.0,89,4,2,0.6540490633539112,False,278.54933559782415,2.870513397544358,False,False
912.88,11981,t11981,220,900.0,65,0,1,0.6435921205866001,False,170.7617917911465,2.126342628589247,False,False
912.89,11982,t11982,80,50.0,94,9,6,0.6437940270545478,True,4.597980545811272,0.8596443878585163,True,False
913.03,11984,t11984,80,50.0,87,0,1,0.64012845999305,True,4.7139010356706486,0.8746957527223693,True,False
913.04,11985,t11985,120,75.0,40,8,10,0.6362248843637403,False,10.771177863283192,1.1579980587273295,True,False
913.05,11986,t11986,300,250.0,37,0,1,0.6429080726113708,False,84.6958725883261,2.8303089839463444,False,False
913.18,11987,t11987,300,250.0,75,1,5,0.6527266989896652,True,68.85475219294234,3.2571988294994707,True,False
913.19,11988,t11988,170,700.0,57,0,1,0.6394580929773251,False,110.86829370426194,1.7459585778064441,False,False
913.26,11989,t11989,120,75.0,47,10,8,0.6278609809352541,True,7.201760604737875,1.184115679848954,True,False
913.46,11992,t11992,220,150.0,43,6,1,0.6667226895761719,True,36.400845311532066,2.259208026878598,True,False
913.46,11991,t11991,220,900.0,23,10,2,0.6627940488419708,False,169.17447333450846,2.0971269120197134,False,False
913.48,11993,t11993,300,250.0,26,2,1,0.6424266609275351,False,78.09894626757574,2.8526147555746224,False,False
913.55,11994,t11994,120,75.0,78,10,8,0.6308859431347309,True,8.42363966231276,1.2244984764418654,True,False
913.67,11995,t11995,220,700.0,98,9,10,0.640675196082562,False,131.35464012420195,2.095232142614878,False,False
913.74,11997,t11997,220,150.0,52,0,5,0.6322125768344613,False,26.415082636348505,2.2075258910056683,True,False
913.82,11998,t11998,270,200.0,56,7,8,0.6263057087101959,True,48.11972982991395,2.964421719244853,True,False
913.92,11999,t11999,220,150.0,95,6,8,0.6337709963506349,True,29.94916631463012,2.304755155002977,True,False
913.95,12000,t12000,300,1200.0,78,3,6,0.6387189022563957,False,382.82257156899834,2.9326494343312883,False,False
914.03,12001,t12001,220,150.0,55,8,10,0.6329085684946473,True,33.73943637030255,2.161296253354708,True,False
914.13,12002,t12002,270,200.0,74,2,4,0.6382990047511065,True,57.47498124973073,2.430460607013381,True,False
914.25,12004,t12004,300,1000.0,59,1,2,0.6332122076705949,False,257.4746028104309,3.2753178667574776,False,False
914.34,12005,t12005,270,1000.0,65,0,10,0.6318773420892535,False,300.5910377831688,2.7461371688285974,False,False
914.7,12006,t12006,170,100.0,84,2,5,0.6341158253827383,True,15.5411708593485,1.5663522949548794,True,False
914.72,12007,t12007,120,75.0,63,1,5,0.6551028316765385,True,8.899891296734275,1.3184140448949604,True,False
914.82,12008,t12008,80,50.0,78,2,5,0.6370156906932654,True,3.200688180000743,0.8066519738773951,True,False
914.85,12009,t12009,120,75.0,32,3,4,0.6648437675248043,True,7.461308507887862,1.29417881237465,True,False
914.89,12010,t12010,220,900.0,22,6,1,0.6688189024513151,False,166.75153885467566,2.0567228873045234,False,False
915.01,12011,t12011,300,250.0,47,0,1,0.6360771129359605,False,61.24268335034637,2.705681586400692,False,False
915.14,12012,t12012,120,75.0,86,1,8,0.6257129683146379,True,8.599401493869692,1.2113792580462677,True,False
915.4,12013,t12013,220,150.0,89,4,6,0.6497889639676677,True,32.39893690565537,2.07527886232957,True,False
915.44,12014,t12014,220,900.0,24,5,6,0.6423679919713831,False,186.132996778226,2.069402574426765,False,False
915.59,12016,t12016,270,200.0,47,7,6,0.6266959113145504,True,46.30733777082395,2.457034368123194,True,False
915.76,12017,t12017,170,500.0,73,9,10,0.6372698739790925,False,90.41054024217826,1.7973239796903187,False,False
915.87,12018,t12018,220,150.0,49,8,5,0.6447998874489358,True,32.42651845978677,2.330859506209671,True,False
915.96,12019,t12019,270,200.0,22,8,10,0.6358325789429361,False,53.85552489697422,2.903348416464891,False,False
916.05,12021,t12021,170,500.0,63,1,5,0.6574314417096744,False,95.65404564081446,1.601469744326209,False,False
916.16,12023,t12023,170,700.0,94,0,6,0.656999344462487,False,98.40277547067762,1.629482012631501,False,False
916.16,12024,t12024,270,1000.0,30,5,6,0.6389288139501372,False,218.53718816209005,2.8931465490662718,False,False
916.16,12022,t12022,170,100.0,36,7,6,0.6297441749064412,True,16.12799833840947,1.5794301566842053,True,False
916.45,12025,t12025,220,150.0,77,8,4,0.6233811386522861,True,28.929480930905466,2.3315330875975038,True,False
916.5,12026,t12026,270,200.0,23,0,8,0.6315022779531114,False,57.836223549546276,2.62970009684024,False,False
916.52,12027,t12027,120,75.0,76,0,6,0.653116024239904,True,7.541511852509508,1.2263137912868747,True,False
916.53,12028,t12028,170,100.0,84,6,10,0.6257498393963529,True,17.980276015898525,1.8556148181316892,True,False
916.62,12029,t12029,80,50.0,83,1,8,0.6285011704868066,True,3.931528129749661,0.7625608461605146,True,False
916.78,12030,t12030,270,900.0,54,3,6,0.6353527060294496,False,254.51365025552204,2.9549598719299413,False,False
916.88,12031,t12031,170,100.0,54,4,2,0.6503762639050147,True,14.705179774400223,1.7668796029967355,True,False
916.9,12032,t12032,80,50.0,93,0,1,0.6327637524954232,False,4.036738725665526,0.8676635544120428,True,False
917.2,12033,t12033,80,50.0,38,8,5,0.6474860715181389,True,4.65389181037055,0.7889603542925034,True,False
917.22,12034,t12034,220,700.0,75,7,8,0.6293617763541738,False,144.13365987934827,2.402402619413019,False,False
917.32,12035,t12035,270,900.0,22,10,8,0.6338504060902181,False,225.29830338440487,2.7324260483650145,False,False
917.55,12036,t12036,270,900.0,82,3,4,0.6671290739924901,False,250.1021542060373,2.731697932697026,False,False
917.59,12037,t12037,270,200.0,65,6,1,0.6646991910689555,True,59.10974916388481,2.5432523416847923,True,False
917.6,12038,t12038,170,700.0,38,0,4,0.6313646593361983,False,141.8072520265798,1.6371662604911927,False,False
917.74,12040,t12040,120,75.0,50,0,6,0.6554843704217725,True,7.274879258239469,1.1955148532741793,True,False
917.81,12041,t12041,220,700.0,94,2,1,0.6389863095271662,False,179.10235576041205,2.0883063569738423,False,False
917.98,12044,t12044,220,150.0,83,3,4,0.663194674330822,True,35.87392569072313,2.413890361176456,True,False
918.07,12047,t12047,120,75.0,77,10,2,0.658666629403593,True,9.539763078194134,1.3140136768124628,True,False
918.07,12046,t12046,270,200.0,99,5,8,0.6606884618838463,True,45.454431557211464,2.677223842172058,True,False
918.14,12048,t12048,170,500.0,49,6,1,0.666835873914243,False,89.34006554994596,1.610346764957843,False,False
918.22,12049,t12049,170,700.0,91,8,4,0.626344182545907,False,132.29972011164512,1.736779560738767,False,False
918.31,12050,t12050,170,100.0,47,4,8,0.6166206761848754,True,19.108469759961924,1.6986267641258903,True,False
918.53,12051,t12051,220,150.0,96,6,10,0.6286655092750926,True,39.24725240469088,2.157329975871469,True,False
918.54,12053,t12053,220,700.0,35,2,1,0.6356147651548046,False,124.79780647147521,2.368563491140629,False,False
918.56,12054,t12054,270,900.0,33,9,4,0.6330170128842117,False,284.52637842105725,2.7296683185120325,False,False
918.68,12055,t12055,220,150.0,58,0,2,0.6310147323567762,True,35.543056514611415,2.08408799229693,True,False
918.83,12056,t12056,270,200.0,96,10,2,0.6607957583539825,True,53.53000336253521,2.77107205239034,True,False
918.87,12057,t12057,220,150.0,50,7,6,0.6327314732264943,True,33.5289786975717,2.2860825784133976,True,False
919.07,12058,t12058,270,200.0,48,1,5,0.6535394795421475,False,51.54540796682112,2.831092880464658,False,False
919.07,12059,t12059,270,200.0,96,2,1,0.6323106516698903,True,44.588334333167744,2.4380458338097735,True,False
919.17,12061,t12061,170,100.0,31,4,6,0.6523753665064962,True,13.837488091017303,1.777075072539985,True,False
919.19,12062,t12062,270,200.0,57,1,5,0.6497253566179714,False,59.63709829270716,2.7930533045566786,False,False
919.28,12063,t12063,220,150.0,83,7,6,0.6356590255801461,True,34.33757704643017,2.0931131211156084,True,False
919.3,12064,t12064,220,900.0,66,3,5,0.6579695791003882,False,189.08859211992512,2.1144874433748972,False,False
919.61,12066,t12066,300,250.0,87,6,10,0.6315228657562574,True,84.26781631885311,2.715889387586096,True,False
919.75,12067,t12067,170,100.0,60,6,8,0.6366777582418041,False,19.860514802028405,1.8399776025715913,True,False
919.8,12068,t12068,220,700.0,38,5,4,0.6279069757264618,False,168.52259062585574,2.4081122602235885,False,False
919.82,12069,t12069,220,900.0,60,4,6,0.6549100409945481,False,177.75807257501512,2.158411828288208,False,False
919.84,12070,t12070,220,700.0,30,10,2,0.6628823047253645,False,154.68898415677694,2.116515378929887,False,False
920.07,12071,t12071,270,200.0,96,10,2,0.6587531201693186,True,53.78103035608768,2.6994123263937615,True,False
920.11,12072,t12072,270,900.0,85,0,6,0.6578053496800037,False,228.6007003142266,2.5018986461920045,False,False
920.19,12073,t12073,300,250.0,43,7,8,0.6261827226452721,False,60.466300377516276,2.8360234968332074,False,False
920.25,12074,t12074,270,900.0,78,0,6,0.6539059093530704,False,202.98113138011752,2.5660198252304265,False,False
920.26,12075,t12075,170,700.0,64,6,1,0.6627558231026248,False,133.95665002307763,1.7772932214490031,False,False
920.38,12077,t12077,170,500.0,73,2,1,0.6352466204546744,False,78.88993827503808,1.8328898662356587,False,False
920.44,12078,t12078,270,1000.0,96,2,1,0.6319498698637628,False,257.07488850278827,2.8485780222066617,False,False
920.54,12079,t12079,300,250.0,42,8,10,0.6325241091822592,False,68.66370191918143,2.7959253595924056,False,False
920.71,12081,t12081,300,1000.0,70,7,8,0.6230672500105484,False,315.7420544405794,3.177238859844376,False,False
921.05,12082,t12082,270,200.0,91,8,10,0.6292818088167959,True,46.23718641746588,2.6039671903141244,True,False
921.08,12083,t12083,270,200.0,85,5,8,0.6630568744643511,True,54.04105324597466,2.652837003928834,True,False
921.71,12084,t12084,300,1200.0,96,10,4,0.6372915403057088,False,347.7018373584386,3.2591029008857655,False,False
921.74,12085,t12085,80,50.0,53,0,6,0.6500844578326755,True,4.776256230841986,0.8421423623551741,True,False
921.78,12087,t12087,220,150.0,64,6,1,0.658757373307239,False,35.91562382268444,2.3544396297415635,True,False
921.87,12088,t12088,300,250.0,31,3,4,0.6655129626623875,False,75.021603943272,3.010243278380635,False,False
921.92,12089,t12089,80,50.0,68,7,6,0.638528026886725,True,3.293928268278347,0.8183775273411347,True,False
921.93,12090,t12090,270,200.0,93,0,1,0.6295166592636964,True,57.00401688242332,2.6229836253377123,True,False
921.97,12092,t12092,220,700.0,72,6,8,0.6333523848951498,False,150.50503879606362,2.396507940248555,False,False
922.16,12093,t12093,270,900.0,70,3,5,0.6542183693365623,False,279.09274725500427,2.734374977833931,False,False
922.26,12095,t12095,270,1000.0,29,2,4,0.6411152064742661,False,277.40035026178373,2.4344262092944122,False,False
922.52,12096,t12096,270,200.0,71,9,6,0.6465003283316387,True,49.07720233940325,2.6543731526921,True,False
922.59,12097,t12097,80,50.0,38,3,5,0.6505421837680129,True,4.6440484390317245,0.8765485841199198,True,False
922.63,12098,t12098,270,200.0,92,10,4,0.6338023761662613,True,58.93391953935917,2.629278655504735,True,False
922.72,12099,t12099,270,200.0,72,0,6,0.6525134353426888,True,50.18208351921335,2.5706045000612043,True,False
922.73,12100,t12100,300,1000.0,89,6,1,0.654838892507761,False,264.3770975399669,3.0672092597835605,False,False
922.82,12101,t12101,270,200.0,92,6,1,0.6509987813242722,True,50.33872546476583,2.6658878578590306,True,False
922.83,12102,t12102,270,200.0,97,4,2,0.6529509204450962,True,49.29361721200011,2.546957342864251,True,False
922.88,12103,t12103,80,50.0,27,7,6,0.6413396481671724,True,3.873908419947529,0.8637639106362123,True,False
922.9,12104,t12104,300,1000.0,93,7,4,0.6240596342448458,False,306.2208709819591,3.1955622160936534,False,False
922.92,12105,t12105,80,50.0,34,10,2,0.6608805193043938,True,4.385430905723656,0.8309595794640302,True,False
923.03,12106,t12106,300,250.0,91,4,6,0.6512200219928389,True,83.65736514772773,2.9874902564571713,True,False
923.15,12107,t12107,300,1200.0,74,5,8,0.6653779187932459,False,407.25839083162845,3.044523144375896,False,False
923.16,12108,t12108,270,200.0,42,6,1,0.6534094723644536,False,55.19163731634679,2.636288063665015,False,False
923.21,12109,t12109,300,250.0,39,2,1,0.6287190542846693,False,71.09694248056948,2.7563402291220576,False,False
923.25,12111,t12111,270,1000.0,42,2,1,0.6255528550171577,False,231.63160945850032,2.9163848039517615,False,False
923.25,12110,t12110,120,75.0,41,10,2,0.6629653704567675,True,8.386242865293275,1.0879297882126364,True,False
923.85,12113,t12113,300,250.0,75,9,4,0.6296133392931941,False,79.51984332241405,2.7291564312095202,False,False
923.92,12114,t12114,300,1000.0,86,2,4,0.6377010841629627,False,307.59380896250735,2.9962040482552674,False,False
924.18,12117,t12117,270,200.0,53,0,6,0.6548938333025017,False,60.729667790978404,2.861006008110065,False,False
924.2,12118,t12118,220,150.0,23,10,2,0.6650085245860937,False,37.15100838121967,2.358248677387498,False,False
924.21,12119,t12119,80,50.0,89,2,5,0.6398575586975819,True,3.441941851076579,0.8435685348107929,True,False
924.76,12121,t12121,270,200.0,54,6,10,0.634323075107799,True,52.4239085137154,2.442728951537246,True,False
924.87,12122,t12122,220,150.0,50,8,5,0.6501185319059579,True,27.555497415598097,1.9805902275188954,True,False
924.91,12123,t12123,300,250.0,69,2,5,0.6426425893418121,False,83.08714498283753,3.0174315340134923,False,False
925.01,12124,t12124,170,500.0,29,4,6,0.653777803371164,False,97.59400352991602,1.5980017084716394,False,False
925.04,12125,t12125,80,50.0,99,10,2,0.6608368156328335,True,4.768900983911722,0.814688153582247,True,False
925.06,12126,t12126,170,100.0,68,6,10,0.6370672802723095,True,18.14927632943134,1.5765891240623073,True,False
925.11,12127,t12127,120,75.0,31,8,5,0.6526983430860206,True,8.40207843270642,1.2077005250973862,True,False
925.13,12128,t12128,120,75.0,83,6,10,0.6397566013335301,True,9.069178617637416,1.2391063392495372,True,False
925.14,12129,t12129,270,1000.0,67,8,5,0.655226558042482,False,274.93406629749495,2.4723114361680256,False,False
925.36,12130,t12130,80,50.0,38,10,8,0.6305815797865956,True,4.119776000153824,0.7206597440128294,True,False
925.44,12131,t12131,220,700.0,28,8,4,0.6230739655616556,False,175.77656999789122,2.207278236026748,False,False
925.52,12132,t12132,270,200.0,69,0,6,0.6510526233031183,True,59.0767756302726,2.599087961917755,True,False
925.63,12133,t12133,80,50.0,79,0,1,0.6325085078966043,True,4.173477115738255,0.7532124567051666,True,False
925.73,12134,t12134,120,75.0,20,4,2,0.6554740838543761,True,10.033218276607789,1.1485583506921115,True,False
925.76,12135,t12135,170,100.0,52,8,2,0.62074060475206,True,14.463155242203849,1.867164245892784,True,False
925.77,12136,t12136,80,50.0,53,4,6,0.6501104291219225,True,4.4775988664906565,0.8720992824521464,True,False
925.8,12137,t12137,220,900.0,67,8,10,0.6322783544586418,False,223.29452386982067,2.185404616361889,False,False
925.93,12138,t12138,300,1000.0,34,4,2,0.6579467839954704,False,357.10788847676804,2.8251732534471663,False,False
925.98,12139,t12139,80,50.0,50,1,5,0.6459875161522786,True,4.526735119146878,0.8448072157160813,True,False
926.0,12140,t12140,170,700.0,44,3,6,0.6320538337270425,False,119.52903197426815,1.6173254952591103,False,False
926.04,12141,t12141,270,200.0,44,8,5,0.6515302086998142,False,58.46968363460954,2.666319473114576,False,False
926.16,12142,t12142,80,50.0,64,7,5,0.6222211400143559,True,4.638487593990764,0.8699556295266024,True,False
926.17,12143,t12143,300,250.0,84,3,4,0.6616108852273216,True,74.89696726726963,2.867284259167424,True,False
926.81,12147,t12147,170,100.0,66,0,2,0.6339766195278224,True,19.436354167111155,1.786011851979225,True,False
926.81,12146,t12146,270,200.0,32,2,5,0.6391979193731576,False,50.35344909045676,2.689352830382022,False,False
926.92,12148,t12148,220,150.0,52,4,2,0.6541960301337428,True,33.31377746625233,2.2904627693094453,True,False
926.96,12149,t12149,300,250.0,54,6,1,0.6495979495838311,False,87.04599388664664,2.928404202570774,False,False
926.97,12150,t12150,270,900.0,34,7,6,0.6440950370220108,False,235.0231887829708,2.933855076429372,False,False
927.01,12152,t12152,120,75.0,97,8,2,0.6237564593236856,True,7.606681706656745,1.1064759586441009,True,False
927.08,12153,t12153,220,150.0,45,2,5,0.6358221428038763,True,29.596545260448757,1.9973562730824548,True,False
927.2,12156,t12156,270,200.0,83,3,6,0.6288209388706835,True,57.73790469288785,2.8729908296537685,True,False
927.28,12158,t12158,120,75.0,95,1,5,0.6484984324958997,True,8.21307783103661,1.2890048000676977,True,False
927.33,12159,t12159,220,150.0,77,6,8,0.6300935190154286,True,34.76919926876803,2.20164324378292,True,False
927.45,12160,t12160,270,200.0,60,0,2,0.6368792689554478,True,45.812974396077834,2.5866337378187407,True,False
927.56,12162,t12162,270,1000.0,30,6,1,0.6458626572588212,False,240.42189207513485,2.6360820446652538,False,False
927.6,12163,t12163,170,700.0,90,2,4,0.6343552442978851,False,122.53202051035726,1.5587984210020758,False,False
927.68,12164,t12164,120,75.0,55,6,1,0.6422020707803114,True,9.63463358277509,1.087847705709693,True,False
927.9,12165,t12165,220,150.0,69,5,6,0.6355584194893164,True,27.780340085562752,2.2427466845904074,True,False
927.93,12166,t12166,270,1000.0,89,8,10,0.6290409691876507,False,315.6279413911662,2.8257025135076574,False,False
927.97,12167,t12167,170,100.0,95,7,10,0.6222745096524372,True,18.59949889229615,1.5895514357220768,True,False
928.09,12168,t12168,80,50.0,84,3,4,0.6639608493409569,True,3.440596813825042,0.7420295870062228,True,False
928.1,12169,t12169,120,75.0,46,7,5,0.6253588990322506,True,7.317273147390441,1.0832581908926717,True,False
928.14,12170,t12170,80,50.0,89,5,6,0.6384294329177118,True,3.7725396860941403,0.751784104327962,True,False
928.17,12171,t12171,270,1000.0,73,2,4,0.6310763212301093,False,314.79265622359713,2.4822216586929207,False,False
928.38,12172,t12172,170,700.0,54,8,10,0.6258683316220796,False,140.24434860911964,1.5363505944076123,False,False
928.51,12174,t12174,170,700.0,58,6,1,0.6447886960313719,False,120.65540013268401,1.8522521665885863,False,False
928.59,12176,t12176,270,1000.0,30,10,4,0.6365569953096027,False,312.7178957904429,2.7059153103840305,False,False
928.61,12177,t12177,220,150.0,77,2,4,0.627862976623689,True,31.89342474894223,2.0444485752790613,True,False
928.63,12178,t12178,170,100.0,64,3,6,0.6318267019114515,True,17.737196853326743,1.559428761871056,True,False
928.7,12179,t12179,220,900.0,92,6,10,0.6423921359735262,False,225.62067248147778,2.0012720702091498,False,False
928.71,12180,t12180,170,500.0,56,5,6,0.6412430260775394,False,77.58131832525103,1.723980954423778,False,False
928.72,12181,t12181,170,100.0,20,5,4,0.6247570180301144,True,13.653934099457178,1.711044764699062,True,False
928.96,12184,t12184,220,150.0,35,3,5,0.6531135219108345,True,32.92935286568388,2.0930149436740035,True,False
929.08,12186,t12186,270,200.0,83,10,2,0.6629225408586383,True,47.3582054450105,2.8726128067596703,True,False
929.09,12187,t12187,220,900.0,77,10,4,0.6330825220700774,False,220.02489670315708,2.297465619654397,False,False
929.15,12188,t12188,120,75.0,32,0,6,0.6534622375037226,True,8.255526494717921,1.294176722655439,True,False
929.17,12189,t12189,270,900.0,32,6,1,0.6411495887774111,False,234.18597870137143,2.757443741807423,False,False
929.19,12190,t12190,170,100.0,86,9,10,0.6339326583176924,True,19.529879505851792,1.8321653260142496,True,False
929.27,12192,t12192,300,250.0,47,9,10,0.6368361869695204,False,71.00770479505643,2.9368319637201283,False,False
929.32,12193,t12193,80,50.0,37,5,6,0.6378263473741704,True,3.9531985570405777,0.8432383358979897,True,False
929.33,12194,t12194,220,150.0,74,9,10,0.6335076450483118,True,26.890321102970503,2.3723352723389706,True,False
929.35,12195,t12195,220,150.0,70,8,10,0.6227591468078197,True,30.637395939413736,2.1054808073316162,True,False
929.36,12196,t12196,270,900.0,40,9,5,0.6271676186519396,False,237.40844954230838,2.9208581510072342,False,False
929.54,12198,t12198,80,50.0,95,8,5,0.6479077863439997,True,3.730201744227751,0.827622200457517,True,False
929.62,12200,t12200,80,50.0,53,7,6,0.6406213180997523,True,3.4355742301623127,0.8413210486872842,True,False
929.77,12202,t12202,170,100.0,92,3,4,0.6662638141723196,True,14.50793950578208,1.5932582674932607,True,False
929.78,12203,t12203,220,150.0,89,4,6,0.6526904023576658,True,28.507803670248848,2.1852840096545827,True,False
929.79,12204,t12204,300,250.0,28,0,6,0.6558236594203147,False,71.60180701258214,2.752519707562946,False,False
929.81,12205,t12205,170,700.0,94,6,10,0.6388009599207223,False,135.85981524522438,1.8209141196456688,False,False
929.93,12207,t12207,170,100.0,73,6,1,0.6375832636685296,True,15.704497154596883,1.622614427883013,True,False
929.97,12208,t12208,80,50.0,53,10,4,0.6296775382953425,True,4.790145283937382,0.8412283817619383,True,False
930.0,12209,t12209,300,250.0,28,7,5,0.6284339028697875,False,79.1372654198179,3.019364261216468,False,False
930.09,12210,t12210,300,250.0,84,7,10,0.6254112012775703,False,87.14966156966324,3.1997443648352952,False,False
930.14,12211,t12211,80,50.0,92,4,6,0.6552187761286944,True,4.145921818687168,0.7534400087465682,True,False
930.19,12212,t12212,220,150.0,33,6,8,0.6330738304533019,False,35.41891096559837,1.9977913390070785,False,False
930.22,12213,t12213,80,50.0,27,5,6,0.6406520022448688,True,3.708432948038512,0.7598620880633802,True,False
930.37,12214,t12214,220,150.0,29,9,4,0.6262777391739969,True,26.732769869833557,2.0445049032814815,True,False
930.5,12216,t12216,80,50.0,32,7,6,0.643391073555939,True,4.734090005911563,0.7699137520374717,True,False
930.5,12217,t12217,170,100.0,89,0,6,0.6519638528985752,True,13.767469992178048,1.7998699278072452,True,False
930.56,12220,t12220,220,900.0,59,9,6,0.6491525035831877,False,177.89953370537094,2.415246319777026,False,False
930.72,12222,t12222,170,100.0,22,6,10,0.6352816073889745,True,20.259598611643526,1.6936874340904593,True,False
930.81,12223,t12223,80,50.0,38,3,5,0.6556334332907996,True,3.559667419871275,0.779580635913033,True,False
930.82,12224,t12224,270,200.0,38,9,4,0.6291828510571836,False,44.9746152131429,2.9309449562512744,False,False
930.87,12225,t12225,220,150.0,88,6,10,0.6380066419078617,True,26.622564159154045,2.162819001950993,True,False
930.89,12226,t12226,170,100.0,37,2,5,0.6386878817659806,True,18.427259796073162,1.6412071408249203,True,False
930.96,12227,t12227,80,50.0,61,7,10,0.6223111590702007,True,4.59864494317214,0.770223239126597,True,False
931.11,12228,t12228,220,150.0,44,4,8,0.6197189293278446,True,38.573499308279295,2.1174419183804405,True,False
931.22,12229,t12229,170,100.0,97,1,8,0.6312336086155319,True,17.780687433546944,1.7036064158474549,True,False
931.4,12230,t12230,300,1000.0,56,5,4,0.627844059487694,False,350.72295396264263,2.747950206834819,False,False
931.42,12231,t12231,220,900.0,48,4,2,0.6566942913492498,False,231.39222079558476,2.21155132064547,False,False
931.56,12232,t12232,300,250.0,72,1,2,0.6299561453353648,False,73.08270832847818,3.0644052307557814,False,False
931.57,12233,t12233,270,200.0,43,10,4,0.6325146541961023,False,64.11000392411644,2.734940537762259,False,False
931.63,12235,t12235,170,100.0,74,5,8,0.6614785422355629,True,17.821902786335254,1.7085530384872767,True,False
931.87,12238,t12238,170,500.0,88,1,8,0.6339113979816828,True,86.30831496463284,1.623767126676365,True,False
931.88,12239,t12239,220,150.0,99,3,5,0.6581029464431655,True,28.667054469642505,2.010418885605993,True,False
931.91,12240,t12240,220,150.0,37,9,4,0.6258558607027066,True,36.15199478019821,2.3426322781928777,True,False
932.06,12242,t12242,270,200.0,75,2,1,0.6224499797349964,True,48.69392520980815,2.9663649463724564,True,False
932.22,12243,t12243,300,250.0,27,5,6,0.6434211440181533,False,86.62655210364026,3.191856833262383,False,False
932.49,12245,t12245,80,50.0,80,0,2,0.6397238653945206,True,3.53939865340022,0.8099950790434728,True,False
932.52,12246,t12246,170,100.0,75,1,2,0.6267652042468393,True,17.963946863294037,1.7975260061973475,True,False
932.61,12247,t12247,80,50.0,55,4,2,0.6529685873404466,True,4.147484339353982,0.7455749684694271,True,False
932.84,12248,t12248,220,700.0,79,0,1,0.6354405195568541,False,161.969743372485,2.0102506699561764,False,False
933.1,12250,t12250,270,200.0,74,9,10,0.6364196739655275,True,45.42067999601294,2.6396026373815054,True,False
933.2,12251,t12251,80,50.0,30,7,6,0.6461054339030021,True,4.319293273419624,0.8281458451844097,True,False
933.22,12252,t12252,120,75.0,22,8,10,0.6258861456898451,True,10.332646378063886,1.1094174154166312,True,False
933.32,12253,t12253,270,200.0,29,1,2,0.6298120819800844,False,46.63339552089614,2.630292280308144,False,False
933.58,12255,t12255,300,250.0,94,5,8,0.6638311532090334,True,74.6384304013553,3.2777173140539277,True,False
933.73,12258,t12258,170,700.0,78,4,2,0.6554913974118195,False,129.55137091713178,1.6910223039057388,False,False
933.87,12262,t12262,120,75.0,98,9,10,0.6392734623043986,True,7.320962515182254,1.1373971936859106,True,False
933.91,12263,t12263,300,250.0,52,2,4,0.630887898909397,False,72.95421763408642,3.0443547542446407,False,False
933.94,12264,t12264,170,100.0,75,1,5,0.6509591305126483,True,14.350551858191691,1.6692619150222472,True,False
934.11,12265,t12265,120,75.0,38,8,2,0.6267119968038785,True,7.537109584616948,1.081699470057138,True,False
934.26,12266,t12266,300,250.0,35,6,1,0.6402622650618256,False,78.49393481562319,2.8889675586467627,False,False
934.31,12267,t12267,270,200.0,45,8,5,0.6505318124353016,False,56.935618274021394,2.4948439270458604,False,False
934.39,12268,t12268,220,150.0,87,6,8,0.6298205356624177,True,34.5384966906851,2.0506277073248573,True,False
934.39,12269,t12269,220,150.0,52,10,2,0.664966551579927,True,29.927481537097776,2.397348378602956,True,False
934.42,12270,t12270,120,75.0,79,0,2,0.6425115699048121,True,8.513562313679643,1.0822496589980821,True,False
934.49,12271,t12271,80,50.0,23,7,10,0.6254471177069786,True,4.699950376643557,0.7543115757419984,True,False
934.59,12272,t12272,270,900.0,77,7,10,0.6285203571710208,False,239.0891983807991,2.592515938629651,False,False
934.68,12273,t12273,120,75.0,47,7,10,0.6253581318457822,True,8.055188764719551,1.2956211209539827,True,False
934.75,12274,t12274,170,100.0,52,0,1,0.6321398909838988,True,15.331150487225008,1.712343568025729,True,False
934.8,12275,t12275,270,200.0,65,0,1,0.6350792749824027,False,45.82503724407978,2.5391339282105108,True,False
934.93,12276,t12276,80,50.0,80,6,10,0.6406771757363711,True,3.451765692993774,0.7269338023018838,True,False
934.95,12277,t12277,170,700.0,39,6,1,0.6367136864272557,False,97.45264249785915,1.5564726783436582,False,False
934.98,12278,t12278,80,50.0,81,10,8,0.6335521300090455,True,4.029720070640684,0.8089897230994553,True,False
935.19,12279,t12279,170,100.0,92,9,4,0.6287694101553192,True,16.436837298352824,1.8687597917763745,True,False
935.42,12280,t12280,120,75.0,32,2,4,0.6276783227493908,True,9.332469654177123,1.2965636749574727,True,False
935.54,12281,t12281,220,700.0,62,0,6,0.6543552425072704,False,125.61420631410982,2.310592572639643,False,False
935.85,12283,t12283,220,150.0,64,6,1,0.6332360793653773,True,27.366274036412207,2.405436479633732,True,False
935.9,12284,t12284,270,900.0,32,1,8,0.6365356315605109,False,283.5878756342161,2.486659092528329,False,False
936.0,12285,t12285,300,250.0,61,3,6,0.6347723496914044,False,67.24238085860793,3.041696175267771,False,False
936.04,12286,t12286,300,1200.0,22,7,6,0.6487655070431239,False,410.33582264718376,2.7968383146266085,False,False
936.15,12287,t12287,220,700.0,32,7,6,0.6451983787204433,False,156.77681637562623,2.1695229866019585,False,False
936.35,12288,t12288,80,50.0,48,9,10,0.6420701748764925,True,4.502183021995094,0.8688133150108872,True,False
936.45,12290,t12290,80,50.0,66,2,1,0.6255831619584782,True,4.530469188816396,0.8208381349554617,True,False
936.54,12291,t12291,170,500.0,74,9,10,0.6448109531971445,False,85.28837254741254,1.8279209605178537,False,False
936.56,12292,t12292,170,100.0,77,7,5,0.6252734066305735,True,18.72909816418994,1.6599806607198628,True,False
936.7,12293,t12293,270,1000.0,69,0,2,0.6452435203248977,False,279.24777052018646,2.5002494484194737,False,False
936.71,12294,t12294,300,250.0,96,1,2,0.6266240221586644,True,85.98803834719592,2.975311894529964,True,False
936.75,12296,t12296,270,900.0,26,4,2,0.6517897512817649,False,212.35250898040385,2.604008107426761,False,False
936.75,12295,t12295,120,75.0,40,7,5,0.6283501203161438,True,8.720854570944939,1.1146249857836559,True,False
936.78,12297,t12297,270,1000.0,65,4,8,0.6227552174079543,False,228.16968249459387,2.587486373501789,False,False
936.9,12299,t12299,220,150.0,71,3,4,0.6685207197070551,True,36.6444822013091,2.3962828444991557,True,False
937.0,12300,t12300,270,1000.0,68,0,2,0.6417468317365814,False,232.61017282047797,2.9618635149546826,False,False
937.03,12301,t12301,270,200.0,80,2,4,0.6307069381125848,True,45.82056877768946,2.7088127180404813,True,False
937.16,12302,t12302,120,75.0,21,2,4,0.633674981168515,True,7.4477127564759265,1.288512289616847,True,False
937.23,12304,t12304,220,150.0,88,1,5,0.653370614569062,True,38.03671623732657,2.326137893999806,True,False
937.42,12305,t12305,120,75.0,79,9,6,0.6455776353297058,True,8.350851296740183,1.1084616865660322,True,False
937.43,12306,t12306,80,50.0,30,6,8,0.6328063067673512,True,4.209342271312167,0.8027630362027935,True,False
937.53,12308,t12308,270,900.0,80,4,6,0.6576965824243023,False,284.62737346055235,2.7480756532532924,False,False
937.6,12311,t12311,80,50.0,22,6,10,0.6432942988883104,False,3.3776857367878357,0.7427103841200478,True,False
937.6,12310,t12310,220,700.0,32,9,6,0.6482482644412935,False,179.44797266823036,2.35009549836544,False,False
937.66,12313,t12313,120,75.0,23,6,8,0.6357323624501859,True,9.75214211339129,1.2545017661513505,True,False
937.96,12314,t12314,220,150.0,42,7,10,0.6284331510270483,True,37.257848302559296,2.419386604394719,True,False
938.06,12317,t12317,300,250.0,85,9,10,0.6413229159513835,True,72.01570295738352,2.7922566345901774,True,False
938.27,12318,t12318,220,150.0,29,7,10,0.6314466698246892,False,39.35811390079647,2.279176553142015,False,False
938.37,12319,t12319,120,75.0,69,4,8,0.6195567797264618,True,7.5808041704493245,1.2084626490089103,True,False
938.38,12320,t12320,170,100.0,29,6,10,0.6396850795772108,True,18.84796989274043,1.6003763809216298,True,False
938.4,12321,t12321,170,100.0,43,2,5,0.6414963059488428,True,16.35521783984235,1.6407863919013956,True,False
938.64,12325,t12325,80,50.0,96,2,5,0.6442485616480477,True,4.421345300304093,0.8400545369628305,True,False
938.92,12329,t12329,120,75.0,61,7,5,0.6313652997280028,True,8.846139911016246,1.2420896522579783,True,False
939.05,12331,t12331,170,500.0,54,10,4,0.6291210277788469,False,97.72006821521704,1.8068338780889843,False,False
939.15,12332,t12332,300,250.0,38,9,6,0.6446914809706494,False,88.59381917744919,3.120345314536657,False,False
939.19,12333,t12333,80,50.0,73,2,1,0.6286536805374905,True,3.768865319218221,0.7830592356119217,True,False
939.21,12334,t12334,270,200.0,35,10,4,0.6257952738899367,False,51.667544290875924,2.6060461048003596,False,False
939.22,12335,t12335,220,700.0,63,4,8,0.6225963107985993,False,170.45217114444063,2.4007881371058617,False,False
939.24,12336,t12336,170,100.0,74,8,10,0.6289506045942301,True,20.232850477132263,1.5472579829611761,True,False
939.25,12337,t12337,220,150.0,75,1,8,0.6329333804677622,True,34.841557445105614,2.3507181053933386,True,False
939.51,12339,t12339,220,150.0,53,4,6,0.6539508325939981,True,33.00377964135548,2.4013799407393774,True,False
939.57,12340,t12340,220,900.0,83,7,5,0.6343201755516246,False,201.90868112674,2.284476114530028,False,False
939.58,12341,t12341,120,75.0,33,5,4,0.6246953601161219,True,10.238026115609873,1.2917592531888984,True,False
939.64,12343,t12343,120,75.0,29,8,5,0.6469293580047774,True,10.698554116668342,1.266330540991993,True,False
939.66,12344,t12344,270,200.0,88,4,6,0.6564539977602999,True,63.00827986010892,2.6701197568786696,True,False
939.7,12345,t12345,80,50.0,63,6,1,0.6360020244447364,True,4.069561089560453,0.8317882042222531,True,False
939.7,12346,t12346,220,150.0,82,10,2,0.6669696820867901,True,31.669070391226345,2.0329671922115113,True,False
939.71,12347,t12347,170,100.0,67,4,2,0.6481621380743113,True,17.299223473230477,1.56423841062698,True,False
939.76,12349,t12349,270,200.0,35,8,5,0.6495729526628636,False,47.3465237151266,2.8887184688445653,False,False
939.96,12351,t12351,220,900.0,84,4,2,0.6507810771310071,False,167.93280169521194,2.2393542659521795,False,False
940.01,12352,t12352,300,1000.0,25,8,5,0.6459896754277882,False,247.9488591406502,2.8719834209956123,False,False
940.13,12353,t12353,270,900.0,60,9,4,0.6316246886188794,False,208.56137249403747,2.8648417356390175,False,False
940.14,12355,t12355,300,250.0,47,6,8,0.638599897019364,False,77.18145617328075,3.0968939782279845,False,False
940.14,12354,t12354,170,100.0,39,8,5,0.6424780637374142,True,16.975615052296657,1.6973561074017645,True,False
940.22,12356,t12356,170,100.0,44,10,4,0.6225360350788046,True,14.903359588028035,1.7058695922962224,True,False
940.27,12357,t12357,270,900.0,27,2,5,0.6469457722332687,False,273.0067502566878,2.8131129165179747,False,False
940.34,12358,t12358,170,100.0,83,3,4,0.6707324871310958,True,19.011547293199538,1.5891045342492036,True,False
940.34,12359,t12359,220,900.0,83,5,4,0.6277836347319813,False,217.45176592855532,2.0712734000160684,False,False
940.37,12360,t12360,170,100.0,83,9,6,0.6412058331694183,True,16.01132167979932,1.7426142022619349,True,False
940.38,12361,t12361,300,1200.0,63,3,4,0.6729000192066558,False,321.30108237229416,2.806684008862398,False,False
940.51,12363,t12363,120,75.0,43,3,4,0.6688502006407043,True,9.013943364810952,1.170716440216762,True,False
940.56,12364,t12364,300,1200.0,64,0,1,0.6317858713009364,False,296.9422976568571,2.9725503958369908,False,False
940.7,12365,t12365,270,900.0,21,4,2,0.6471736374065687,False,219.97845528873074,2.888529433616519,False,False
940.8,12366,t12366,300,1200.0,89,6,8,0.6352360808971586,False,422.13383631530303,2.716742439050289,False,False
940.81,12367,t12367,80,50.0,83,1,5,0.6557338689443474,True,3.248416266850947,0.8662633999000194,True,False
940.82,12368,t12368,300,1000.0,76,9,4,0.6282488615131685,False,315.2248132748791,2.8221142813065345,False,False
940.86,12369,t12369,220,150.0,35,9,6,0.6439638983242116,False,39.449768638232946,2.174149650399431,False,False
940.88,12370,t12370,120,75.0,82,2,4,0.6365836633633265,True,9.436942922780267,1.2234967582256462,True,False
940.99,12371,t12371,220,150.0,48,1,8,0.6355771743968683,True,34.34768210399464,2.333969775225791,True,False
941.07,12372,t12372,80,50.0,46,2,4,0.6394341719142418,True,3.3097244420937697,0.8100911926616914,True,False
941.16,12374,t12374,270,200.0,69,2,1,0.6316627887449225,True,57.899434534791126,2.8289999037746694,True,False
941.28,12375,t12375,170,100.0,96,2,1,0.6346117147882059,True,14.651134918614751,1.8553759533855345,True,False
941.34,12376,t12376,300,250.0,53,6,1,0.6387126506225084,False,71.27309039584888,3.170799310577423,False,False
941.63,12378,t12378,170,100.0,98,9,10,0.6440786394505376,True,16.67267783481076,1.6215685697186268,True,False
941.75,12379,t12379,300,250.0,31,10,2,0.6689327499835158,False,70.7177784860784,2.844002622489727,False,False
942.03,12380,t12380,270,900.0,81,1,2,0.629673723533673,False,277.6810850743903,2.8553304820967993,False,False
942.17,12381,t12381,220,150.0,99,3,5,0.660523069332484,True,39.113459324805596,2.1967500237153614,True,False
942.27,12382,t12382,300,250.0,87,6,10,0.6423220446523333,True,61.67294928170201,2.708162769986029,True,False
942.58,12384,t12384,120,75.0,75,5,4,0.6246361438555235,True,7.954821042633921,1.2515950545148327,True,False
942.88,12386,t12386,300,250.0,64,7,10,0.6282259182463773,False,88.09579046529673,2.9004492108760984,False,False
942.93,12387,t12387,300,1200.0,38,6,10,0.6449062704259533,False,379.75276188588805,2.7872388355066677,False,False
943.03,12388,t12388,80,50.0,21,3,4,0.6710553784460721,True,3.6666093805370195,0.7330819616935056,True,False
943.04,12389,t12389,170,100.0,73,9,6,0.6404928021759093,True,16.05377717584981,1.5873546968747654,True,False
943.23,12390,t12390,300,250.0,68,1,8,0.6381680924473925,False,89.65348735245709,2.8616212659711238,False,False
943.24,12391,t12391,220,150.0,52,5,4,0.6277256027965948,True,29.60790176825054,2.170287347656552,True,False
943.27,12392,t12392,80,50.0,72,5,6,0.6399609029559721,True,3.299267338107156,0.7874694972708949,True,False
943.57,12393,t12393,300,250.0,46,6,10,0.6412648116841009,False,88.58559655881135,3.1483021131566806,False,False
943.81,12395,t12395,170,100.0,66,6,10,0.6376961821170856,True,15.912760996305282,1.6462088732213607,True,False
943.83,12396,t12396,270,200.0,78,7,6,0.6417025929642162,True,50.15382141824555,2.8675134632069215,True,False
943.83,12397,t12397,80,50.0,53,0,5,0.6288249919644388,True,3.665433822099493,0.7784004988731787,True,False
944.47,12399,t12399,170,100.0,82,10,4,0.6255159810438952,True,15.418874863912452,1.6554124425606758,True,False
944.48,12401,t12401,120,75.0,94,1,8,0.6345331921369062,True,10.024043747796387,1.1693463286607682,True,False
944.48,12400,t12400,120,75.0,45,4,8,0.6194010512492939,True,10.76300346220176,1.159362964917532,True,False
944.5,12402,t12402,80,50.0,86,2,1,0.6375016623106236,True,4.668994418586202,0.7813565553373896,True,False
944.51,12403,t12403,220,700.0,58,3,6,0.6314850845157581,False,177.90817740130345,2.008816456478274,False,False
944.74,12404,t12404,300,1000.0,57,5,6,0.6427438667150344,False,258.60637005454043,2.972064333310491,False,False
944.75,12405,t12405,270,200.0,49,7,6,0.6444507229231137,False,53.660380879301854,2.8047846185162455,False,False
944.83,12406,t12406,270,200.0,70,0,6,0.6505248043237916,True,50.84778585106857,2.8821038384829567,True,False
944.89,12407,t12407,300,250.0,97,9,6,0.6432651279505729,True,64.56304406239278,3.022794596897982,True,False
945.07,12408,t12408,220,700.0,94,3,5,0.6628947897640161,False,173.43410804198314,2.3562826481373293,False,False
945.12,12409,t12409,220,900.0,49,5,8,0.6661367119630346,False,184.89645368191643,2.379968135325659,False,False
945.12,12410,t12410,170,100.0,98,5,4,0.6307532725588447,True,14.02421994139102,1.6573651344437097,True,False
945.23,12411,t12411,270,900.0,66,8,5,0.6452106842808477,False,286.96364518499917,2.7113441436907655,False,False
945.31,12412,t12412,270,200.0,64,0,2,0.6383200769200317,True,63.781612670878715,2.9248390933232855,True,False
945.37,12413,t12413,300,250.0,66,3,5,0.6590450757869176,False,69.15567604833359,3.0336226188547366,False,False
945.43,12414,t12414,220,700.0,64,10,2,0.6646825565223069,False,168.1549661394794,2.0852535163350927,False,False
945.59,12415,t12415,270,1000.0,59,1,8,0.6371449898326298,False,257.4618751966703,2.5857158207515893,False,False
945.6,12416,t12416,220,900.0,89,4,8,0.6224436968909748,False,225.3625325334956,2.3195531705333345,False,False
945.66,12417,t12417,220,150.0,27,0,6,0.6529449749039824,False,32.6389269282826,2.2498017207299,False,False
945.66,12419,t12419,220,700.0,63,5,4,0.6337203889258497,False,147.2656382982166,2.18637873180822,False,False
945.69,12420,t12420,120,75.0,82,7,6,0.6409698902828332,True,7.368273933814586,1.276334998838877,True,False
945.76,12421,t12421,300,250.0,98,7,5,0.6310419538587738,True,84.77830990950056,2.8215677396803303,True,False
945.78,12422,t12422,170,500.0,72,3,4,0.6732164526953325,False,81.68992096727608,1.785862183935944,False,False
946.22,12423,t12423,300,1200.0,63,2,1,0.640333810882593,False,326.030464983088,2.750718668680699,False,False
946.27,12424,t12424,80,50.0,65,4,8,0.6192514896198219,True,4.388113283795827,0.8057536554703679,True,False
946.31,12425,t12425,300,250.0,44,3,4,0.6691603054596077,False,75.01529739184207,3.046244569003259,False,False
946.57,12426,t12426,220,150.0,24,0,5,0.6316791587918166,False,29.04429798432792,2.292274449609569,False,False
946.82,12427,t12427,170,700.0,66,6,1,0.6351950642767249,False,122.87038809607209,1.6687954861902077,False,False
946.91,12428,t12428,80,50.0,51,6,10,0.6403729251414104,True,3.875903018391992,0.8550287277702385,True,False
947.05,12429,t12429,120,75.0,48,3,4,0.6651852811685973,True,10.588876983491636,1.0877017437190597,True,False
947.39,12431,t12431,300,1200.0,85,6,10,0.6429961333052489,False,399.4406871344875,2.779286353252781,False,False
947.39,12432,t12432,120,75.0,79,10,8,0.6364632692270463,True,7.594659598617184,1.3079889630234083,True,False
947.42,12433,t12433,270,1000.0,60,9,10,0.6467792484797087,False,289.0032239468639,2.559048200402731,False,False
947.46,12434,t12434,300,250.0,28,1,2,0.6264884308811813,False,60.47185076495716,3.260624636681368,False,False
947.53,12435,t12435,300,250.0,74,9,6,0.6459820072097432,False,86.0335062994429,3.1997337472702254,False,False
947.6,12436,t12436,220,900.0,71,10,4,0.628436328089684,False,168.56150684317586,2.349346993840402,False,False
947.63,12437,t12437,220,150.0,64,6,1,0.631747829657857,True,31.67369724889313,2.371220737224695,True,False
947.68,12438,t12438,300,250.0,87,6,8,0.6319395410973973,False,87.79186746801538,2.7801630356053124,False,False
947.8,12439,t12439,170,100.0,45,8,2,0.6296084235344676,True,15.860801591411315,1.5459698686011942,True,False
947.84,12440,t12440,300,1000.0,85,4,2,0.6436383464766191,False,267.01541325289855,3.0469949067022757,False,False
947.95,12441,t12441,300,1200.0,41,7,5,0.6340032965997803,False,313.0831207118138,2.830828751785373,False,False
947.98,12442,t12442,170,100.0,83,8,2,0.6324469217304449,True,16.424167699157778,1.632015581782594,True,False
948.07,12443,t12443,120,75.0,89,3,5,0.6552723560893611,True,8.902894862016684,1.1898360684029659,True,False
948.15,12444,t12444,300,250.0,32,7,5,0.6307314124859664,False,89.83598442017765,2.7121208069560696,False,False
948.35,12445,t12445,300,1200.0,97,9,8,0.625104442986576,False,400.101100775351,2.706408002339026,False,False
948.55,12446,t12446,220,150.0,36,0,2,0.6411358571998128,False,39.243883520884275,2.0780405126830552,False,False
948.63,12448,t12448,300,250.0,95,3,5,0.6577490907857556,True,65.014941008003,3.144705055549429,True,False
949.0,12449,t12449,220,150.0,75,7,5,0.6275249660544289,True,29.503182790291472,2.2633945833816247,True,False
949.01,12450,t12450,270,200.0,38,3,5,0.6601762907882224,False,61.31822139226026,2.887886506684926,False,False
949.23,12451,t12451,170,100.0,51,0,6,0.6491427420725694,True,20.143842725969925,1.7338801030859752,True,False
949.41,12452,t12452,220,700.0,28,1,5,0.6580498582321271,False,149.7717922188405,2.1689699670476226,False,False
949.55,12453,t12453,170,100.0,38,1,2,0.6233668440817396,True,15.457606524170249,1.6871175168179673,True,False
949.72,12454,t12454,170,100.0,59,6,8,0.6287089320936311,True,18.462541439760447,1.7019599489242299,True,False
949.78,12455,t12455,220,700.0,78,0,6,0.6515905538977848,False,138.10006783929467,2.245833836432682,False,False
949.81,12456,t12456,170,100.0,25,2,5,0.6434150386067851,True,19.914396224057874,1.5363520840303715,True,False
949.83,12458,t12458,120,75.0,73,0,6,0.6478154094864957,True,8.894032485269292,1.1947164350858306,True,False
949.93,12459,t12459,120,75.0,80,2,1,0.636935316483123,True,8.004530047719161,1.216284788431898,True,False
949.97,12460,t12460,300,1200.0,40,2,4,0.6422276702941389,False,429.26586714136,3.1727903462882185,False,False
950.1,12461,t12461,270,200.0,30,10,2,0.6605173669303224,False,61.10073220180183,2.853837795106444,False,False
950.16,12462,t12462,270,200.0,82,0,1,0.6285583356930995,True,63.13568297493676,2.9156771022585404,True,False
950.32,12463,t12463,170,100.0,27,9,4,0.6249405509495718,True,14.583184791890545,1.6531059458976722,True,False
950.35,12464,t12464,300,250.0,43,1,5,0.6541455277341512,False,80.96490556409972,3.0264403660192936,False,False
950.51,12466,t12466,170,100.0,98,5,6,0.6392971711989156,True,17.749444332175468,1.7047780697176944,True,False
950.51,12465,t12465,270,200.0,71,6,10,0.6393928773058106,True,60.20327909219933,2.533919519849867,True,False
950.53,12467,t12467,220,150.0,47,2,4,0.6387912987064378,True,35.104471724073804,2.0658391893894983,True,False
950.79,12470,t12470,170,700.0,94,10,8,0.6393161856606873,False,126.24009848424448,1.5800723708061388,False,False
950.8,12471,t12471,170,100.0,62,0,1,0.6315693507974193,True,14.540195261734189,1.798349291136148,True,False
950.84,12472,t12472,270,200.0,48,8,2,0.6352286499625027,False,64.59539420418949,2.930901374511216,False,False
950.91,12474,t12474,220,150.0,34,3,4,0.6674637573634071,False,37.62531492553869,2.1550802390705375,False,False
951.06,12475,t12475,120,75.0,49,2,1,0.6397787919716422,True,7.232517245769688,1.1245784662439329,True,False
951.09,12476,t12476,80,50.0,49,5,4,0.6304541629655145,True,4.676979078152243,0.8301459906299127,True,False
951.58,12478,t12478,220,150.0,78,6,8,0.6317169352699403,True,34.094375799962506,2.016533559310237,True,False
951.64,12479,t12479,80,50.0,23,4,6,0.6589070996232758,True,4.052529363146101,0.8700786477570633,True,False
951.71,12480,t12480,170,100.0,66,3,5,0.6563809467906397,True,18.617217019214948,1.6596543279000087,True,False
951.76,12482,t12482,170,700.0,26,4,6,0.661311139448992,False,137.70101328159237,1.7199630503267427,False,False
951.86,12483,t12483,300,250.0,33,2,5,0.6461289196528311,False,71.15450740360501,3.0060476122315416,False,False
952.01,12485,t12485,270,900.0,35,8,5,0.6417146524134126,False,201.57371608845014,2.7042818860006608,False,False
952.01,12486,t12486,170,700.0,64,2,5,0.6426145230779563,False,110.98382938328336,1.8457784035181817,False,False
952.01,12484,t12484,170,500.0,94,6,1,0.6345435397313665,True,87.40329136935979,1.59484940247214,True,False
952.14,12487,t12487,80,50.0,50,0,2,0.6377213218739984,True,4.464310257966421,0.7382413017227147,True,False
952.36,12488,t12488,270,200.0,50,8,10,0.6319537743205274,True,44.847183842170004,2.763117853256156,True,False
952.42,12489,t12489,80,50.0,56,9,6,0.6424705488837302,True,3.9349163358880084,0.8485539946661342,True,False
952.52,12491,t12491,80,50.0,39,10,2,0.6564354811301774,True,3.251383463729214,0.7922042170763982,True,False
952.54,12492,t12492,80,50.0,73,7,6,0.6437326742953583,True,3.580183937142541,0.8046831047139824,True,False
952.56,12493,t12493,300,250.0,38,2,4,0.6415976545504908,False,84.74493289335376,2.945259690075889,False,False
952.75,12494,t12494,300,250.0,40,5,6,0.6420934095931191,False,65.8472102349962,2.925725748376692,False,False
952.81,12495,t12495,220,700.0,61,0,2,0.6405490772547003,False,134.3920787032554,2.2403062149433857,False,False
952.84,12496,t12496,170,700.0,60,1,5,0.6503192838461349,False,131.98268453662058,1.7567981921729914,False,False
952.85,12497,t12497,300,1200.0,83,0,6,0.6502897679634324,False,315.65829306900133,3.121158372165507,False,False
952.9,12498,t12498,80,50.0,32,9,10,0.6432518453282963,True,3.831876505295208,0.7787790369922751,True,False
952.9,12499,t12499,80,50.0,69,6,10,0.6420356864263611,True,4.094731132927854,0.8107251503812297,True,False
952.93,12500,t12500,270,1000.0,60,3,5,0.6588355096730086,False,246.57887151544148,2.6924611766844455,False,False
953.02,12501,t12501,270,200.0,93,8,10,0.6348968806522987,False,44.65859811636741,2.752440572020323,True,False
953.12,12502,t12502,270,200.0,75,7,5,0.6305566485515222,True,46.318239927508785,2.762413331777396,True,False
953.13,12503,t12503,220,150.0,65,6,8,0.6346647783827233,True,30.969857321353032,2.086681907485293,True,False
953.19,12505,t12505,170,100.0,48,4,8,0.6222971264940921,False,15.22472674297312,1.6804916523917277,True,False
953.41,12506,t12506,270,200.0,59,4,8,0.6191078506308769,True,57.546513098945496,2.6337673155719252,True,False
953.47,12507,t12507,300,1000.0,89,8,5,0.6382885411833261,False,322.89906916591593,2.7199495410659464,False,False
953.48,12508,t12508,170,100.0,24,3,4,0.6635226640343209,True,19.045718055476936,1.7424686356364316,True,False
953.58,12509,t12509,300,250.0,47,8,2,0.6317807436299193,False,72.4071162340526,3.2573854376147846,False,False
953.66,12510,t12510,270,1000.0,84,0,1,0.6345201455996528,False,259.21788153734826,2.7860141464785895,False,False
953.95,12511,t12511,270,200.0,49,8,10,0.6316071248574344,False,61.189183433449266,2.7613470211541307,False,False
954.09,12512,t12512,300,250.0,96,9,4,0.6278724065972471,True,80.01709158805933,3.2636790463501173,True,False
954.1,12514,t12514,300,250.0,54,3,5,0.6550669812977303,False,72.14322797313005,3.2423710259153387,False,False
954.14,12515,t12515,120,75.0,89,2,5,0.639170414434579,False,9.705820877650217,1.214784701937158,True,False
954.34,12516,t12516,220,150.0,31,10,8,0.6359380437656553,False,35.500930696169405,2.137746955188628,False,False
954.45,12517,t12517,300,250.0,59,1,2,0.6264816890182866,False,77.55604227026856,2.9453708397060367,False,False
954.64,12518,t12518,220,700.0,35,7,10,0.6250695816996316,False,132.64438464955177,2.0348355846263058,False,False
954.75,12519,t12519,170,100.0,71,1,2,0.6233602370561027,True,18.26934590112385,1.5607377635884487,True,False
954.8,12520,t12520,270,200.0,90,5,6,0.6386597232194385,True,64.62010126478764,2.9659078198077795,True,False
954.94,12521,t12521,270,900.0,52,10,2,0.6586092330460354,False,263.2299027289222,2.7271718461483143,False,False
955.18,12522,t12522,120,75.0,65,4,2,0.6401737613652686,False,9.572292034189,1.0833784269740456,True,False
955.29,12523,t12523,120,75.0,27,5,4,0.633427261524386,True,8.011137529364742,1.2907307143787239,True,False
955.34,12524,t12524,300,250.0,26,8,5,0.6349309521778415,False,65.72568017291856,2.8314732597771886,False,False
955.38,12525,t12525,270,200.0,56,6,8,0.6375536646332507,True,50.249339682433224,2.75835765900998,True,False
955.41,12526,t12526,170,100.0,49,1,5,0.6465695648358788,False,17.557938366737176,1.7861912204202484,True,False
955.52,12527,t12527,120,75.0,30,9,6,0.6452033197242374,True,10.20908633304996,1.1432779788668714,True,False
955.52,12528,t12528,270,900.0,37,3,4,0.6658343925718163,False,234.45021731843562,2.8632716152507065,False,False
955.91,12530,t12530,270,200.0,96,8,5,0.6316405149524664,True,52.44251835355125,2.7600465828858423,True,False
956.18,12531,t12531,300,250.0,28,6,10,0.6446256393645006,False,74.81199517506631,3.2783865971913126,False,False
956.19,12532,t12532,120,75.0,64,10,8,0.632627464708524,True,9.184954275017922,1.1508528758740044,True,False
956.56,12534,t12534,170,700.0,79,5,4,0.6363408981120801,False,115.61110173391043,1.7370766277980307,False,False
956.68,12535,t12535,270,1000.0,96,2,5,0.6357951879640692,False,235.8279457925026,2.7535388926852304,False,False
956.92,12538,t12538,120,75.0,26,9,10,0.6459689902399122,True,9.369303266886682,1.1698264884791463,True,False
957.02,12539,t12539,170,100.0,85,1,5,0.642894840205828,True,18.786480966874834,1.7180357219262967,True,False
957.31,12540,t12540,80,50.0,41,6,8,0.6403847731587674,True,4.100491177507894,0.783130365200153,True,False
957.39,12541,t12541,300,250.0,94,2,4,0.6381738832776628,True,89.56452764699576,3.195110322764806,True,False
957.41,12542,t12542,120,75.0,53,8,2,0.6284017954239876,True,8.551985407609207,1.11469121820587,True,False
957.42,12543,t12543,220,700.0,33,0,6,0.6465406392708305,False,170.11703338687514,2.2297690255063554,False,False
957.45,12544,t12544,300,1000.0,32,8,10,0.6283831641784675,False,308.258180119761,2.94379784514274,False,False
957.71,12545,t12545,270,200.0,60,7,5,0.6335276973986735,True,45.499234234173386,2.820886699771055,True,False
957.71,12546,t12546,170,100.0,70,1,8,0.6335305515744387,True,14.471541337461815,1.5443838248770572,True,False
957.75,12547,t12547,270,1000.0,71,0,6,0.6428664931520806,False,260.55456929924156,2.5361221233637363,False,False
957.76,12548,t12548,80,50.0,57,10,4,0.6251242681945569,True,3.46598076234285,0.8170737986773267,True,False
957.85,12549,t12549,300,250.0,67,2,5,0.6324874660229697,True,60.48437392694114,3.124604398703894,True,False
957.98,12550,t12550,120,75.0,65,10,2,0.6545655099235763,True,10.257487838662573,1.130535558332296,True,False
957.99,12551,t12551,300,250.0,31,8,5,0.634589886471599,False,65.65267064657436,3.1659865958574938,False,False
958.0,12552,t12552,270,200.0,33,8,5,0.6313062705603488,False,62.65966116089673,2.444064064034825,False,False
958.01,12553,t12553,300,250.0,53,10,2,0.6567766612635662,False,82.85540056966259,3.2359281699720364,False,False
958.02,12554,t12554,120,75.0,46,10,8,0.6355570972325354,True,9.925693322088573,1.1079384239804244,True,False
958.03,12555,t12555,220,150.0,21,6,10,0.6409897932438772,False,26.76607158472279,2.408467632739037,False,False
958.1,12557,t12557,120,75.0,30,7,5,0.6364393252688819,True,9.462551674563816,1.1987257193437793,True,False
958.14,12558,t12558,300,250.0,40,9,4,0.6307456251319687,False,87.90561385579507,3.18084619812689,False,False
958.38,12559,t12559,170,100.0,82,4,8,0.622156360284926,True,17.955282982048686,1.822617094989241,True,False
958.44,12560,t12560,170,100.0,64,10,4,0.6280524494973325,True,19.37899045124518,1.552694668335951,True,False
958.83,12561,t12561,270,1000.0,32,5,4,0.6330222619680203,False,235.20876976497664,2.7899948854582735,False,False
958.86,12562,t12562,120,75.0,47,0,1,0.6312379245058415,True,7.425567441051575,1.1241470451054794,True,False
958.87,12563,t12563,300,250.0,61,3,5,0.6513738234899575,False,65.78103591562335,2.819629345962609,False,False
958.89,12564,t12564,300,250.0,20,3,5,0.6477545288383403,False,88.86021873087145,2.9307460358373576,False,False
959.02,12565,t12565,300,250.0,95,9,10,0.6486317922532957,True,71.65718086760998,2.9962945411160105,True,False
959.13,12566,t12566,120,75.0,74,10,8,0.6384281371060665,True,7.656445608263397,1.0898594210528723,True,False
959.21,12567,t12567,270,1000.0,31,7,5,0.6392927205816861,False,258.28615240331476,2.582493608218299,False,False
959.31,12568,t12568,170,100.0,82,0,6,0.6392658299557056,True,18.380961663560893,1.6840215232760782,True,False
959.36,12569,t12569,80,50.0,84,2,4,0.6409925874302914,True,3.2801906211311653,0.7294230869441009,True,False
959.37,12570,t12570,300,1000.0,90,0,2,0.6371462775277881,False,252.85405932066996,3.1277546738353283,False,False
959.43,12571,t12571,270,1000.0,68,1,5,0.645467610068378,False,255.68368922613067,2.7082050891068055,False,False
959.5,12572,t12572,80,50.0,73,4,8,0.6251438997458942,True,4.473276224798443,0.8764849352114873,True,False
959.51,12573,t12573,300,1000.0,63,9,6,0.6478814351479344,False,347.44232624794944,2.7798391161881244,False,False
959.61,12575,t12575,220,150.0,41,4,8,0.628071688417643,True,29.71205484115424,2.2335079518113767,True,False
959.61,12574,t12574,120,75.0,74,3,6,0.6282635646436248,True,10.697615760941066,1.214974198015842,True,False
959.85,12576,t12576,220,150.0,28,5,6,0.6414687105732315,False,38.05540383185816,2.366317419527958,False,False
959.91,12577,t12577,80,50.0,85,4,2,0.636778467956145,True,3.328990546523466,0.736823638924803,True,False
959.93,12578,t12578,220,150.0,28,7,5,0.6359150479882342,False,29.886617685486353,2.072672053477855,False,False
960.05,12579,t12579,270,200.0,81,8,2,0.6312644261821745,False,54.815539706072485,2.4496397964789565,True,False
960.18,12580,t12580,220,150.0,87,7,6,0.6464402026276329,True,38.710164196739484,2.318169038681365,True,False
960.19,12581,t12581,270,200.0,41,1,5,0.6418149245336772,False,47.19020682228386,2.5709432713521183,False,False
960.21,12583,t12583,220,150.0,49,4,2,0.6396250804152039,True,27.558997704632702,2.0693686575671806,True,False
960.29,12584,t12584,220,150.0,76,8,2,0.6278958043251976,True,31.92519923649686,2.1755127639984138,True,False
960.31,12585,t12585,270,200.0,27,10,4,0.6309220671740525,False,46.52230401180473,2.680061944666367,False,False
960.31,12586,t12586,80,50.0,91,9,6,0.6443319882631576,True,3.449141148085526,0.7914609544042412,True,False
960.38,12587,t12587,220,150.0,78,7,6,0.6490935803932621,True,27.575007828810016,2.074390664205,True,False
960.41,12589,t12589,270,200.0,63,0,6,0.6419111800232581,True,62.4538501147549,2.7212216544002654,True,False
960.53,12590,t12590,170,100.0,98,7,5,0.6326049288466513,True,16.5896964669159,1.6460038438632805,True,False
960.54,12591,t12591,120,75.0,49,10,2,0.6527695895767565,True,10.544492732869719,1.1421646579201081,True,False
960.65,12592,t12592,270,900.0,24,2,4,0.6437549174998674,False,200.14350952143698,2.83588754742738,False,False
960.73,12593,t12593,170,700.0,79,4,2,0.6424147606250817,False,104.02205289061357,1.7698611931304222,False,False
960.81,12594,t12594,80,50.0,64,5,8,0.6622221595419557,True,4.355977451731679,0.7516370666807829,True,False
960.83,12595,t12595,170,100.0,22,4,8,0.6309409213159568,True,20.077701016120255,1.8299188467881775,True,False
960.94,12596,t12596,170,500.0,31,9,4,0.6273873792959961,False,86.55272986148799,1.6954236564865408,False,False
961.12,12597,t12597,220,700.0,31,10,4,0.6275602924972381,False,154.22932646141882,2.2420471676753015,False,False
961.13,12598,t12598,220,150.0,64,7,10,0.6219763718838207,True,28.129972612648093,2.3279400611215535,True,False
961.14,12599,t12599,170,700.0,40,2,1,0.6425653979503912,False,126.82515132667103,1.8023313850497413,False,False
961.62,12601,t12601,300,250.0,56,9,10,0.6512413382264116,False,66.40178668441101,3.231809230831703,False,False
961.67,12602,t12602,80,50.0,35,4,8,0.6337527695563043,True,3.213704870596067,0.7219999218039016,True,False
961.79,12603,t12603,220,150.0,87,1,5,0.6382352927096703,True,38.62924831481305,2.3517427990339463,True,False
961.83,12604,t12604,220,150.0,20,0,1,0.6341953478339065,False,35.07215579968436,2.3892280188952286,False,False
961.98,12606,t12606,120,75.0,56,5,8,0.6645598981692985,True,8.822612322251398,1.170080302687613,True,False
962.05,12608,t12608,220,150.0,70,1,8,0.6361624020814114,True,36.77932712267513,2.0057081086653814,True,False
962.06,12610,t12610,300,1000.0,20,9,6,0.6470275303160763,False,257.7759161059831,2.980693230747529,False,False
962.06,12609,t12609,170,500.0,74,7,10,0.6251190262643261,False,95.2294456639593,1.549328369800476,False,False
962.21,12611,t12611,270,200.0,81,9,10,0.6476246932800652,True,58.62294180167576,2.526834383303741,True,False
962.22,12612,t12612,270,1000.0,57,7,6,0.6516938906035787,False,272.6686304336987,2.453430402811265,False,False
962.39,12613,t12613,300,250.0,32,6,8,0.643159259513774,False,78.34273685853898,2.93208984612874,False,False
962.4,12614,t12614,220,150.0,85,6,8,0.6397042561416802,True,34.362938890684006,2.300482092896827,True,False
962.43,12615,t12615,300,1000.0,70,4,6,0.657493098478194,False,291.3559552916952,3.0885027810800114,False,False
962.54,12616,t12616,170,700.0,45,4,6,0.6537514183268119,False,140.20101529314778,1.686980415361784,False,False
962.72,12617,t12617,170,100.0,59,0,1,0.6309196226954102,True,19.46907867247622,1.5589503083880407,True,False
962.75,12618,t12618,120,75.0,27,10,4,0.6242657533139601,True,8.729358481370518,1.08571966557888,True,False
962.88,12619,t12619,170,100.0,62,5,8,0.6668508820240943,True,13.901065891603295,1.5981017902385142,True,False
962.94,12620,t12620,270,200.0,23,3,4,0.6619258865385618,False,46.31564827237516,2.600897058952844,False,False
963.1,12622,t12622,80,50.0,88,4,2,0.6389746472307618,True,3.6336043978327104,0.7737956953278039,True,False
963.24,12623,t12623,300,250.0,33,10,4,0.6272111049143475,False,81.33693549509194,3.1572465963584464,False,False
963.41,12624,t12624,170,100.0,50,9,6,0.6434951615279365,True,17.846059459340392,1.8591214834331673,True,False
963.59,12626,t12626,120,75.0,21,10,8,0.641241756182127,True,9.204430884086875,1.2276759283085905,True,False
963.59,12627,t12627,300,1200.0,20,10,2,0.6550166593236828,False,300.10979682250814,3.2821866950364886,False,False
963.63,12628,t12628,170,100.0,97,0,1,0.6338834120596838,True,15.063177132696373,1.763161385136817,True,False
963.68,12629,t12629,80,50.0,30,0,6,0.6445036230894596,True,3.669939804921083,0.821081822830366,True,False
963.71,12630,t12630,270,900.0,56,10,8,0.6439991028766663,False,259.85476563077196,2.6017670712702605,False,False
963.75,12632,t12632,220,700.0,44,7,6,0.648068194609689,False,153.84950592927174,2.070560211421289,False,False
963.75,12631,t12631,80,50.0,33,8,5,0.6280883269673235,True,3.888040394476044,0.8278932555967622,True,False
963.86,12633,t12633,80,50.0,63,6,10,0.6374266640456663,True,3.915279837894795,0.8699453041537697,True,False
964.06,12634,t12634,170,100.0,34,5,4,0.6297699985468417,True,17.711618490052278,1.7017189506476718,True,False
964.12,12635,t12635,80,50.0,52,4,6,0.6500845717784575,True,4.783051766991029,0.7778130141339877,True,False
964.26,12637,t12637,170,500.0,26,6,8,0.6424923528370284,False,88.70071916000707,1.554036737790358,False,False
964.33,12638,t12638,220,700.0,26,8,5,0.631108742246159,False,154.11401941904293,2.3720139143734182,False,False
964.36,12639,t12639,300,250.0,88,9,6,0.6462074401155596,True,68.42225528616477,3.075123096158514,True,False
964.57,12640,t12640,270,200.0,73,0,1,0.6367879256366719,True,64.38545563894107,2.704298024358835,True,False
964.61,12641,t12641,220,150.0,57,4,6,0.6526650621610702,True,37.9307597007695,2.325532647263046,True,False
964.72,12642,t12642,300,250.0,51,9,4,0.6240962983767427,False,69.62625461075945,3.2664063827643695,False,False
964.85,12644,t12644,220,150.0,73,7,5,0.6355350120879001,False,37.04145505836426,2.2652186956997546,True,False
964.89,12645,t12645,220,150.0,30,6,8,0.6390506875984697,False,31.086561143797766,2.2803792413264365,False,False
964.94,12646,t12646,80,50.0,53,6,10,0.6401087974314196,True,3.959165282014272,0.7703124439900801,True,False
965.15,12648,t12648,270,1000.0,93,4,2,0.6417773361043284,False,318.5272443714634,2.8255289552782803,False,False
965.16,12649,t12649,220,900.0,82,3,6,0.631280475168934,False,176.30997543335738,2.4174992372758943,False,False
965.33,12650,t12650,300,1000.0,31,2,5,0.635419898520692,False,285.06365754010903,2.7501940347421057,False,False
965.76,12654,t12654,270,200.0,67,3,6,0.6280630474837372,True,51.525089147318475,2.5264405378775345,True,False
965.76,12653,t12653,300,250.0,87,10,8,0.6405273026373147,True,82.12067685759258,3.2612145432991753,True,False
965.83,12655,t12655,220,700.0,91,5,8,0.6690960462017942,False,148.0968934597847,2.0845027603608552,False,False
965.85,12656,t12656,220,150.0,27,5,6,0.6380475181799488,False,30.139184308295622,2.2638931911787803,False,False
965.85,12657,t12657,220,150.0,50,9,6,0.6488654731314302,True,32.23705828326005,2.3635600439799473,True,False
965.88,12658,t12658,220,150.0,49,7,6,0.644515012535677,True,37.79839737277406,2.2492029434043315,True,False
965.95,12660,t12660,220,150.0,60,1,5,0.6409012535221436,True,34.552423822322076,2.1810715187536176,True,False
965.95,12659,t12659,170,100.0,32,10,4,0.6239235494827272,True,18.577029341084515,1.593041825178779,True,False
966.28,12662,t12662,120,75.0,74,7,10,0.6220248275572214,True,8.392398997295944,1.2579955158970777,True,False
966.38,12663,t12663,120,75.0,69,2,5,0.6321196823684601,True,9.781696588526403,1.1397090894650113,True,False
966.44,12664,t12664,170,100.0,77,0,6,0.647044217294337,True,19.87256794312569,1.5788069307480712,True,False
966.52,12665,t12665,170,100.0,59,5,4,0.6327567803940867,True,16.44674162337356,1.7297434301104524,True,False
966.81,12667,t12667,300,250.0,36,0,1,0.6396343489421203,False,72.280173068435,2.853338467068906,False,False
966.88,12668,t12668,270,200.0,86,7,10,0.6251665128242588,True,55.24807461916487,2.5528447058357884,True,False
966.9,12669,t12669,300,1000.0,64,9,10,0.6502543812326458,False,283.3062414281558,2.86621473330921,False,False
966.98,12670,t12670,120,75.0,88,3,5,0.6442076200797552,True,9.704885210991108,1.1934156256333286,True,False
967.12,12671,t12671,120,75.0,85,7,5,0.6322324936643239,True,7.639178723686994,1.2736096851664311,True,False
967.15,12672,t12672,120,75.0,87,6,10,0.6427372881494579,True,9.66829271749015,1.093686550530646,True,False
967.32,12673,t12673,300,250.0,37,8,10,0.62522368271308,False,71.2792877757281,2.7035480015170283,False,False
967.38,12674,t12674,220,150.0,90,6,8,0.6356778556646822,True,28.11349923212486,2.3282886337444624,True,False
967.4,12675,t12675,80,50.0,63,6,1,0.6372833356034059,True,4.757014300471546,0.8101330750493393,True,False
967.66,12678,t12678,270,200.0,41,6,1,0.6399683355580045,False,59.72317543208252,2.9314196381502695,False,False
967.73,12679,t12679,80,50.0,47,7,10,0.6282453643859555,True,4.178955269696143,0.731987357536372,True,False
968.05,12680,t12680,270,200.0,78,4,2,0.6383499712004237,False,62.67675422661684,2.4652484293393924,True,False
968.16,12682,t12682,300,250.0,35,2,5,0.6350594705392727,False,79.9195180426527,2.76099010331005,False,False
968.25,12683,t12683,80,50.0,27,8,5,0.6278947492194176,True,4.297869523148508,0.7528294336485808,True,False
968.29,12684,t12684,170,500.0,74,1,5,0.6435138951183673,False,101.15123277550592,1.6824373687470093,False,False
968.4,12686,t12686,170,700.0,75,2,5,0.631766462946669,False,114.72370000789512,1.6914355044189497,False,False
968.49,12687,t12687,270,200.0,35,2,5,0.6285393155059175,False,46.6739486230399,2.7092294918606683,False,False
968.57,12689,t12689,300,250.0,90,0,1,0.6362498437814598,True,84.22814395425289,3.136516739348421,True,False
968.66,12690,t12690,300,1000.0,29,1,8,0.6387416155782446,False,279.90209379322727,3.2541414290842914,False,False
968.7,12691,t12691,170,700.0,46,5,4,0.6356838266043868,False,96.42264727323949,1.6593887517811536,False,False
968.76,12692,t12692,300,250.0,63,0,1,0.6391070287240124,False,66.2215450375197,3.134018296714354,False,False
968.84,12694,t12694,170,100.0,83,1,8,0.6350952448051415,True,19.24001635910739,1.7177143107689172,True,False
968.86,12695,t12695,300,1000.0,84,4,2,0.634991153594597,False,247.0191016954678,3.05310656127868,False,False
968.94,12696,t12696,220,900.0,36,2,4,0.6402880009680518,False,203.37427041515969,2.056729254148375,False,False
968.97,12697,t12697,80,50.0,53,9,6,0.6514703454869835,True,3.2198632009648542,0.7944722242974565,True,False
969.0,12698,t12698,170,500.0,72,6,1,0.6364256355135111,False,88.31748033628605,1.611002952467048,False,False
969.17,12699,t12699,120,75.0,58,9,2,0.624025050556551,True,8.975315113139894,1.2121164608471844,True,False
969.2,12700,t12700,120,75.0,74,6,1,0.6329537894699074,True,10.69872529453233,1.2045271971180913,True,False
969.21,12701,t12701,300,250.0,81,3,5,0.646905649496342,True,67.1906481894259,3.024234701119606,True,False
969.23,12702,t12702,300,1000.0,51,3,6,0.6310839683522443,False,341.65546859426036,3.1793671212382937,False,False
969.42,12703,t12703,80,50.0,49,3,6,0.6278704708033812,True,4.361613404750362,0.7324472171545893,True,False
969.67,12704,t12704,170,100.0,99,3,4,0.6580955506259724,True,15.291244228266537,1.5820792350469897,True,False
969.72,12705,t12705,80,50.0,41,1,2,0.6264752141331625,True,3.3478445607638765,0.7348155663757999,True,False
969.83,12707,t12707,170,100.0,93,5,4,0.6323783318904809,True,14.727412328531763,1.8309313094833959,True,False
970.11,12708,t12708,300,250.0,50,9,6,0.6540231203954255,False,72.44089795329997,2.945613757836355,False,False
970.44,12709,t12709,220,700.0,68,9,10,0.6466574754261746,False,180.32066501002595,2.148696468947223,False,False
970.67,12710,t12710,220,150.0,85,0,2,0.6338115337954141,False,33.073820587764246,2.265087603857235,True,False
970.84,12711,t12711,170,700.0,66,8,5,0.6309190360532111,False,104.87861012280797,1.7656204607343735,False,False
970.85,12712,t12712,220,700.0,25,9,10,0.643132507735833,False,136.34240764222923,2.0626297403913862,False,False
971.19,12714,t12714,220,900.0,43,9,2,0.6268470110838815,False,236.97483858204626,2.3798138304331804,False,False
971.2,12715,t12715,270,900.0,28,5,8,0.6651223070959401,False,262.26394436453205,2.4953068401589484,False,False
971.21,12716,t12716,170,500.0,26,8,5,0.6277088371503287,False,89.30148223380017,1.749710391707981,False,False
971.22,12717,t12717,270,200.0,96,5,8,0.6612280427722032,True,63.762079740142276,2.6051613600811896,True,False
971.24,12718,t12718,170,700.0,51,5,4,0.6353129470708531,False,122.30684903998441,1.61638269648816,False,False
971.35,12719,t12719,270,1000.0,36,4,8,0.6365083808318449,False,258.2392271788012,2.621921264103057,False,False
971.38,12720,t12720,220,150.0,82,5,4,0.6320148699476178,True,29.876083569935606,2.1549318600782015,True,False
971.47,12721,t12721,300,1200.0,75,5,6,0.6346947496345315,False,396.57060959335973,2.9367796564531528,False,False
971.49,12722,t12722,220,150.0,35,5,6,0.6314090364600228,True,27.92705565523917,2.0722143550087577,True,False
971.51,12723,t12723,220,150.0,48,2,4,0.6368904227668727,True,28.560966270490823,2.2517708138989843,True,False
971.64,12724,t12724,80,50.0,97,9,5,0.6238809329455675,False,3.718562524031047,0.7802017183359262,True,False
971.73,12726,t12726,170,100.0,85,7,5,0.6351700256092193,True,17.98138378632577,1.794762513262561,True,False
971.76,12727,t12727,120,75.0,50,1,8,0.6376958014475,True,8.33498921460242,1.1336291336033921,True,False
972.05,12728,t12728,80,50.0,49,3,5,0.649549718324597,True,4.252359383119931,0.8416519731590839,True,False
972.12,12729,t12729,270,900.0,59,9,2,0.6234385324006655,False,283.049987841848,2.7050922280396374,False,False
972.19,12730,t12730,120,75.0,53,7,10,0.6312626389164181,True,9.743667123547493,1.1450001002533452,True,False
972.22,12731,t12731,170,100.0,93,9,10,0.6396780393992981,True,14.785467981296204,1.7239280218248512,True,False
972.31,12732,t12732,170,100.0,22,6,1,0.635725380347176,True,20.326643969700715,1.839520701554228,True,False
972.32,12733,t12733,120,75.0,74,10,2,0.6510447876756706,True,7.820769704671076,1.1995782474055943,True,False
972.35,12735,t12735,80,50.0,25,2,4,0.639734796129717,True,3.2985989498371824,0.8598819392118338,True,False
972.37,12736,t12736,220,150.0,76,3,5,0.6521409057762868,True,27.153071524116545,2.1318789631783095,True,False
972.47,12738,t12738,270,200.0,86,9,8,0.6220105359450262,True,48.05938879338601,2.7627151230419282,True,False
972.47,12737,t12737,220,150.0,40,8,2,0.6307685549053604,True,28.34534842618671,2.3590239868752008,True,False
972.54,12739,t12739,300,250.0,64,7,5,0.6380488069152167,False,69.06120763734043,2.9475690714349385,False,False
972.75,12742,t12742,300,250.0,37,7,5,0.6346960125950941,False,63.58928294666611,2.747776906633814,False,False
972.77,12744,t12744,270,200.0,59,1,5,0.6399002838826667,True,57.634273793033664,2.7309447272786436,True,False
972.79,12745,t12745,80,50.0,40,7,5,0.6314102741613741,True,3.350271129780312,0.758663170828783,True,False
972.89,12746,t12746,270,900.0,74,1,2,0.6295278916686811,False,237.7941855968803,2.4900546306168323,False,False
972.96,12747,t12747,170,500.0,86,4,8,0.6330348798818747,True,84.52046031053892,1.6923884266283309,True,False
973.15,12748,t12748,300,1000.0,21,4,6,0.6551939427360306,False,359.3589811497369,3.2246783310089757,False,False
973.34,12750,t12750,170,100.0,79,3,4,0.6605158214316347,True,17.582353859551176,1.772783888865,True,False
973.37,12751,t12751,220,900.0,40,6,1,0.6384415394068991,False,228.85618933995116,2.2474395330875665,False,False
973.45,12752,t12752,270,200.0,47,9,10,0.6424666604294941,False,54.59927388937915,2.440464926222675,False,False
973.68,12753,t12753,170,100.0,73,1,2,0.6263455156534893,True,16.766364389816484,1.6038484593528732,True,False
973.73,12754,t12754,120,75.0,29,9,8,0.6251525070443075,True,9.062736507463077,1.0955069326113434,True,False
973.8,12755,t12755,300,250.0,43,2,4,0.6425222820253045,False,84.30945229007857,3.0999031382561166,False,False
973.84,12756,t12756,80,50.0,40,4,2,0.631699512340887,True,3.3664131844826146,0.735532108651682,True,False
973.89,12758,t12758,120,75.0,74,9,10,0.639025509039086,True,7.578732558451636,1.2971610765050496,True,False
973.92,12759,t12759,270,900.0,68,5,8,0.6635856637349409,False,259.4473528107402,2.537702272822661,False,False
974.18,12762,t12762,120,75.0,53,9,6,0.6503508398056989,True,7.6982519488899115,1.0912893677504905,True,False
974.33,12765,t12765,80,50.0,41,8,5,0.624562842225504,True,3.6237873029397263,0.8283226070505315,True,False
974.42,12766,t12766,300,250.0,63,0,2,0.6305434849376877,False,63.91474236416722,2.7192834397004217,False,False
974.49,12767,t12767,80,50.0,60,1,2,0.6294007871586013,True,3.6123548714021076,0.7249690012006255,True,False
974.59,12768,t12768,300,250.0,82,0,1,0.635733069967714,True,63.238330048744764,2.9207014426588165,True,False
974.6,12769,t12769,270,200.0,60,0,5,0.628302242282647,True,53.294219863741006,2.952068873679571,True,False
974.83,12770,t12770,270,200.0,63,9,6,0.6529260048277666,True,48.29128401776888,2.9413935446687622,True,False
974.93,12774,t12774,270,200.0,26,1,2,0.6323949532336111,False,50.030191577787356,2.805596221142666,False,False
975.01,12776,t12776,120,75.0,27,7,5,0.6343642504963284,True,7.870574362220814,1.2145817188747037,True,False
975.06,12777,t12777,80,50.0,39,0,5,0.6311668641036606,True,3.879205301371326,0.8727261993987722,True,False
975.2,12779,t12779,120,75.0,42,1,8,0.6402443469570116,True,9.145267203678396,1.2116098996784077,True,False
975.2,12778,t12778,220,150.0,40,5,8,0.6597221322784239,True,26.666544080693527,2.202803002337674,True,False
975.21,12780,t12780,220,900.0,28,8,10,0.6221273908770002,False,230.1816803217854,2.089245300158225,False,False
975.26,12781,t12781,220,900.0,52,8,4,0.6198691529170891,False,217.8775818813044,2.2640229627575637,False,False
975.3,12782,t12782,170,500.0,77,3,5,0.6546802694789429,False,83.78413308560222,1.8640284429524694,False,False
975.32,12783,t12783,270,200.0,37,2,4,0.6390800182029802,False,53.989252394958534,2.839538051636346,False,False
975.41,12785,t12785,300,250.0,73,3,5,0.6509948459075459,True,69.39285144754838,2.712758443443725,True,False
975.47,12786,t12786,270,200.0,29,4,2,0.634647703912251,False,63.21926062144141,2.745872539686727,False,False
975.48,12787,t12787,220,900.0,75,8,2,0.6335838504739199,False,217.07017943505943,1.9864367744232632,False,False
975.52,12788,t12788,120,75.0,41,7,5,0.6372591473045838,True,9.635817789813904,1.1377091413917668,True,False
975.58,12789,t12789,300,250.0,33,2,4,0.6357065996571024,False,72.4725564571491,2.9490157968445017,False,False
975.88,12791,t12791,270,200.0,71,4,2,0.6313629316521877,True,51.422036043595064,2.8447324691539397,True,False
976.18,12792,t12792,170,100.0,59,3,6,0.6308952432054954,True,18.909318320683827,1.852651918171188,True,False
976.31,12793,t12793,80,50.0,49,2,5,0.625376711013981,True,4.691426803444612,0.8705022994918358,True,False
976.32,12794,t12794,300,250.0,85,10,2,0.6533263534606188,True,70.58994581787958,3.0530282250990703,True,False
976.33,12795,t12795,170,100.0,78,0,6,0.649533999615117,True,18.794954973378108,1.6711830504783711,True,False
976.35,12796,t12796,120,75.0,54,8,2,0.6301688401311081,True,8.611249961411112,1.264480101917793,True,False
976.4,12797,t12797,170,700.0,47,0,1,0.6386005903865415,False,138.0023569649126,1.5348517916996445,False,False
976.49,12798,t12798,220,150.0,49,9,10,0.641827180676486,True,28.30546545224312,2.31561839087031,True,False
976.64,12799,t12799,300,250.0,76,3,6,0.6338595201595673,False,78.1245073294584,2.8246131471095746,False,False
976.86,12800,t12800,300,250.0,79,4,6,0.6514982456994919,False,81.60343241054578,2.713395217850438,False,False
976.9,12801,t12801,170,700.0,29,7,10,0.6342195679562717,False,111.22501221601223,1.5514100513981322,False,False
976.92,12802,t12802,220,150.0,49,0,6,0.6519739862894813,True,30.66434515311257,2.2927582945710174,True,False
976.98,12803,t12803,170,700.0,37,9,10,0.644572818881138,False,124.16317076918807,1.5339914293034562,False,False
977.15,12804,t12804,170,100.0,79,9,8,0.6282316387216033,True,19.33762575414371,1.6200364952265585,True,False
977.33,12806,t12806,120,75.0,31,6,1,0.6349293752854278,True,8.98163355957421,1.2867093563764846,True,False
977.34,12807,t12807,220,150.0,61,4,2,0.6343178548373258,True,34.42069350423348,2.0784478790049494,True,False
977.45,12809,t12809,270,200.0,99,1,2,0.6291552359871206,True,62.67574408971173,2.89967764515288,True,False
977.47,12810,t12810,80,50.0,74,3,6,0.6305905115745577,True,3.3730913883994935,0.7327398770602985,True,False
977.5,12811,t12811,170,100.0,60,7,5,0.6400961461766739,True,15.28815517809742,1.5345388693701223,True,False
977.51,12812,t12812,300,250.0,73,7,10,0.630943358415328,True,69.74918211794832,3.055156564393589,True,False
977.52,12813,t12813,170,700.0,23,4,8,0.635804848950904,False,115.05506877218481,1.7835848212548473,False,False
977.53,12814,t12814,270,200.0,35,6,1,0.6376614544463859,False,47.42417655904512,2.8799369764042324,False,False
977.55,12815,t12815,80,50.0,96,1,2,0.63215431308556,True,4.311741319517685,0.8412805736831322,True,False
977.66,12816,t12816,220,900.0,75,5,6,0.6343630375490041,False,211.8828628176723,2.006870097775088,False,False
977.75,12817,t12817,220,150.0,59,5,4,0.6349567543668473,True,35.65146566730108,2.335961057676293,True,False
977.78,12818,t12818,270,200.0,79,1,5,0.64253294487168,True,51.12730386901245,2.7522050426447504,True,False
977.94,12820,t12820,120,75.0,50,4,2,0.6372136795587612,True,7.807963177305981,1.2401772463819396,True,False
978.19,12821,t12821,270,1000.0,92,3,6,0.6335608831612484,False,303.545801776611,2.8458287890792295,False,False
978.29,12822,t12822,270,200.0,62,3,4,0.6628876868211838,True,58.19990534916707,2.7701705675799793,True,False
978.3,12823,t12823,300,1000.0,99,1,2,0.6350934086420307,False,261.16064445350446,2.9636909171609065,False,False
978.33,12824,t12824,120,75.0,69,9,10,0.6410895443216972,True,10.545240033342079,1.2103548401453608,True,False
978.53,12825,t12825,270,1000.0,25,9,10,0.643849935253445,False,287.91577378115016,2.599221257713235,False,False
978.55,12826,t12826,170,100.0,23,8,5,0.6276537671991756,False,13.630825536696149,1.7713334932526115,True,False
978.59,12827,t12827,300,250.0,97,0,1,0.6352367603969925,True,62.30657544181941,3.023724212673688,True,False
978.61,12828,t12828,170,100.0,21,9,8,0.6312491877653529,True,18.928279775213486,1.5365817433395264,True,False
978.62,12829,t12829,220,700.0,25,3,5,0.6535571308075767,False,182.68161667238502,2.072776040250172,False,False
978.64,12830,t12830,300,250.0,46,9,6,0.6554496665493932,False,68.32390252194341,2.7267683185372755,False,False
978.75,12831,t12831,270,200.0,39,7,5,0.6428764050713222,False,52.5873366355787,2.929946722048428,False,False
978.77,12832,t12832,270,1000.0,55,4,8,0.6323454186385524,False,223.04893000899526,2.4976742091698636,False,False
978.85,12833,t12833,80,50.0,79,2,1,0.6391222718095652,True,3.3747415958640614,0.767819817418984,True,False
978.9,12834,t12834,270,200.0,83,5,8,0.6621098714510373,True,58.95749198349166,2.8575409669830516,True,False
979.13,12835,t12835,300,1200.0,74,10,8,0.6432989384027503,False,361.2414301484154,3.2639773258842966,False,False
979.15,12836,t12836,220,150.0,93,9,6,0.6517488550365872,True,38.21452841158323,1.9874400179172333,True,False
979.25,12837,t12837,300,250.0,93,4,8,0.6289551769324481,True,64.03664579025067,3.1240282611877612,True,False
979.28,12839,t12839,170,700.0,93,1,2,0.6317997222873718,False,101.43715115987888,1.6558543430068078,False,False
979.36,12840,t12840,120,75.0,97,4,2,0.6400515877857678,True,7.37556163405808,1.2733406064256132,True,False
979.41,12841,t12841,220,700.0,50,5,4,0.6378398010976921,False,166.69911794237802,2.2730466065540527,False,False
979.44,12842,t12842,300,1200.0,89,7,5,0.6394270587880776,False,372.7650497060516,2.837620385015762,False,False
979.58,12843,t12843,220,700.0,70,4,6,0.6478764626036838,False,134.9229348809337,2.3579546091997567,False,False
979.6,12844,t12844,300,1000.0,90,7,5,0.6360466994304979,False,253.90801395410122,3.2305166529859726,False,False
979.77,12845,t12845,170,700.0,61,0,6,0.6543651732303585,False,113.45858478163346,1.5664636582612612,False,False
979.97,12848,t12848,220,150.0,25,0,5,0.6339741934882541,False,30.336750039320226,1.9852631311942281,False,False
979.97,12847,t12847,220,150.0,69,3,6,0.6302978473162052,True,27.59921015464036,2.2983603881568606,True,False
980.08,12849,t12849,170,100.0,79,8,10,0.6190930248776421,True,18.758902976220178,1.606681194320681,True,False
980.34,12850,t12850,300,250.0,29,5,4,0.6344911868939201,False,61.79226198431236,3.052626036250787,False,False
980.42,12852,t12852,270,900.0,65,8,5,0.6245088736733739,False,210.62286203767007,2.897271235516556,False,False
980.49,12853,t12853,170,100.0,85,5,6,0.6310839586162059,True,16.121353522139295,1.7194985661732385,True,False
980.56,12854,t12854,170,500.0,31,1,8,0.6427419215563328,False,101.97547659221354,1.8629230303955615,False,False
980.58,12855,t12855,300,1200.0,50,3,4,0.665212114902942,False,294.77615125824155,3.067786567181331,False,False
980.65,12856,t12856,80,50.0,78,8,10,0.622293346198271,True,3.378060737629756,0.7799052900583188,True,False
980.79,12858,t12858,300,250.0,58,7,10,0.6339066730652033,False,66.6904044590836,3.1062401083535707,False,False
980.99,12859,t12859,220,900.0,97,0,5,0.6305513762851557,False,225.7194881333915,2.2702539774889465,False,False
981.05,12860,t12860,170,100.0,83,1,8,0.6390155446636678,True,17.88305167282447,1.7701962838993794,True,False
981.15,12861,t12861,300,250.0,46,3,4,0.661316054423065,False,69.58515894623528,2.8399957995803122,False,False
981.25,12862,t12862,120,75.0,40,8,10,0.6254296610924874,True,7.517125236549539,1.3188212905411074,True,False
981.33,12863,t12863,170,100.0,64,3,4,0.6574979151527854,True,16.621025128478795,1.6640812380043262,True,False
981.47,12864,t12864,220,150.0,92,5,8,0.6644498558401983,True,30.26700239248439,2.3190315721951187,True,False
981.56,12865,t12865,220,700.0,48,5,8,0.6667430405415762,False,161.73353494062547,2.1973467824432458,False,False
981.62,12866,t12866,120,75.0,36,1,5,0.6451129526409131,True,7.734103399331525,1.1398998577680708,True,False
981.76,12867,t12867,170,100.0,85,6,8,0.6385464803695703,True,16.456117860345703,1.5582785002355624,True,False
981.79,12868,t12868,80,50.0,88,4,8,0.6318067400604658,True,3.8331615215890054,0.8525232382545682,True,False
981.82,12869,t12869,300,250.0,43,6,8,0.6413577325803608,False,88.47874219792732,3.2185979006638403,False,False
981.85,12870,t12870,220,150.0,57,0,1,0.6381142070072344,True,38.940331137274015,2.260019159503656,True,False
981.87,12871,t12871,300,250.0,45,6,1,0.6341648920241248,False,77.90931722280375,2.7699577661169807,False,False
981.9,12872,t12872,170,100.0,54,7,6,0.6472068941031454,True,13.942771159249997,1.753784661486467,True,False
982.38,12877,t12877,220,150.0,24,2,5,0.6284513586118831,False,38.42391065132463,2.043279354985256,False,False
982.42,12878,t12878,120,75.0,22,0,6,0.6505345364324179,True,7.477000247010071,1.1018849823733428,True,False
982.42,12879,t12879,220,700.0,87,1,2,0.6285719096598062,False,132.83590257632648,2.3483054016354115,False,False
982.5,12881,t12881,170,700.0,27,10,2,0.6555622879298679,False,100.93468421319236,1.833637529100774,False,False
982.57,12882,t12882,300,1000.0,35,7,5,0.6327339472600697,False,272.70380108437274,3.2349712818946443,False,False
982.79,12884,t12884,120,75.0,88,3,5,0.649894170009607,True,9.038119038839708,1.1885982801730213,True,False
982.89,12885,t12885,170,100.0,81,1,8,0.6415376953088558,True,18.31202637917474,1.5635251263691852,True,False
982.91,12886,t12886,270,900.0,21,3,4,0.6599301386679116,False,246.54484037276285,2.546841061381103,False,False
982.94,12887,t12887,270,900.0,63,1,8,0.6440094029411403,False,254.1827728934127,2.901764667061407,False,False
982.98,12888,t12888,270,200.0,31,8,2,0.6329961299951526,False,62.171939918909786,2.5846602021281786,False,False
983.0,12889,t12889,270,200.0,49,9,8,0.6342063858282277,True,46.81626940125737,2.9037179926097965,True,False
983.01,12890,t12890,80,50.0,60,2,5,0.6252905132578273,True,3.7880423015765734,0.7203060405644995,True,False
983.12,12892,t12892,120,75.0,79,2,1,0.6419220081915556,False,10.206091004007845,1.309432796104978,True,False
983.31,12894,t12894,80,50.0,65,1,8,0.640257676420779,True,3.7781742428690652,0.7593485515974087,True,False
983.41,12896,t12896,270,200.0,48,7,5,0.6294874501330502,False,57.08750847437818,2.5340981590459934,False,False
983.41,12895,t12895,220,150.0,50,7,10,0.630636721422081,True,36.35214360888459,2.393312651829277,True,False
983.42,12897,t12897,270,900.0,24,2,5,0.6283668848108526,False,277.0916498502372,2.9623832097315033,False,False
983.44,12898,t12898,270,900.0,26,3,5,0.6524784684275967,False,210.4314624297384,2.871159652367733,False,False
983.7,12899,t12899,270,900.0,62,10,8,0.6398411414528772,False,290.0147512864156,2.661675715506661,False,False
983.75,12900,t12900,220,700.0,93,8,5,0.6214268780180883,False,157.54607448551005,2.3678661942315613,False,False
983.78,12901,t12901,80,50.0,55,6,8,0.6379387597469354,True,4.246956770935398,0.8161055876691489,True,False
983.8,12902,t12902,170,500.0,51,1,5,0.6476413602547615,False,98.94078883562082,1.7547093383544428,False,False
983.95,12904,t12904,170,500.0,73,4,6,0.6443271151697919,False,86.08333254230038,1.6572107455141807,False,False
983.98,12905,t12905,170,100.0,35,0,10,0.6282583666760398,True,14.30859663711746,1.6687559506267358,True,False
984.01,12906,t12906,270,900.0,25,9,6,0.6542960597540372,False,287.9582675352172,2.633175439086951,False,False
984.3,12908,t12908,270,1000.0,50,0,6,0.6529545123704362,False,229.3064933069716,2.7002612141278,False,False
984.3,12907,t12907,80,50.0,69,8,2,0.6295928740619162,True,3.3140463794070327,0.8154846417024958,True,False
984.46,12909,t12909,170,100.0,35,4,8,0.6346012719259232,True,15.35307353089191,1.8377595225066792,True,False
984.81,12911,t12911,300,250.0,59,2,4,0.6324006494821421,False,73.10108201379833,3.0440793991214674,False,False
984.98,12914,t12914,220,150.0,97,10,8,0.6364525004420014,True,31.491163523831588,2.300825871642764,True,False
985.07,12916,t12916,270,900.0,86,0,6,0.6491520887896941,False,283.55199656774346,2.43824316971349,False,False
985.08,12917,t12917,220,150.0,71,3,5,0.6488370808772266,True,37.34348502692597,2.4188976426329467,True,False
985.14,12918,t12918,220,900.0,43,0,1,0.6409341046852716,False,172.34278060559723,2.0926773115773405,False,False
985.33,12919,t12919,300,1000.0,85,9,6,0.6506183203771383,False,310.0295368266573,2.834337366623532,False,False
985.46,12920,t12920,270,900.0,92,0,10,0.6308857707710905,False,252.48696419106543,2.791699463714544,False,False
985.56,12922,t12922,170,700.0,87,8,10,0.6285032496888195,False,99.72646512962432,1.5890819438350707,False,False
985.61,12923,t12923,120,75.0,51,10,4,0.6268757451597393,True,7.227719803386384,1.1398062685781671,True,False
985.66,12924,t12924,220,150.0,74,5,6,0.6340444612620636,True,38.11772871530658,2.3974465142759427,True,False
985.75,12925,t12925,80,50.0,22,8,5,0.6184065222759084,True,4.690867969842185,0.8500951570039881,True,False
985.97,12926,t12926,170,100.0,50,7,10,0.6336061688118212,True,19.397823699618097,1.6776791893140692,True,False
986.02,12927,t12927,300,250.0,67,2,5,0.6252077289328174,True,62.27328669580009,3.043568521276197,True,False
986.11,12928,t12928,300,250.0,32,1,5,0.6439451997163329,False,77.58359805061873,2.8986484508147945,False,False
986.12,12929,t12929,120,75.0,59,4,6,0.6408487546845779,True,10.413220773934402,1.2689239713807177,True,False
986.22,12930,t12930,170,500.0,58,0,8,0.6280006939325107,False,74.17680218731054,1.6282758790936194,False,False
986.24,12931,t12931,80,50.0,58,2,4,0.629160818310681,True,3.738468154075001,0.8623547322080445,True,False
986.28,12932,t12932,270,200.0,76,2,5,0.6282857561723428,True,59.70329895563463,2.434111125478083,True,False
986.49,12933,t12933,120,75.0,56,3,5,0.6514425210778639,True,10.73372113364322,1.223490832366014,True,False
986.53,12934,t12934,220,150.0,30,9,6,0.6470141357877773,True,27.433756746262162,2.253488223260287,True,False
986.54,12935,t12935,220,700.0,77,3,4,0.6561397177127352,False,150.08398332781206,2.145471770917178,False,False
986.87,12937,t12937,80,50.0,88,10,4,0.6297688969232113,True,3.8995219951576603,0.7590062926018172,True,False
986.96,12938,t12938,120,75.0,65,9,10,0.640381118366558,True,8.78634794810533,1.2454790133630522,True,False
987.02,12939,t12939,120,75.0,35,6,1,0.630738260850309,True,8.860351076618988,1.3081708423342178,True,False
987.37,12940,t12940,300,1200.0,32,2,5,0.6313022228670778,False,295.94825317594507,3.125545106616366,False,False
987.46,12942,t12942,80,50.0,92,10,8,0.6393056322513432,True,4.285448871279497,0.7716549553027479,True,False
987.58,12943,t12943,80,50.0,45,10,2,0.651579503709732,True,3.7150880205183383,0.7698037803737491,True,False
987.66,12944,t12944,80,50.0,45,4,6,0.6436139614090682,True,3.2628782796255456,0.8682307913314397,True,False
987.78,12945,t12945,220,900.0,52,8,5,0.621620573648572,False,189.3002202936441,2.1985232503789285,False,False
987.87,12948,t12948,120,75.0,54,10,8,0.6421017014244982,True,8.55933789586582,1.20365373306647,True,False
987.87,12947,t12947,80,50.0,71,10,8,0.64484184921419,True,3.605231312519176,0.7706613219384182,True,False
987.91,12949,t12949,270,200.0,51,10,8,0.647527194048088,False,61.848330513895284,2.4319871192550613,False,False
988.13,12950,t12950,120,75.0,89,0,6,0.6454257136805669,True,7.323966484823453,1.0860294669387685,True,False
988.18,12953,t12953,80,50.0,75,2,4,0.6321597837626493,True,4.25107848557403,0.7688591760911031,True,False
988.18,12952,t12952,120,75.0,61,0,1,0.637523604409748,False,7.790845349218861,1.289119924534268,True,False
988.28,12954,t12954,270,1000.0,59,8,2,0.6324316832473446,False,290.27758249525795,2.6025194816029247,False,False
988.47,12955,t12955,80,50.0,72,10,8,0.643984831985308,True,3.4489589355489527,0.8563356834984479,True,False
988.47,12956,t12956,220,150.0,42,10,4,0.6326041856514136,True,34.69669648442753,1.9862047339456579,True,False
988.48,12958,t12958,300,250.0,20,0,1,0.6341813141397348,False,77.59410336505412,3.035662942417947,False,False
988.48,12957,t12957,270,200.0,44,0,6,0.6479478660736223,False,51.39539867497407,2.681746223381405,False,False
988.58,12959,t12959,300,250.0,33,2,5,0.628084360227918,False,65.73141135647215,3.080797277683045,False,False
988.59,12960,t12960,80,50.0,21,1,8,0.6427549844308251,True,4.129869051632949,0.8397839742001607,True,False
988.62,12961,t12961,220,700.0,84,10,4,0.635382768605052,False,130.37029692459734,2.280493611836778,False,False
988.65,12962,t12962,220,150.0,90,1,2,0.6254086532847919,True,31.55151488609931,2.0083282947762546,True,False
988.67,12963,t12963,300,250.0,52,10,4,0.6319317798996177,False,69.01531506173221,3.0040349077949946,False,False
988.78,12964,t12964,300,250.0,43,5,6,0.6369457538550042,False,72.38322285152371,2.8755210638561115,False,False
988.87,12965,t12965,220,900.0,92,8,10,0.6253413665132249,False,159.997910133287,2.1584168297476465,False,False
988.96,12966,t12966,120,75.0,68,3,6,0.633274072188063,True,8.540716650463729,1.0806771456530146,True,False
989.0,12967,t12967,270,900.0,68,4,2,0.6428327378482342,False,233.95623995736648,2.4648883851231713,False,False
989.05,12968,t12968,220,150.0,29,2,4,0.6350987699055781,False,37.946849888450444,2.22365661664601,False,False
989.21,12969,t12969,270,200.0,98,5,8,0.6628163615489265,True,64.72301592544706,2.5693606688263,True,False
989.39,12970,t12970,80,50.0,75,9,6,0.6496560348902036,True,4.306773102008271,0.8285524087275878,True,False
989.53,12973,t12973,170,500.0,86,6,10,0.6453132090531354,False,78.70453840395514,1.6152667619714445,True,False
989.54,12974,t12974,80,50.0,21,4,8,0.6373399131540712,True,3.857943911948943,0.8510635821251045,True,False
989.63,12975,t12975,120,75.0,42,5,4,0.6312095449742235,True,7.563376363325646,1.1235068604929124,True,False
989.8,12976,t12976,220,150.0,45,2,4,0.6318049763256484,True,31.715431681418217,2.083272647617286,True,False
989.98,12978,t12978,120,75.0,25,3,4,0.6524251051766623,True,7.892832018374527,1.2829364489910366,True,False
990.04,12979,t12979,120,75.0,58,6,8,0.6407621663701785,True,7.256106647707036,1.2143938549577697,True,False
990.06,12980,t12980,170,100.0,26,3,5,0.6539958524744883,True,19.731429478623234,1.8466776973932735,True,False
990.14,12981,t12981,270,200.0,78,3,5,0.6564981172431804,True,45.182939780475685,2.740882631995063,True,False
990.14,12982,t12982,120,75.0,70,10,2,0.653850375173999,True,9.374605838096262,1.1329445470401864,True,False
990.18,12983,t12983,270,200.0,55,10,8,0.6466873171637837,True,52.86756644718411,2.9247579743637733,True,False
990.32,12985,t12985,300,250.0,93,6,8,0.6435291048609567,True,67.5162689178503,2.947579551273889,True,False
990.34,12987,t12987,80,50.0,56,8,10,0.6222427210011422,True,3.2043627775657897,0.8437337889386731,True,False
990.34,12986,t12986,220,150.0,82,10,8,0.6493357526386898,True,30.379148393588128,2.257660857441543,True,False
990.36,12988,t12988,220,900.0,81,7,5,0.6263058829485709,False,203.8083608624484,2.0815976291186065,False,False
990.8,12992,t12992,300,250.0,58,3,4,0.6549587848913109,False,87.47106528255958,2.8409659577443147,False,False
990.87,12993,t12993,170,100.0,75,1,2,0.6284826620372779,True,14.040756659865199,1.5832890333266791,True,False
991.01,12995,t12995,120,75.0,57,9,6,0.6522450960105813,True,10.216898418575738,1.1064657365392747,True,False
991.07,12996,t12996,80,50.0,44,4,8,0.6400237815576565,True,4.340022243616168,0.8399046389446364,True,False
991.14,12998,t12998,120,75.0,26,6,8,0.6462407045819195,True,9.438390855513306,1.2235159313610577,True,False
991.38,13000,t13000,270,200.0,51,7,10,0.6365162272537667,True,49.93860230767523,2.6750504618900304,True,False
991.59,13001,t13001,300,250.0,28,9,8,0.637104439929845,False,67.26506240616348,3.125406046877724,False,False
991.62,13002,t13002,220,150.0,83,3,6,0.6361907725624835,True,28.751275273370236,2.4097954395774495,True,False
991.78,13003,t13003,270,900.0,60,6,10,0.6416636115387393,False,244.48869348155412,2.952822791676321,False,False
991.79,13004,t13004,300,1000.0,57,3,4,0.6512677910116664,False,347.2824440448429,3.132559453639077,False,False
991.92,13005,t13005,300,250.0,30,1,5,0.6403229623886729,False,89.57426986280825,3.043413382185636,False,False
991.99,13006,t13006,270,200.0,33,6,1,0.6335541622999695,False,49.71638088336802,2.7234899572474,False,False
992.08,13007,t13007,220,150.0,86,10,8,0.6519312194040979,True,34.4805624504649,2.3293557847989153,True,False
992.1,13008,t13008,300,250.0,61,7,10,0.6393680845268731,False,70.74472440581408,3.051802868032134,False,False
992.12,13009,t13009,300,250.0,47,9,6,0.6547823759085515,False,79.58944152089275,2.7841003027212707,False,False
992.3,13010,t13010,80,50.0,83,4,6,0.6463238639990686,True,4.413714506085556,0.8485462275374396,True,False
992.47,13011,t13011,170,100.0,74,2,5,0.6249308548415414,True,13.85190770187566,1.6144294499692478,True,False
992.51,13012,t13012,300,1200.0,89,10,4,0.628549810968292,False,408.34779394208994,2.8446710625033047,False,False
992.72,13015,t13015,270,200.0,57,0,1,0.6309058696751219,False,60.68029393673484,2.5611091956656176,False,False
992.77,13016,t13016,220,700.0,43,6,1,0.6301397457206367,False,154.91585402726008,2.19649600345883,False,False
992.83,13017,t13017,270,900.0,33,1,5,0.6367731698075662,False,271.93080401318656,2.5693569384042263,False,False
992.84,13019,t13019,120,75.0,21,4,2,0.6393842649094513,True,10.602692982912304,1.0865197111160116,True,False
992.95,13020,t13020,170,500.0,84,2,4,0.6347510586173172,True,76.2972403199261,1.6372286469433062,True,False
992.97,13021,t13021,270,200.0,84,3,5,0.6589503367164987,True,61.918584575823516,2.6276957455780066,True,False
993.21,13022,t13022,120,75.0,35,0,1,0.6276959340998013,True,10.2394844271047,1.15193258985566,True,False
993.23,13023,t13023,120,75.0,24,7,10,0.6359889046545174,True,10.074245652066482,1.2024299546514217,True,False
993.23,13024,t13024,80,50.0,80,3,6,0.6390491389294156,True,4.564614906348,0.8409940922327822,True,False
993.3,13025,t13025,220,900.0,42,1,8,0.6452023462806702,False,215.2075936984581,2.3508426182447124,False,False
993.36,13026,t13026,270,200.0,79,10,8,0.6544747768341977,True,52.84390568197248,2.5331205627921802,True,False
993.42,13027,t13027,220,150.0,55,4,2,0.6421787614294442,True,34.04864829222999,2.308028911043059,True,False
993.5,13028,t13028,170,500.0,78,2,4,0.6376382192631527,False,87.31173486106047,1.8330746096566743,False,False
993.52,13029,t13029,270,200.0,48,1,8,0.6414267608935182,False,60.29150787159333,2.712012779643777,False,False
993.53,13030,t13030,170,100.0,33,6,8,0.6488980723084629,True,14.77487472357576,1.5552624471450418,True,False
993.58,13031,t13031,300,1000.0,93,2,1,0.6384917498459064,False,249.86357333239428,2.9473959356241806,False,False
993.59,13032,t13032,80,50.0,34,8,10,0.6253800483993012,True,4.358746493043577,0.8301147447015517,True,False
993.6,13033,t13033,220,700.0,61,10,8,0.6569674631156955,False,133.7532849918167,2.3715168638086213,False,False
993.68,13034,t13034,80,50.0,21,8,10,0.628454629249497,True,4.761546473297759,0.7429583030893409,True,False
993.93,13036,t13036,220,150.0,25,0,6,0.6442455754188164,False,26.926617690693643,2.165368690346849,False,False
993.97,13037,t13037,270,200.0,55,5,8,0.6651422161361297,True,48.35560488966021,2.6201318515494285,True,False
993.99,13038,t13038,170,100.0,50,5,6,0.6336150205960859,True,14.309080254685533,1.808911645430716,True,False
994.0,13039,t13039,270,1000.0,81,9,10,0.6431556778174087,False,263.21326942838215,2.492390805530775,False,False
994.03,13040,t13040,270,200.0,41,9,10,0.6397007460792422,False,48.959879578160916,2.6029385137648293,False,False
994.14,13041,t13041,270,200.0,80,3,4,0.6476506170096149,True,46.071768570665206,2.545883714502478,True,False
994.19,13042,t13042,270,900.0,34,0,4,0.6279940328161411,False,280.02950313355416,2.6359367317725146,False,False
994.23,13043,t13043,120,75.0,52,2,4,0.6342936366960715,True,10.306836227734772,1.119605501022748,True,False
994.34,13044,t13044,220,900.0,89,1,2,0.6314951906147142,False,170.0078728960306,2.1776457126562487,False,False
994.42,13045,t13045,170,500.0,60,4,8,0.64265397259317,False,92.98767666925033,1.5484664505580574,False,False
994.49,13047,t13047,170,500.0,84,6,8,0.6515022926804754,False,87.29184229403263,1.7331538196753618,False,False
994.65,13048,t13048,220,900.0,69,6,10,0.6380870059746312,False,165.18227712608405,2.0508731264526308,False,False
994.67,13049,t13049,270,200.0,70,9,10,0.6363149129758393,True,44.8993447121398,2.732231467342641,True,False
995.01,13053,t13053,120,75.0,33,6,8,0.6478804286450478,True,9.948483931006779,1.1983977652152147,True,False
995.01,13052,t13052,170,500.0,25,10,4,0.6252354814155928,False,98.49877695663821,1.7762813327107532,False,False
995.02,13054,t13054,220,900.0,86,0,2,0.6273407970571158,False,226.45822158021173,2.3774196772982132,False,False
995.03,13055,t13055,270,1000.0,41,10,4,0.6219874384539475,False,318.0867229154249,2.6022843430015627,False,False
995.16,13056,t13056,120,75.0,35,2,5,0.6280144195628925,True,8.341730914671619,1.2796163233196336,True,False
995.18,13057,t13057,170,700.0,50,9,8,0.6337705329494299,False,113.32396024428155,1.7704352172420335,False,False
995.37,13058,t13058,120,75.0,56,10,1,0.6206000531823954,True,7.5643114813043955,1.3016137269799604,True,False
995.45,13060,t13060,220,150.0,51,3,5,0.6613535118003505,True,31.97686249093296,2.2682223948144515,True,False
995.54,13061,t13061,80,50.0,92,0,6,0.6406173305771069,False,4.476285307463353,0.7787771821778522,True,False
995.55,13062,t13062,220,900.0,83,0,1,0.630724197235987,False,219.15948255006842,2.299160090551243,False,False
995.77,13063,t13063,120,75.0,27,0,6,0.6370616506322314,True,9.53182237475004,1.1902195020880852,True,False
995.88,13064,t13064,80,50.0,66,5,6,0.6365249020023459,True,3.8712921083830163,0.8146005304070674,True,False
996.01,13065,t13065,170,100.0,49,10,2,0.6560758292089806,True,17.386459145648903,1.6747961299221577,True,False
996.04,13066,t13066,300,1000.0,63,0,10,0.6272866267842401,False,260.76157946742893,3.273365445424987,False,False
996.07,13068,t13068,120,75.0,50,4,6,0.6489795685372691,True,9.570750215035378,1.1925768354973418,True,False
996.2,13069,t13069,170,700.0,48,2,1,0.6351300966671701,False,130.25538619754587,1.6804968575078507,False,False
996.25,13070,t13070,270,200.0,84,5,8,0.667421553631589,True,46.862502998794206,2.9603091996902933,True,False
996.37,13071,t13071,170,100.0,67,7,10,0.6388513083796089,True,15.218600192458199,1.8179638346137212,True,False
996.63,13073,t13073,300,250.0,58,8,10,0.6314677184826889,False,87.06565139009362,3.0359389396961376,False,False
996.67,13074,t13074,300,250.0,74,9,10,0.6391707965345043,False,79.1269502134861,3.193430694745371,False,False
996.75,13075,t13075,120,75.0,90,7,10,0.6416564640301986,True,10.60162880030768,1.1789441965800376,True,False
996.82,13076,t13076,120,75.0,70,8,5,0.6185963439937824,True,8.870895897011694,1.1917576483325443,True,False
996.93,13077,t13077,170,100.0,50,10,1,0.6234905136572091,True,14.672656506864389,1.6793873539381592,True,False
997.03,13078,t13078,270,200.0,65,3,4,0.6502797864876044,True,59.60339109465547,2.810114310162137,True,False
997.06,13079,t13079,220,150.0,75,4,6,0.6515821589847056,True,33.875150301968326,2.285843459512296,True,False
997.19,13080,t13080,220,150.0,54,2,5,0.6310363129898164,True,33.27560217335719,2.072947868258924,True,False
997.33,13082,t13082,300,250.0,45,1,8,0.6377266872141094,False,62.90719738982319,2.794596345183445,False,False
997.42,13084,t13084,220,150.0,58,4,2,0.6449173680190371,True,36.50379896270239,2.063116860680159,True,False
997.49,13085,t13085,300,250.0,90,9,10,0.6357955624219961,True,73.23550650878427,3.0425803983585933,True,False
997.51,13086,t13086,220,900.0,23,8,2,0.6290397162490643,False,175.75518708789392,2.231008652726279,False,False
997.72,13088,t13088,170,100.0,34,7,5,0.6231879471077814,True,19.554821206000202,1.8182487228010646,True,False
997.75,13089,t13089,220,150.0,54,4,8,0.6390575598079734,True,33.38888789779703,2.1896366297175387,True,False
997.89,13090,t13090,170,100.0,44,5,4,0.634167535892921,True,15.10747286579715,1.641398809154828,True,False
998.17,13091,t13091,220,150.0,83,2,1,0.6318356765520086,True,30.68550988534772,2.02552213602906,True,False
998.2,13092,t13092,170,100.0,21,9,6,0.6510949102085624,False,19.414340743966356,1.5663573520152934,True,False
998.3,13093,t13093,80,50.0,30,9,8,0.6305033041086231,True,4.049470716455144,0.7673999780743247,True,False
998.31,13094,t13094,300,250.0,33,2,4,0.6371899457803318,False,85.14440978910747,2.9748824933619384,False,False
998.32,13095,t13095,270,200.0,24,2,5,0.633997768548202,False,44.656841008149904,2.9671464130686274,False,False
998.34,13096,t13096,220,150.0,85,10,2,0.6582567741632626,True,34.169168495635155,2.4119891291895685,True,False
998.35,13097,t13097,300,1000.0,56,8,10,0.6282465459312169,False,275.0159143950151,3.15312720575409,False,False
998.36,13098,t13098,300,250.0,84,10,2,0.6603941002184588,True,71.17450242498627,2.859277583861616,True,False
998.37,13099,t13099,300,250.0,84,10,1,0.6263231649225265,True,63.53209600461571,3.2636996296842877,True,False
998.55,13100,t13100,120,75.0,60,9,8,0.6334754198446324,True,9.413855998664026,1.3103486362401089,True,False
998.59,13101,t13101,120,75.0,79,7,10,0.6444055165677763,True,8.525938184273175,1.298154224037628,True,False
998.69,13104,t13104,300,1000.0,25,7,10,0.6470995880546028,False,350.0114914437789,2.8162765331891406,False,False
998.73,13106,t13106,80,50.0,50,4,6,0.6541326976231933,True,4.454840649167451,0.8585970139485899,True,False
998.73,13105,t13105,120,75.0,23,1,5,0.6332943730780815,True,9.034988364828704,1.2289054387849336,True,False
998.76,13107,t13107,220,150.0,37,7,10,0.6435657781116925,True,33.41266833652658,2.138315488378888,True,False
998.88,13109,t13109,300,250.0,23,5,8,0.669655304377139,False,66.34524535467506,3.1938891866386796,False,False
999.08,13110,t13110,300,1200.0,57,3,5,0.6637086233825252,False,388.8071961435793,2.889184802056734,False,False
999.13,13111,t13111,270,200.0,27,6,10,0.6345819325218053,False,58.14309313408337,2.604798936606766,False,False
999.35,13112,t13112,170,500.0,96,5,4,0.6370663669932443,True,68.89119759732533,1.806099503275403,True,False
999.43,13113,t13113,270,900.0,89,10,1,0.6290991631625376,False,265.0037811825343,2.660475385013921,False,False
999.59,13114,t13114,170,100.0,68,4,2,0.6476012024768382,True,20.00824770096422,1.668346177345082,True,False
999.71,13115,t13115,170,500.0,47,3,4,0.6528563725760342,False,88.18122013345102,1.611170167331431,False,False
999.91,13117,t13117,270,200.0,70,5,4,0.6399072214715612,True,46.58912490227064,2.535496926998658,True,False
1000.04,13118,t13118,170,100.0,60,9,8,0.6363880932659216,True,15.356208526184291,1.6565049787188915,True,False
1000.19,13119,t13119,220,900.0,38,4,6,0.6566322254889112,False,222.07217305025262,2.003093348328551,False,False
1000.28,13120,t13120,270,200.0,86,10,2,0.6624886797525511,False,44.88952079408942,2.859417666782216,True,False
1000.35,13122,t13122,80,50.0,94,9,6,0.647481193822573,True,4.116179956469738,0.7430702393273897,True,False
1000.37,13123,t13123,80,50.0,83,6,1,0.6267936174728906,True,3.374610442159134,0.7690571680961718,True,False
1000.45,13124,t13124,300,250.0,86,9,10,0.638661832991738,False,87.26306082954352,3.13015886212158,False,False
1000.56,13126,t13126,300,250.0,57,0,1,0.6275178951094491,False,85.57107337460042,3.2278716422302116,False,False
1000.57,13127,t13127,120,75.0,52,3,5,0.6598426327330565,True,7.824966030975518,1.2988594107884563,True,False
1000.61,13128,t13128,220,150.0,49,3,4,0.6492074269426953,True,28.10142624563911,2.1377382062787467,True,False
1000.62,13129,t13129,170,500.0,85,4,2,0.6502313602454832,True,71.74568249467482,1.8615345171067823,True,False
1000.66,13131,t13131,270,200.0,46,2,1,0.6347811448391502,False,57.27408616903308,2.5138923694524458,False,False
1000.66,13130,t13130,270,200.0,55,3,6,0.6418503379690091,False,55.27727718827962,2.6325354463285624,False,False
1000.77,13133,t13133,80,50.0,39,8,5,0.6218065989320886,True,4.087309835431306,0.7446305480939986,True,False
1000.77,13132,t13132,270,1000.0,91,2,1,0.6314937037605489,False,313.57923965232646,2.668850381568694,False,False
1000.86,13134,t13134,120,75.0,30,2,5,0.6307259949954197,True,7.939152668305634,1.1205768776850304,True,False
1001.28,13135,t13135,270,200.0,57,9,10,0.635296778150085,True,49.740034195549526,2.9592083746319475,True,False
1001.32,13137,t13137,80,50.0,69,7,10,0.6462766443676404,True,4.226505639031982,0.750494313406151,True,False
1001.32,13136,t13136,80,50.0,69,8,2,0.6257155885907497,True,3.7058021283823575,0.7541849390164862,True,False
1001.38,13138,t13138,120,75.0,92,1,2,0.6282734686206016,True,9.080233817390493,1.2029967881646197,True,False
1001.4,13139,t13139,300,1000.0,20,9,10,0.6381730244052651,False,305.58874278148363,3.2303914786650036,False,False
1001.52,13141,t13141,270,200.0,61,9,8,0.639242513218785,False,61.20424664051453,2.635300763972398,False,False
1001.68,13142,t13142,270,200.0,46,10,2,0.6583673676959618,False,62.76109013669484,2.6821062212735645,False,False
1001.71,13143,t13143,220,700.0,35,1,2,0.6312901810663715,False,149.3631038661707,2.3328645933295813,False,False
1001.8,13144,t13144,80,50.0,89,2,1,0.6282720115035199,False,3.6166841344454608,0.7765777862341027,True,False
1001.83,13145,t13145,220,900.0,25,7,6,0.6498449380392642,False,177.48020667621728,2.3393775340316854,False,False
1001.85,13146,t13146,170,100.0,56,1,2,0.6280725592632258,True,14.829393288625225,1.7593268302630811,True,False
1001.92,13147,t13147,120,75.0,40,6,10,0.6311469605380358,True,7.5853762007664285,1.1128071148824583,True,False
1002.01,13148,t13148,270,200.0,92,5,8,0.665670380107778,True,63.75567604780145,2.623356409481551,True,False
1002.06,13150,t13150,80,50.0,32,5,6,0.6393765857804808,True,3.6675970721719175,0.8300857835239918,True,False
1002.15,13151,t13151,120,75.0,55,5,8,0.6679391543238044,True,8.25194960012893,1.2755161965853308,True,False
1002.22,13152,t13152,170,100.0,69,1,5,0.6360591522831865,True,16.701095882024585,1.582849758956206,True,False
1002.28,13153,t13153,220,150.0,85,0,6,0.6397510842862534,True,39.33087648742287,2.151486244451742,True,False
1002.4,13154,t13154,270,200.0,92,9,6,0.6501137517643033,True,44.41887227168088,2.969230482844056,True,False
1002.53,13155,t13155,170,100.0,77,8,10,0.6250897968307744,True,14.278595277677894,1.6638903670348144,True,False
1002.71,13156,t13156,300,250.0,59,1,8,0.6341006150082886,False,79.13533090776437,3.2935086148772363,False,False
1002.72,13157,t13157,300,250.0,53,1,8,0.6305470642465845,False,68.28501340234122,2.710396070419385,False,False
1002.76,13158,t13158,300,1000.0,44,1,8,0.6270645845001144,False,312.8370223053595,3.294512655620177,False,False
1002.84,13159,t13159,220,150.0,34,7,10,0.6489332932984694,True,30.49638330047414,2.004423487769868,True,False
1002.85,13160,t13160,170,700.0,50,3,6,0.6384215130278108,False,125.5302089452424,1.65983905097275,False,False
1002.94,13161,t13161,270,200.0,77,7,6,0.6462562210966607,True,48.37746733015383,2.431977372559019,True,False
1002.97,13162,t13162,80,50.0,32,4,2,0.6528089148587554,True,4.6442383264794636,0.8007630439855329,True,False
1003.07,13163,t13163,270,1000.0,70,8,2,0.6286319434856014,False,232.48224118709422,2.7138599009255557,False,False
1003.51,13165,t13165,270,200.0,71,10,8,0.6532362956715635,True,49.096964552260516,2.832939903947436,True,False
1003.53,13166,t13166,120,75.0,95,10,8,0.655753751576314,True,8.238755123634554,1.190810608454995,True,False
1003.6,13167,t13167,300,250.0,31,8,10,0.6281701827123407,False,72.42330351013726,3.2121857270118657,False,False
1003.8,13169,t13169,270,900.0,69,9,10,0.6348177457353416,False,248.7391907227218,2.5898882318557033,False,False
1003.94,13171,t13171,300,250.0,50,8,2,0.625315971282556,False,60.70214773039479,3.2960641905354198,False,False
1003.99,13172,t13172,270,1000.0,51,8,2,0.6220663185235715,False,290.643067565052,2.753370856148832,False,False
1004.04,13173,t13173,170,500.0,59,1,8,0.6236517543485736,False,73.36566092332524,1.595165778278229,False,False
1004.05,13174,t13174,270,1000.0,81,3,6,0.6350612645854364,False,315.33167351879257,2.8443261424105226,False,False
1004.36,13175,t13175,80,50.0,81,9,6,0.6526936585471991,True,4.2803754514206895,0.8265897835381883,True,False
1004.5,13176,t13176,120,75.0,73,8,2,0.6188816588197668,True,8.977190603604654,1.2010363159079744,True,False
1004.61,13177,t13177,220,150.0,54,8,10,0.6250149608762757,True,38.593201784744615,2.2937532594751677,True,False
1004.73,13178,t13178,220,150.0,46,9,10,0.6315295726388166,True,33.73723646885202,2.265395120611391,True,False
1004.88,13179,t13179,300,250.0,73,4,2,0.6553349183797621,False,82.20220899083525,2.9335516816937632,False,False
1004.9,13180,t13180,120,75.0,60,4,6,0.6529077627973148,True,8.37483283375993,1.2898545946000428,True,False
1004.99,13181,t13181,300,1200.0,91,3,5,0.6622279618965773,False,347.6567785230056,2.977253651505538,False,False
1005.08,13182,t13182,270,1000.0,56,5,6,0.642171235883053,False,241.3431712094987,2.595360832472097,False,False
1005.09,13183,t13183,120,75.0,81,6,10,0.6339546879939417,True,10.676223131495648,1.1856489137469899,True,False
1005.29,13185,t13185,270,200.0,59,1,2,0.6310932898961431,False,59.935722900168386,2.8515332427807913,False,False
1005.36,13186,t13186,220,900.0,47,7,10,0.6515368092506818,False,199.6012202021706,2.2868200401905683,False,False
1005.42,13187,t13187,270,200.0,72,7,10,0.64791425488385,True,50.637626806767216,2.658534615199377,True,False
1005.49,13188,t13188,120,75.0,97,9,10,0.6344811630042221,True,9.44441828090727,1.2619391758014102,True,False
1005.6,13189,t13189,120,75.0,29,2,4,0.633854328682907,True,9.41738618667155,1.1866729632047286,True,False
1005.73,13190,t13190,120,75.0,42,1,5,0.6387686359041894,True,9.219844466082925,1.1425834657069152,True,False
1005.74,13191,t13191,80,50.0,34,0,6,0.6423867292671951,True,3.530463147468293,0.7668910481924341,True,False
1005.82,13193,t13193,270,200.0,26,1,8,0.6203071808000638,False,52.44644885513502,2.4402573773571232,False,False
1005.84,13194,t13194,300,250.0,84,1,5,0.6414239298527723,True,68.7122172591695,3.1987052415343453,True,False
1005.9,13195,t13195,300,250.0,30,2,5,0.6336936569136932,False,79.3036206272195,3.1478490260564955,False,False
1005.99,13196,t13196,80,50.0,38,2,5,0.6304279655936011,True,4.261119010235605,0.7266098042173299,True,False
1006.22,13197,t13197,120,75.0,25,9,10,0.6373737215623194,True,7.623689389592273,1.3187051050179692,True,False
1006.39,13198,t13198,170,100.0,56,0,6,0.6449696613485177,True,17.694310369172563,1.8561758286957724,True,False
1006.83,13199,t13199,300,1000.0,44,6,1,0.6296884117900995,False,311.8609697844364,2.705569325026219,False,False
1006.87,13200,t13200,220,150.0,80,4,2,0.6516364018303487,True,32.235953372067875,2.30348971513709,True,False
1006.9,13201,t13201,270,900.0,30,7,5,0.6263063699838075,False,242.52692790417632,2.5288775313578866,False,False
1007.11,13202,t13202,170,700.0,73,0,4,0.6246908188264849,False,128.47570197254328,1.5411761963200592,False,False
1007.22,13203,t13203,170,100.0,62,9,8,0.6358658447725911,True,19.733519161103263,1.6246095379376408,True,False
1007.32,13205,t13205,220,150.0,35,2,5,0.633401588099911,True,32.787414162340994,2.008625610902569,True,False
1007.32,13204,t13204,220,900.0,80,3,4,0.6518054602220232,False,184.20952219216986,2.374964961919966,False,False
1007.42,13206,t13206,300,250.0,68,0,6,0.647500934788214,False,77.56073482118182,3.0392561699223064,False,False
1007.49,13207,t13207,170,100.0,49,4,2,0.6541858556119236,True,18.012116592774298,1.693015018017972,True,False
1007.93,13209,t13209,120,75.0,31,5,6,0.6387359929835738,True,7.2054606159424655,1.2158019819369004,True,False
1007.95,13210,t13210,300,250.0,83,8,5,0.6249526487716287,True,77.24718581862469,3.085314182175512,True,False
1007.98,13211,t13211,220,150.0,89,2,5,0.6363157381560945,True,33.29571069804629,2.139314182609377,True,False
1008.04,13212,t13212,300,250.0,96,0,5,0.6271970154261193,True,89.88450114459661,2.7836251930928775,True,False
1008.07,13213,t13213,270,1000.0,60,0,5,0.6300837417842636,False,288.8707807369068,2.925008099022184,False,False
1008.09,13214,t13214,220,150.0,37,1,8,0.617029498722524,True,28.51548739165511,2.305960936419937,True,False
1008.12,13215,t13215,270,1000.0,80,10,2,0.654328481880504,False,255.60145715148076,2.60471178387226,False,False
1008.32,13217,t13217,80,50.0,33,4,2,0.6566843203178668,True,3.8211468818796868,0.7964838193460038,True,False
1008.34,13218,t13218,300,250.0,50,2,5,0.6391716052111545,False,70.81433228829862,2.934169825596671,False,False
1008.35,13219,t13219,300,250.0,94,3,5,0.6583915844768276,True,71.82127983023926,3.1391013743504583,True,False
1008.37,13220,t13220,120,75.0,76,0,8,0.624569141592322,True,9.191398004044025,1.0814593017485605,True,False
1008.9,13222,t13222,300,250.0,89,10,8,0.6582208583629695,True,61.898343857253444,3.2967753633797527,True,False
1008.92,13223,t13223,120,75.0,24,9,6,0.6552219671944369,False,10.032608845782493,1.256727342152849,True,False
1009.0,13225,t13225,120,75.0,54,7,6,0.6489132784929094,True,9.48541349167294,1.0859253708534478,True,False
1009.31,13227,t13227,220,150.0,23,3,6,0.6317682211119096,False,37.80310943434877,2.117592530457453,False,False
1009.47,13228,t13228,300,1000.0,78,7,6,0.6515171947412329,False,313.45983476113236,3.1433681996929197,False,False
1009.48,13229,t13229,220,150.0,31,6,1,0.6263513102209642,False,34.27733744084629,2.06822156692229,False,False
1009.52,13230,t13230,80,50.0,67,0,8,0.6273802202989371,True,3.6050957281299327,0.8083018249334757,True,False
1009.62,13231,t13231,80,50.0,41,8,2,0.6219346923100381,True,3.469983654067573,0.7440565996715138,True,False
1009.79,13232,t13232,270,200.0,67,8,2,0.624926665130504,True,56.805166420594006,2.713042740026585,True,False
1009.87,13233,t13233,170,500.0,31,10,1,0.6256456414377483,False,81.19517113700107,1.7553102138503143,False,False
1010.29,13236,t13236,120,75.0,97,5,8,0.6701625530555101,True,9.409716171892716,1.283712853236227,True,False
1010.3,13237,t13237,270,1000.0,29,5,8,0.6723414838125816,False,310.2375720073107,2.562824664727504,False,False
1010.41,13238,t13238,220,700.0,66,4,8,0.6417070752784806,False,172.94691913870292,2.0201343460021524,False,False
1010.48,13239,t13239,270,200.0,45,9,6,0.65152570966873,False,49.05169254447627,2.6319300416447278,False,False
1010.55,13240,t13240,300,1200.0,27,6,1,0.6230809506832117,False,308.63360107303,2.9654100274911603,False,False
1010.58,13241,t13241,270,900.0,58,10,2,0.6503703737813555,False,246.7043510124541,2.468699645270641,False,False
1010.68,13242,t13242,270,200.0,28,7,10,0.6505381516043548,False,57.607685378470144,2.6933142526760596,False,False
1010.7,13243,t13243,80,50.0,82,10,2,0.6464914278441898,True,4.492012262480131,0.853500510099428,True,False
1010.76,13244,t13244,300,250.0,22,3,4,0.6481775328357646,False,63.704288383358545,3.0732849545938836,False,False
1010.88,13246,t13246,270,200.0,95,0,6,0.6438075827591164,False,44.798743669959194,2.817749756418705,True,False
1010.98,13248,t13248,80,50.0,81,7,6,0.6478950326645901,True,4.610683814421629,0.8371872147542985,True,False
1011.04,13249,t13249,120,75.0,40,3,6,0.6285410385078531,True,10.20799012679296,1.2115995517742795,True,False
1011.08,13250,t13250,220,150.0,29,10,1,0.6222611901474548,False,34.22899601220939,2.390797330532859,False,False
1011.16,13252,t13252,120,75.0,85,10,2,0.6488640608257676,True,9.091188362575213,1.1279872583724158,True,False
1011.23,13253,t13253,220,150.0,81,5,4,0.6426912588603119,True,38.334398784469656,1.9808966444172804,True,False
1011.28,13254,t13254,80,50.0,32,0,8,0.6301350774314198,True,3.546752379529739,0.8503271151573863,True,False
1011.37,13255,t13255,120,75.0,30,6,10,0.6367062609007296,True,7.433128395654057,1.189174703489136,True,False
1011.44,13256,t13256,80,50.0,93,9,8,0.6387307096953211,True,3.6553073559691724,0.7822247032751242,True,False
1011.59,13257,t13257,170,500.0,21,0,6,0.6401880977706008,False,89.46726400904916,1.6336073547162817,False,False
1011.62,13258,t13258,270,900.0,54,6,8,0.6505050018903287,False,287.1969855342478,2.668656389725688,False,False
1011.74,13259,t13259,120,75.0,46,0,5,0.6267387336152449,True,7.507509308268426,1.1791836018461264,True,False
1011.77,13261,t13261,170,100.0,44,3,5,0.6608059346054728,True,19.776330108267036,1.8651983772536398,True,False
1011.82,13262,t13262,300,1200.0,25,8,2,0.6278587984945606,False,430.3825008632695,2.8416423175261816,False,False
1011.86,13263,t13263,80,50.0,57,10,6,0.6200248134905071,True,4.503349245617718,0.8115559831618004,True,False
1011.94,13264,t13264,170,100.0,74,2,4,0.6367594239274307,True,16.093332275976866,1.6537961470645806,True,False
1011.99,13265,t13265,220,150.0,58,7,10,0.6469355703904496,True,37.94088298388151,1.999003317654564,True,False
1012.02,13266,t13266,270,900.0,28,3,5,0.6631719977315452,False,254.5789854769294,2.652404586781181,False,False
1012.11,13267,t13267,270,1000.0,85,2,1,0.6251147530916312,False,264.83079989303235,2.7850109603883224,False,False
1012.15,13268,t13268,80,50.0,36,5,8,0.6683028359545119,True,3.3805800570080144,0.7313934827983766,True,False
1012.37,13269,t13269,300,1000.0,39,9,6,0.6479033772935372,False,248.81510439471566,2.8994356699824886,False,False
1012.38,13270,t13270,270,1000.0,77,5,4,0.6454196155012873,False,267.19385681001575,2.8307456328792653,False,False
1012.5,13271,t13271,80,50.0,41,8,2,0.624558289191336,True,3.6395997247505,0.8660202116116196,True,False
1012.53,13272,t13272,120,75.0,89,5,6,0.6415434549420841,False,8.213058554415477,1.2689137309587526,True,False
1012.78,13273,t13273,80,50.0,29,0,6,0.6366410024818555,True,3.9818064375630855,0.8028364338176367,True,False
1012.88,13274,t13274,80,50.0,69,6,10,0.6394028023493816,True,4.3431217312150014,0.846552045252606,True,False
1012.88,13275,t13275,220,150.0,99,6,10,0.6420454129690607,True,34.32142407114697,2.071037666201369,True,False
1013.01,13276,t13276,170,500.0,66,10,2,0.6511892411477138,False,85.6681818826,1.6150787750545872,False,False
1013.11,13277,t13277,170,500.0,67,6,10,0.6446351713763462,False,95.81389506307774,1.7251368487775884,False,False
1013.17,13279,t13279,170,100.0,31,9,8,0.6415382773195965,True,18.588182232669034,1.702893258156651,True,False
1013.17,13278,t13278,80,50.0,74,0,5,0.6296346256096067,True,3.9180478886710413,0.7317767772760622,True,False
1013.24,13280,t13280,220,700.0,42,9,10,0.6402084289492549,False,131.91236070667958,2.108573880164735,False,False
1013.43,13281,t13281,220,700.0,64,4,2,0.6591328157296913,False,179.32108649263725,2.0618364453698903,False,False
1013.44,13282,t13282,80,50.0,47,8,2,0.6274977900741759,True,4.127542508316411,0.7302638741637857,True,False
1013.68,13283,t13283,170,100.0,68,5,4,0.6419194050094434,True,16.875186840858692,1.851062326095133,True,False
1013.95,13285,t13285,270,1000.0,38,1,8,0.619991370286535,False,312.83437399209873,2.4574574487156444,False,False
1014.03,13287,t13287,300,250.0,92,0,5,0.6324725997640812,True,89.20919157954695,2.774511097582749,True,False
1014.03,13286,t13286,300,250.0,95,9,6,0.6443534915658483,True,72.50070124648656,2.7049782218556038,True,False
1014.09,13288,t13288,120,75.0,88,3,6,0.6315523995558779,True,9.072770164054305,1.139936962563738,True,False
1014.12,13289,t13289,270,200.0,61,8,5,0.6280357776143779,False,64.72640805805692,2.810165389768456,False,False
1014.17,13291,t13291,80,50.0,48,4,8,0.6381296004395777,True,4.064541561814756,0.8290066715029785,True,False
1014.22,13292,t13292,270,200.0,28,6,1,0.619875998336214,False,52.55463096439665,2.648769978731229,False,False
1014.39,13293,t13293,80,50.0,49,10,8,0.660638623013892,True,4.35794485063688,0.7757083757099181,True,False
1014.51,13294,t13294,270,1000.0,72,5,4,0.6446631987274364,False,228.6110106687742,2.968811413975842,False,False
1014.53,13295,t13295,300,1000.0,32,5,6,0.6381207676614243,False,278.705484848892,3.1447512066412004,False,False
1014.7,13297,t13297,270,900.0,65,1,5,0.6440261179223835,False,245.89043647114713,2.788578093461408,False,False
1014.71,13298,t13298,170,700.0,27,6,10,0.6409991346154859,False,135.27546684649346,1.7833232343800267,False,False
1014.72,13299,t13299,220,700.0,50,0,8,0.6328348374212531,False,123.53211791109445,2.0175931359741885,False,False
1014.74,13300,t13300,120,75.0,68,0,5,0.6352538144354664,True,8.652315584536876,1.1841533019000612,True,False
1014.75,13301,t13301,220,150.0,38,4,8,0.6407976750974528,False,39.41007756287207,2.1631822719149927,False,False
1014.75,13302,t13302,80,50.0,60,6,8,0.6469030836707039,True,4.595020125721936,0.8702286430417573,True,False
1014.76,13303,t13303,220,150.0,86,5,8,0.6705189610536034,True,29.695584460777887,2.080872324727332,True,False
1014.9,13304,t13304,300,1200.0,24,2,1,0.6220206398479804,False,347.16896322704594,2.97559465832923,False,False
1014.95,13305,t13305,300,1000.0,75,0,6,0.639338849098885,False,252.23199910537127,2.9311398133494615,False,False
1015.1,13306,t13306,170,700.0,20,0,6,0.6358087387835739,False,141.0920999928585,1.6112930656431033,False,False
1015.21,13307,t13307,300,250.0,77,9,10,0.6368124421884516,True,75.48002395801147,3.2168255730713327,True,False
1015.46,13308,t13308,170,100.0,59,8,10,0.628096843476932,True,15.340140893817303,1.8329679364726035,True,False
1015.53,13309,t13309,300,1200.0,80,6,8,0.6495472038154716,False,337.07808296593794,2.85857639229462,False,False
1015.54,13310,t13310,220,900.0,87,6,1,0.6167351450361565,False,175.194262764855,2.036670566472605,False,False
1015.61,13311,t13311,220,150.0,68,2,4,0.6396064172670639,True,34.81132685033417,2.0302500637667613,True,False
1015.72,13312,t13312,170,700.0,33,0,6,0.6323492306745692,False,125.56004833796565,1.869741419395113,False,False
1015.75,13313,t13313,120,75.0,37,5,8,0.6726907636507131,True,8.237883269641761,1.1985602731508327,True,False
1015.85,13314,t13314,80,50.0,83,3,6,0.6345035333829422,True,3.8823820668779057,0.792843229589148,True,False
1015.86,13315,t13315,300,1200.0,30,5,6,0.6347665341263776,False,313.68097934504175,3.056344794527889,False,False
1015.94,13316,t13316,270,200.0,48,8,5,0.6248832438802722,False,64.19904776862086,2.932024686627126,False,False
1015.97,13317,t13317,270,200.0,89,4,8,0.6372383882621703,True,59.66429389807161,2.8357781242128874,True,False
1015.99,13318,t13318,220,150.0,79,6,8,0.6459644415573441,True,28.30848463623211,2.2537206160698244,True,False
1016.19,13320,t13320,270,200.0,70,5,8,0.6748191301958807,True,52.17096406413513,2.657415365006332,True,False
1016.31,13321,t13321,80,50.0,22,2,5,0.6357963549251132,True,4.002075842134065,0.8418264052921645,True,False
1016.33,13322,t13322,120,75.0,72,3,5,0.6593167395950961,True,9.760796181090102,1.2174234268867021,True,False
1016.51,13324,t13324,300,1200.0,92,6,8,0.648627334544379,False,383.5928873315305,3.007442240280576,False,False
1016.54,13325,t13325,220,150.0,89,1,8,0.6167200044192658,True,34.402158781701836,2.325691940370987,True,False
1016.72,13326,t13326,270,200.0,69,0,6,0.6289589127277444,True,57.82760070092199,2.4516635782596095,True,False
1016.78,13327,t13327,170,100.0,99,5,6,0.631479385262032,True,17.763613246589344,1.6037929900125585,True,False
1016.79,13328,t13328,220,150.0,72,1,2,0.6278796059164021,True,38.1466218640186,2.0961980458542913,True,False
1016.83,13329,t13329,270,200.0,70,9,10,0.6396583751628644,True,48.974571520046055,2.734256437080452,True,False
1017.01,13330,t13330,170,100.0,49,4,8,0.6399242871635936,True,14.24433418874547,1.7238042071015554,True,False
1017.08,13331,t13331,170,100.0,40,4,8,0.6425564680869884,True,17.33892094053203,1.5673572892534686,True,False
1017.15,13332,t13332,220,150.0,21,7,10,0.6495790408008224,False,31.44512913677828,2.244827326030708,False,False
1017.17,13333,t13333,300,1200.0,20,8,10,0.6311170884255751,False,427.74756572891295,2.7660051554879734,False,False
1017.37,13334,t13334,270,200.0,38,7,6,0.6505193138294801,False,59.121223091750615,2.679401605414207,False,False
1017.38,13335,t13335,170,100.0,84,0,6,0.6318104011398562,True,13.749855546440008,1.6178774684517012,True,False
1017.49,13336,t13336,80,50.0,50,4,6,0.6554317893595504,True,3.747819114434758,0.8668394906626683,True,False
1017.8,13338,t13338,120,75.0,50,9,10,0.6424473894777889,True,7.812546668238894,1.2295734948446062,True,False
1018.06,13340,t13340,80,50.0,91,9,6,0.6470486035527131,True,3.7229534715073402,0.8464072441454547,True,False
1018.09,13341,t13341,220,150.0,49,5,4,0.6411781165710695,True,32.33738466995078,2.405256449348418,True,False
1018.16,13342,t13342,270,200.0,98,2,4,0.6423964707399045,True,46.58842134151822,2.6800130727375544,True,False
1018.23,13343,t13343,270,200.0,39,2,4,0.6451307231432882,False,62.87368766410205,2.9007292677122325,False,False
1018.23,13344,t13344,220,700.0,40,8,2,0.6303785009393591,False,175.6426171804615,2.0499817915622334,False,False
1018.25,13345,t13345,300,1200.0,74,2,5,0.6386626096447928,False,317.5777160559486,3.033958904262227,False,False
1018.3,13346,t13346,300,1000.0,21,1,2,0.6309041956162559,False,353.978688407012,3.242869829490135,False,False
1018.42,13347,t13347,270,900.0,99,5,4,0.64393673605783,False,197.80157146233734,2.6713697671133443,False,False
1018.55,13349,t13349,270,1000.0,33,6,10,0.6374358185898429,False,306.032430855072,2.927807094627569,False,False
1018.6,13350,t13350,270,200.0,48,0,8,0.6293066022112894,False,50.022034427078395,2.6809301764804,False,False
1018.73,13351,t13351,170,700.0,24,6,1,0.6136571088021,False,139.9946114764682,1.7546487028596223,False,False
1018.76,13352,t13352,170,700.0,21,4,2,0.6553583412332794,False,134.8112708909159,1.8629896183510175,False,False
1018.97,13353,t13353,120,75.0,41,4,2,0.6516593562267956,True,7.2229037229579065,1.1351622856670973,True,False
1018.98,13354,t13354,170,500.0,57,5,6,0.6344319793749731,False,69.37048157836722,1.594854949157821,False,False
1019.03,13355,t13355,80,50.0,53,2,1,0.6189884088692027,True,3.9550248527814063,0.7483090862686048,True,False
1019.18,13357,t13357,170,500.0,62,3,5,0.6617125866213759,False,95.0498062542209,1.6227684531951982,False,False
1019.26,13358,t13358,80,50.0,52,2,5,0.6352975392700787,True,4.208479608515512,0.7932467854872883,True,False
1019.3,13359,t13359,220,150.0,21,0,5,0.6379794048134236,False,27.366290229876395,2.261337289967488,False,False
1019.53,13361,t13361,270,1000.0,72,4,2,0.6542083509204415,False,231.9292508325754,2.447334651263272,False,False
1019.56,13362,t13362,220,900.0,82,3,6,0.6373956445334652,False,181.06643515844243,2.41633103785609,False,False
1019.62,13363,t13363,170,100.0,81,10,2,0.6472939178632211,True,18.06878139220225,1.611590657807386,True,False
1019.91,13366,t13366,80,50.0,39,6,8,0.6450629696716732,True,4.3808081072477325,0.8510877007108066,True,False
1020.04,13368,t13368,300,1000.0,95,5,4,0.6404661831548552,False,320.10152095961604,2.9673437980677324,False,False
1020.15,13369,t13369,80,50.0,99,9,6,0.6496898132998407,True,4.706094490809925,0.7306400892978764,True,False
1020.23,13370,t13370,120,75.0,39,7,10,0.6459956418029879,True,7.969289562865039,1.136257070500626,True,False
1020.25,13371,t13371,300,250.0,86,2,4,0.6416362904986043,False,86.77617228677845,2.9908494850597798,False,False
1020.43,13372,t13372,300,250.0,66,10,2,0.6496505010444182,False,89.7593220555179,3.1419668662636804,False,False
1020.56,13373,t13373,300,1200.0,72,8,5,0.6217937608208485,False,367.07376559508543,2.9169338170328114,False,False
1020.64,13374,t13374,120,75.0,55,8,2,0.6270275975872386,True,10.515174888233064,1.2041643826821085,True,False
1020.67,13375,t13375,220,900.0,75,0,8,0.6258489317055254,False,192.1216540168546,2.098385996883254,False,False
1020.72,13376,t13376,300,1000.0,59,9,6,0.6522781988520256,False,301.4199890127233,2.9444636601055283,False,False
1020.82,13377,t13377,220,150.0,94,8,2,0.6299177123021605,True,26.460840855212485,2.081474569575129,True,False
1020.9,13378,t13378,300,250.0,62,9,8,0.6442896935913863,False,67.49975457882992,2.952847851531237,False,False
1021.06,13379,t13379,120,75.0,21,1,8,0.619688065869342,True,8.621097541065422,1.202082533385805,True,False
1021.09,13380,t13380,220,150.0,52,2,5,0.6381737703028589,True,35.521106876647714,2.2796450146866234,True,False
1021.18,13381,t13381,300,250.0,62,10,2,0.6457859525619913,False,74.70315276720191,2.941749169347996,False,False
1021.33,13382,t13382,300,250.0,39,0,5,0.6344764833838218,False,75.72115040482849,3.0455461858951622,False,False
1021.4,13383,t13383,220,150.0,83,2,1,0.6221908225100005,True,27.425527534651,2.0108634642066243,True,False
1021.41,13384,t13384,80,50.0,53,4,6,0.6579053353905412,False,3.877069967462874,0.8269680116017915,True,False
1021.47,13385,t13385,300,250.0,68,0,6,0.6346048597837257,False,88.12060466825301,3.2310704573332143,False,False
1021.63,13386,t13386,120,75.0,88,4,6,0.6541554105009121,True,8.248296028823537,1.315828839479412,True,False
1021.64,13387,t13387,80,50.0,28,3,4,0.644622163997231,True,3.991229176069901,0.7966406259177734,True,False
1021.67,13388,t13388,220,700.0,23,9,6,0.648640816693167,False,182.47951179046694,2.392386136011774,False,False
1021.84,13390,t13390,270,1000.0,75,2,5,0.6409924767149836,False,222.29698068178504,2.4993245670326782,False,False
1021.85,13391,t13391,270,900.0,71,8,2,0.632750024722784,False,239.74261498503486,2.497556024126875,False,False
1021.92,13392,t13392,170,100.0,71,3,5,0.6578865167071303,True,13.78899961678841,1.7217570654208127,True,False
1021.97,13393,t13393,270,1000.0,37,2,4,0.638211746506814,False,242.48740842787876,2.5221540123758,False,False
1022.23,13396,t13396,120,75.0,58,0,5,0.631043620382812,True,9.182964625362585,1.2819276479591468,True,False
1022.25,13397,t13397,120,75.0,31,1,8,0.6225967660904168,True,7.805043620908542,1.2761249929104201,True,False
1022.3,13398,t13398,80,50.0,21,0,5,0.6338534146418224,True,3.4905150442698414,0.8704033381064682,True,False
1022.35,13399,t13399,220,150.0,73,1,5,0.6404022622306025,True,36.452578087272116,2.071150327355092,True,False
1022.39,13400,t13400,170,100.0,63,3,5,0.6603109681911695,True,19.677192821533176,1.8540607863424232,True,False
1022.41,13402,t13402,270,200.0,66,5,4,0.6370650413099398,True,57.74632937531694,2.486152019111141,True,False
1022.59,13404,t13404,80,50.0,20,1,8,0.62544729230707,True,4.286930559522144,0.7898073540779034,True,False
1022.61,13406,t13406,220,150.0,38,6,10,0.6339437688847126,True,30.844824484613778,2.3872550258984497,True,False
1022.73,13408,t13408,120,75.0,31,5,8,0.6769049294101449,True,7.490131210755398,1.1681334478056296,True,False
1022.8,13410,t13410,220,150.0,72,4,8,0.6451360053919153,True,33.725111074606446,2.121027738089237,True,False
1022.85,13411,t13411,300,250.0,83,2,1,0.6253291878779822,True,82.88954065539852,3.1284640572710165,True,False
1022.89,13412,t13412,300,250.0,98,7,6,0.6469171093710723,True,69.76639508698483,2.812286564620175,True,False
1022.94,13413,t13413,120,75.0,53,6,8,0.6477438920964216,True,10.093696575962957,1.3158621554375602,True,False
1022.96,13414,t13414,120,75.0,71,7,6,0.6495609490018327,True,9.208396915406869,1.2841658765288337,True,False
1023.06,13415,t13415,80,50.0,24,7,6,0.6521519118399779,True,4.407451708879753,0.8363545255039008,True,False
1023.19,13416,t13416,120,75.0,23,8,5,0.6187660674226134,True,7.854805961864239,1.2507423263538924,True,False
1023.45,13419,t13419,300,1000.0,84,1,5,0.6430248836526571,False,241.05566116329743,2.775834938768078,False,False
1023.51,13420,t13420,300,250.0,39,2,4,0.6348556933948595,False,81.14702980454005,3.167897073647363,False,False
1023.53,13421,t13421,80,50.0,32,9,6,0.6450761821774854,True,4.283529870269492,0.7802365772506243,True,False
1023.54,13422,t13422,270,200.0,66,2,1,0.6284047859386044,True,61.31118606048614,2.4378852277069165,True,False
1023.73,13423,t13423,120,75.0,34,8,10,0.6279029284752454,True,9.21837832544025,1.2080636635429982,True,False
1023.85,13424,t13424,80,50.0,99,8,5,0.6219729278923429,True,3.3036240983652565,0.8446936490746633,True,False
1023.91,13425,t13425,220,150.0,69,10,6,0.6230549838873637,True,34.02818362454179,2.2091268086945153,True,False
1023.97,13426,t13426,270,200.0,28,8,2,0.629351690894995,False,59.94507766375946,2.6673549456457817,False,False
1024.29,13430,t13430,120,75.0,58,8,10,0.6309270517239224,True,8.063906691622002,1.2805152282603727,True,False
1024.36,13432,t13432,220,150.0,88,10,8,0.663008032371796,True,32.607992188876786,2.2005783573515925,True,False
1024.36,13431,t13431,170,100.0,95,8,5,0.6251156511526779,True,17.1485664540017,1.6305649236987256,True,False
1024.53,13433,t13433,270,200.0,26,6,10,0.6366955601736851,False,60.69684412066544,2.7467284043060602,False,False
1024.59,13435,t13435,220,150.0,55,4,6,0.6566544841090757,True,26.57039385855154,2.334416495923865,True,False
1024.61,13436,t13436,270,200.0,80,4,8,0.6476639519507437,True,62.78276335469811,2.6272281192122495,True,False
1024.65,13437,t13437,270,200.0,92,3,6,0.6340559134609777,True,63.81931879251584,2.4494201999428915,True,False
1024.78,13438,t13438,170,700.0,60,3,4,0.6473119025354683,False,115.13247312598118,1.802443268087292,False,False
1024.8,13439,t13439,220,900.0,49,3,5,0.6626869306455279,False,208.8604176286426,2.0985403502460236,False,False
1024.89,13441,t13441,170,500.0,72,2,1,0.6314188720380142,True,69.19358031435523,1.6851153015379896,True,False
1025.07,13443,t13443,170,100.0,68,5,8,0.6789490126401238,True,19.771436835139767,1.5503541005238937,True,False
1025.23,13444,t13444,80,50.0,66,9,8,0.6408120815377404,True,4.557357014106653,0.7217596278944867,True,False
1025.35,13445,t13445,170,100.0,44,8,10,0.6338906925076258,True,18.96410041296116,1.8158523333665313,True,False
1025.47,13447,t13447,300,1200.0,25,0,1,0.624375719025442,False,395.9916886419107,3.0342724139767556,False,False
1025.7,13448,t13448,170,100.0,20,1,8,0.62824080799939,True,13.770220526290501,1.8566611945418392,True,False
1025.72,13449,t13449,300,250.0,43,10,6,0.6260245508762831,False,76.91630782427212,3.2243377026271416,False,False
1025.9,13451,t13451,300,250.0,59,0,2,0.6242021629341552,False,88.33748544010078,3.0684121895159677,False,False
1026.18,13452,t13452,300,250.0,36,1,8,0.6309784533778637,False,73.2187016370188,2.8001267755852455,False,False
1026.25,13453,t13453,120,75.0,86,3,4,0.6437738463029408,True,9.071186340491849,1.1500624436506663,True,False
1026.44,13455,t13455,270,900.0,98,2,5,0.6375808089988657,False,281.0719249175235,2.678705819096534,False,False
1026.48,13457,t13457,300,1000.0,88,10,8,0.6653300535425418,False,248.3232487638249,3.0236963867449527,False,False
1026.57,13458,t13458,220,900.0,61,2,5,0.6342373746370702,False,204.68113521924627,2.3623280858112126,False,False
1026.62,13459,t13459,270,200.0,43,9,8,0.6435780217251674,False,53.70536072063282,2.710438036701125,False,False
1026.66,13461,t13461,270,200.0,84,2,1,0.6343726764154357,True,64.56758640678107,2.9533423875086835,True,False
1026.66,13462,t13462,80,50.0,58,4,6,0.659103576245076,False,3.382080948844868,0.8282591254105978,True,False
1026.72,13463,t13463,120,75.0,28,9,6,0.6477568403521176,True,10.085215953526301,1.278864845852863,True,False
1026.83,13464,t13464,80,50.0,65,8,5,0.6281955199478061,True,3.498944593105949,0.8258604996939035,True,False
1027.0,13465,t13465,300,250.0,44,7,5,0.6231884244023133,False,74.8694924885302,2.9187337454623568,False,False
1027.0,13466,t13466,270,200.0,92,5,8,0.6809522142055032,True,45.21929078030504,2.7484127533514977,True,False
1027.04,13467,t13467,220,150.0,34,8,10,0.636795060475655,False,38.218775520787695,2.29097931951616,False,False
1027.16,13468,t13468,120,75.0,93,7,2,0.6217459168436202,True,9.737927871866642,1.1811857035213933,True,False
1027.26,13469,t13469,80,50.0,55,1,2,0.6276942935221126,True,4.545176436973868,0.7871344774846248,True,False
1027.5,13473,t13473,170,700.0,72,0,6,0.6311694292547179,False,115.57855010900713,1.7986565490703939,False,False
1027.54,13474,t13474,220,150.0,98,7,6,0.6546910554213602,True,28.191344703622345,2.3202142762621003,True,False
1027.55,13475,t13475,220,150.0,42,4,8,0.6501413395783954,True,35.52067272527332,2.299850186517333,True,False
1027.77,13476,t13476,300,1000.0,28,8,2,0.6260213237437617,False,288.4778328035765,2.756819864002373,False,False
1027.81,13477,t13477,300,250.0,27,7,6,0.6571794161311147,False,74.416412123,3.2716776237118257,False,False
1028.06,13478,t13478,170,500.0,30,7,2,0.6247416651734145,False,85.49796503395183,1.5970816045056093,False,False
1028.17,13480,t13480,170,100.0,99,8,10,0.6334673410843238,True,14.040594508585938,1.8143079959956763,True,False
1028.29,13482,t13482,120,75.0,64,6,8,0.6503711960726749,True,9.469436286717558,1.1359588180609457,True,False
1028.38,13483,t13483,80,50.0,88,10,8,0.6614316342898728,True,4.104124758935165,0.7312393553560231,True,False
1028.55,13484,t13484,270,200.0,32,7,6,0.6534440096266743,False,62.886835351009175,2.5923644760188735,False,False
1028.58,13485,t13485,80,50.0,20,3,6,0.63695697700994,True,4.541379652101971,0.8164892686821723,True,False
1028.62,13486,t13486,220,150.0,49,5,4,0.6399059223019229,True,38.981941352184606,2.0187139884906284,True,False
1028.65,13487,t13487,170,100.0,97,10,6,0.622760726525424,True,20.140116651227522,1.6594562918126674,True,False
1028.66,13488,t13488,170,100.0,99,2,1,0.6372674047053087,True,18.449452892322068,1.8095766429641833,True,False
1028.69,13489,t13489,220,150.0,71,0,5,0.6366070130156527,True,31.117128558144525,2.3582770078022284,True,False
1028.74,13491,t13491,300,250.0,82,10,2,0.6419986950492131,True,64.74774193728307,3.0089265810920773,True,False
1028.79,13492,t13492,80,50.0,61,4,6,0.6553296865383563,True,3.4009716674591752,0.7562611585295471,True,False
1028.84,13493,t13493,120,75.0,81,4,8,0.6525691794534941,True,10.23758592426972,1.1413517726563747,True,False
1029.07,13494,t13494,270,200.0,84,9,8,0.6401146431088459,True,46.503104540132504,2.633180612056905,True,False
1029.11,13495,t13495,300,250.0,44,9,10,0.6451806235064149,False,61.97921257033517,2.764045195498923,False,False
1029.21,13496,t13496,80,50.0,47,3,5,0.6588413738507991,True,4.765347743933208,0.8773137111073173,True,False
1029.45,13497,t13497,80,50.0,47,10,6,0.6257361786615822,True,3.9938566520121235,0.7403171198533344,True,False
1029.47,13498,t13498,80,50.0,57,0,6,0.6278027073362902,True,4.694828133388653,0.8312390750130878,True,False
1029.51,13499,t13499,270,900.0,24,1,5,0.6394210526462706,False,225.54406097104095,2.45534006406827,False,False
1029.87,13501,t13501,120,75.0,88,1,5,0.6358892982600118,True,9.706399425402921,1.274587708232575,True,False
1030.07,13502,t13502,80,50.0,24,1,5,0.6386021789614783,True,3.6416851497019986,0.7713793148426334,True,False
1030.2,13504,t13504,270,200.0,54,6,8,0.6529459539694032,True,43.99397516161755,2.734806375380584,True,False
1030.32,13505,t13505,220,150.0,77,9,8,0.6428945320648508,True,28.218007588442195,2.037001547275498,True,False
1030.45,13506,t13506,220,700.0,36,4,8,0.654948462531091,False,126.28030465277288,2.307093395539421,False,False
1030.58,13507,t13507,120,75.0,58,2,5,0.6309608089625106,True,8.929152235810063,1.0910689181775974,True,False
1030.6,13508,t13508,270,900.0,91,7,10,0.6486579107851098,False,199.368213325002,2.755264840050436,False,False
1030.68,13509,t13509,80,50.0,94,10,8,0.6637851834222572,True,3.2232440977090957,0.8194074739675932,True,False
1030.7,13510,t13510,270,200.0,43,3,4,0.6464805511950638,False,53.77995297427175,2.7784378650851385,False,False
1030.95,13511,t13511,300,250.0,40,0,5,0.6393055394220063,False,65.6660015580536,3.123667297404072,False,False
1031.34,13512,t13512,270,200.0,62,8,2,0.6227575639355531,True,54.54458732386921,2.950124801807723,True,False
1031.54,13513,t13513,80,50.0,67,7,6,0.6497833112523226,True,4.5931045176769345,0.8367161981023701,True,False
1031.69,13514,t13514,80,50.0,61,5,4,0.6426899856740662,True,4.00265362699311,0.7642225559735873,True,False
1031.76,13516,t13516,80,50.0,99,10,6,0.6286521217550173,True,3.5458174402997096,0.7393669858511208,True,False
1031.8,13517,t13517,300,250.0,51,2,5,0.6339237746014422,False,76.01397379766232,2.8842204124607758,False,False
1031.83,13518,t13518,170,500.0,70,10,6,0.6315097459865836,False,89.77586456770283,1.8551713171235593,False,False
1031.83,13519,t13519,300,1000.0,26,3,4,0.6429591219893444,False,309.6854705600857,2.904018420011486,False,False
1031.91,13520,t13520,300,1000.0,82,2,5,0.6306534809275952,False,268.98222135700127,3.1491586643769294,False,False
1032.15,13522,t13522,300,250.0,54,2,1,0.6401042384293845,False,64.2542094949439,3.278087597518985,False,False
1032.17,13523,t13523,220,700.0,68,6,8,0.6554692167081971,False,135.86300463923456,2.060005280843452,False,False
1032.19,13524,t13524,120,75.0,90,5,8,0.682915351739575,True,7.352362520813827,1.31116112429172,True,False
1032.29,13525,t13525,220,150.0,43,8,2,0.6257330793235087,True,26.74299545486285,2.0478427200409524,True,False
1032.37,13527,t13527,220,700.0,28,4,2,0.6505323657202146,False,172.66767423823663,2.062835692194045,False,False
1032.66,13529,t13529,120,75.0,97,1,8,0.627487345848768,True,9.284548417393482,1.31749818179077,True,False
1032.83,13531,t13531,300,250.0,93,9,8,0.6456188232417356,True,60.25779045856634,2.8387591844705384,True,False
1032.93,13533,t13533,80,50.0,95,9,6,0.650383885363257,True,4.37460430723399,0.8427036500938023,True,False
1032.93,13532,t13532,300,250.0,70,2,4,0.6315667613451441,True,60.46935859815072,2.83729920764952,True,False
1033.08,13534,t13534,300,1000.0,77,4,8,0.6511061599471358,False,261.7440887489397,3.0585576627550815,False,False
1033.13,13535,t13535,220,150.0,63,5,6,0.6311515216056555,False,32.88750166513702,2.034361633391373,True,False
1033.17,13537,t13537,220,150.0,30,0,10,0.6237594656771268,False,35.94290656593277,2.1335187873069557,False,False
1033.22,13538,t13538,300,250.0,35,3,6,0.639800019287923,False,69.43560837811434,2.7987199838165786,False,False
1033.25,13539,t13539,120,75.0,24,8,5,0.6312137913670318,True,10.461009602606843,1.136295754445618,True,False
1033.33,13540,t13540,80,50.0,80,6,8,0.651768014192215,True,3.9118941887175436,0.8101657344333296,True,False
1033.4,13541,t13541,220,150.0,43,0,6,0.6306773198562311,True,30.330176102324128,2.2035674551925566,True,False
1033.76,13543,t13543,270,200.0,88,9,10,0.6416851928544685,True,61.49014613152224,2.658814833815822,True,False
1033.81,13544,t13544,220,700.0,35,6,10,0.633218315636878,False,183.41783177863698,2.271174670527094,False,False
1033.99,13546,t13546,300,250.0,34,3,5,0.661246728191965,False,76.52871976484047,2.846090484966159,False,False
1034.36,13547,t13547,270,200.0,54,5,8,0.6848392265229654,True,44.81619908948459,2.874587620804458,True,False
1034.59,13548,t13548,120,75.0,45,7,6,0.652369826845458,True,9.697191346611984,1.125949942893188,True,False
1034.6,13549,t13549,120,75.0,44,10,2,0.6444611826866904,True,10.775695123496853,1.1421719071149603,True,False
1034.7,13551,t13551,220,150.0,51,2,5,0.6274485931272251,True,35.42045888330416,2.2011187350763652,True,False
1034.74,13553,t13553,220,150.0,78,5,8,0.6867246238106878,True,38.44701583408866,2.4060755158039826,True,False
1034.9,13554,t13554,170,500.0,97,1,8,0.6302400604702543,True,89.7535389414219,1.8345620548258676,True,False
1034.93,13555,t13555,270,200.0,57,7,6,0.6549046121267307,True,56.47217545862859,2.5275078467871115,True,False
1034.98,13556,t13556,300,250.0,85,9,8,0.6482886285950827,False,88.21446027121141,2.807285867857527,False,False
1035.01,13557,t13557,120,75.0,47,4,6,0.657805274625771,True,10.322312369475398,1.2636061251236759,True,False
1035.02,13558,t13558,120,75.0,45,1,2,0.6307225894698522,True,7.435929163048451,1.1819461606925843,True,False
1035.05,13559,t13559,300,1000.0,60,7,2,0.6215034985366129,False,332.15450605022613,3.222623894587263,False,False
1035.16,13560,t13560,300,1200.0,93,8,5,0.634171697357873,False,416.5665234409059,2.7021714270916926,False,False
1035.18,13561,t13561,170,100.0,50,6,1,0.6106406332927247,True,19.43243604281087,1.6746316287475358,True,False
1035.19,13562,t13562,220,150.0,27,8,5,0.6308964452288973,False,33.41878960545099,2.1821034863409303,False,False
1035.22,13563,t13563,80,50.0,34,3,5,0.6574299754463074,True,4.351809607646182,0.7636428693976132,True,False
1035.29,13564,t13564,170,700.0,93,0,6,0.633494440125773,False,125.34928244072523,1.5493626953084036,False,False
1035.39,13565,t13565,220,900.0,78,0,5,0.6357760953002328,False,199.96878045034336,2.2045895497117782,False,False
1035.46,13566,t13566,270,1000.0,78,6,8,0.6543148357265525,False,234.9818851146093,2.449520512580317,False,False
1035.47,13567,t13567,300,1000.0,73,5,8,0.6885723131526559,False,269.14006654878506,3.0136918116739673,False,False
1035.66,13571,t13571,300,1200.0,46,7,4,0.6209866233781307,False,371.6083033653824,3.2655396146469355,False,False
1035.73,13572,t13572,120,75.0,53,4,6,0.6602313509514374,True,7.71309709521749,1.1283365865129893,True,False
1035.79,13573,t13573,170,100.0,33,2,1,0.6367103354789786,True,16.29450150306622,1.5876297808155047,True,False
1035.91,13574,t13574,80,50.0,79,10,6,0.6281362177335186,True,4.166602098852888,0.7889562396349004,True,False
1035.93,13575,t13575,270,900.0,42,0,6,0.6300812179899243,False,265.48551127273305,2.7327192831377674,False,False
1036.02,13576,t13576,170,100.0,36,0,5,0.6323172400608948,True,17.693584138410905,1.8085458656827649,True,False
1036.03,13577,t13577,270,1000.0,91,6,1,0.6138584872935368,False,276.8156948605827,2.556275285109552,False,False
1036.1,13578,t13578,170,100.0,88,2,1,0.6395583105875808,True,14.60280814741045,1.8296704226413374,True,False
1036.12,13579,t13579,220,900.0,66,9,8,0.6447310378413629,False,206.96234348407037,2.2477404782657127,False,False
1036.13,13580,t13580,270,200.0,92,6,10,0.6298106159908071,True,61.1816653007813,2.461030745550845,True,False
1036.17,13582,t13582,220,150.0,43,2,4,0.6345176079364231,True,28.90159605787958,2.331102116336843,True,False
1036.2,13583,t13583,270,200.0,94,6,8,0.6506367208302032,True,47.75765133938084,2.5281399335658747,True,False
1036.28,13585,t13585,220,150.0,47,7,5,0.6201328377324488,True,36.08806135224617,2.355686235459449,True,False
1036.4,13586,t13586,270,200.0,88,9,8,0.6412445989027175,True,55.052724959805715,2.6202101528185135,True,False
1036.46,13587,t13587,300,250.0,95,0,6,0.6267362602967925,True,69.32355167814771,2.859755805038317,True,False
1036.76,13588,t13588,270,200.0,91,7,5,0.6233123627959816,True,47.97347088342363,2.4488886641339254,True,False
1036.83,13589,t13589,170,100.0,63,0,8,0.6224604146098762,True,18.280731441288214,1.7539970381663925,True,False
1036.85,13590,t13590,120,75.0,86,6,10,0.6326450703376577,False,9.060285495656993,1.1028084985221005,True,False
1037.13,13592,t13592,300,250.0,97,1,5,0.6412608020489153,True,64.0273473108775,3.2789797176786495,True,False
1037.13,13591,t13591,270,1000.0,98,6,8,0.653206168231781,False,267.1089286938169,2.7155913000087413,False,False
1037.14,13593,t13593,120,75.0,32,8,10,0.6363801760808191,True,7.569400843986539,1.1794091387370211,True,False
1037.21,13594,t13594,270,1000.0,93,10,2,0.6468744205714181,False,252.39488544846776,2.7693463540964585,False,False
1037.28,13596,t13596,300,1000.0,62,2,5,0.6304818030828624,False,285.9174978207626,3.077012051992545,False,False
1037.31,13597,t13597,80,50.0,27,4,8,0.6473407034148598,True,3.8960824147397,0.7430549892985756,True,False
1037.37,13598,t13598,270,200.0,27,6,10,0.6292488355975712,False,44.77822988775908,2.723964852055404,False,False
1037.4,13599,t13599,170,100.0,30,8,10,0.6392347543773845,False,13.74903572810224,1.7475382987787782,True,False
1037.56,13601,t13601,170,100.0,74,6,8,0.6495502266853271,False,14.562398451222881,1.658539756101063,True,False
1037.6,13602,t13602,270,1000.0,50,8,10,0.6358582411080187,False,315.93035794626024,2.7009650424017044,False,False
1037.61,13604,t13604,170,100.0,23,7,6,0.6573887017023778,True,18.989226377315422,1.6483662825279515,True,False
1037.61,13603,t13603,300,1200.0,41,6,10,0.6259205255522864,False,402.3010915502327,2.9710598047347387,False,False
1037.65,13605,t13605,170,100.0,92,8,5,0.6276866981425012,False,16.655198230543192,1.7162770772690257,True,False
1037.74,13606,t13606,220,150.0,63,8,5,0.6245411459978331,True,26.658943954425933,2.0323595670924175,True,False
1037.76,13607,t13607,80,50.0,63,4,8,0.6498245560132293,True,3.8324741945921685,0.8480974048863263,True,False
1037.78,13608,t13608,220,150.0,66,7,6,0.6598231094865121,True,31.230279102173327,2.0502122823186757,True,False
1037.79,13609,t13609,170,100.0,79,10,6,0.6310041600455149,True,17.10230927344239,1.7879929127550283,True,False
1037.84,13610,t13610,270,200.0,98,4,6,0.6626089057505905,True,59.30596919450285,2.7419087056828477,True,False
1037.97,13611,t13611,270,200.0,71,1,2,0.633690319498637,True,61.313702008931294,2.5775975585296176,True,False
1038.11,13613,t13613,120,75.0,78,2,4,0.6374094375958764,True,10.190068680945293,1.0922525198902036,True,False
1038.15,13614,t13614,220,700.0,96,2,4,0.6402434306621407,False,144.12909389368494,2.35125249854971,False,False
1038.39,13615,t13615,170,100.0,95,6,1,0.6108379842143327,True,18.498087809489935,1.5548409052835037,True,False
1038.51,13616,t13616,300,1000.0,77,7,10,0.6450929343875894,False,254.48212414915466,3.209858596580311,False,False
1038.56,13617,t13617,170,100.0,93,7,5,0.6264282973582438,True,19.72770726001812,1.5388283088521013,True,False
1038.76,13619,t13619,270,200.0,72,3,6,0.6364122007203463,True,64.50147847081546,2.4544613661688035,True,False
1038.76,13618,t13618,220,900.0,66,3,5,0.6598635577555632,False,208.99784116501795,2.080603226385035,False,False
1038.78,13620,t13620,220,150.0,82,9,6,0.6529583894741736,True,30.706915374234477,2.152235265709907,True,False
1038.9,13622,t13622,300,250.0,71,0,8,0.6253136678561404,False,89.94459022543744,2.8366282834485794,False,False
1039.16,13624,t13624,220,150.0,63,7,6,0.6622088291149636,False,35.47504300898375,2.335351100545361,True,False
1039.21,13625,t13625,270,200.0,71,8,2,0.6286490844037053,True,50.182493553366946,2.8055269988802736,True,False
1039.28,13626,t13626,220,150.0,44,6,10,0.6226587817079073,True,28.34529010861758,2.3232724199922923,True,False
1039.45,13627,t13627,80,50.0,80,1,2,0.6365986949268461,True,3.554100656610751,0.7366826597122835,True,False
1039.52,13629,t13629,120,75.0,70,1,8,0.6329377207993108,True,7.938351702727124,1.2788850173570474,True,False
1039.53,13630,t13630,120,75.0,62,0,8,0.621935856037479,True,9.791336823485695,1.1784363705947034,True,False
1039.56,13631,t13631,120,75.0,92,4,8,0.6522587315596313,True,10.713477906334433,1.2050700410327855,True,False
1039.72,13632,t13632,170,700.0,81,2,5,0.627280348839387,False,102.12671230143148,1.6578735441103538,False,False
1039.74,13633,t13633,300,250.0,44,10,6,0.6338147435112712,False,75.40562850639341,3.219558270430733,False,False
1039.83,13634,t13634,220,150.0,96,9,6,0.6554814035028721,True,29.045194671406264,2.215185521924592,True,False
1039.89,13635,t13635,170,100.0,81,6,10,0.6256362727404158,True,16.36007509192628,1.72619108456418,True,False
1039.95,13636,t13636,270,200.0,46,3,4,0.6395081213677393,False,51.03898576671078,2.500672580221179,False,False
1040.13,13638,t13638,170,500.0,23,6,1,0.6140518911967127,False,72.7861899043253,1.8506849039414226,False,False
1040.13,13639,t13639,170,100.0,82,4,8,0.6546442235951053,True,18.272843622211496,1.5359661597847367,True,False
1040.13,13637,t13637,80,50.0,87,10,8,0.666091661571994,True,3.288823317375777,0.8530158741840141,True,False
1040.2,13640,t13640,170,100.0,54,6,10,0.6285542139522742,True,16.745917216830865,1.7482819990560654,True,False
1040.45,13641,t13641,170,500.0,81,3,4,0.6361261407585662,True,74.90102289886858,1.767406413861194,True,False
1040.54,13642,t13642,80,50.0,49,6,8,0.6459674039698025,True,4.3878580194551065,0.8419004895769526,True,False
1040.55,13643,t13643,270,200.0,22,5,8,0.6842090487077845,False,49.300532249771585,2.9540090285516714,False,False
1040.57,13644,t13644,120,75.0,66,0,8,0.624799600455191,True,8.616526770051294,1.2195170176208856,True,False
1040.75,13646,t13646,270,900.0,89,0,5,0.6351015619263437,False,235.00128555193461,2.594024388821455,False,False
1040.85,13647,t13647,80,50.0,38,5,8,0.6799330495518107,True,4.1279958899206,0.7924368652400644,True,False
1040.86,13648,t13648,300,250.0,31,5,8,0.6819165703789563,False,67.02791581205734,2.7961302544302513,False,False
1040.87,13649,t13649,80,50.0,31,2,1,0.6423493261940111,True,4.373181978988981,0.7247744026274252,True,False
1041.01,13650,t13650,270,200.0,78,2,5,0.6241429236807811,True,64.5924901929837,2.488099877631654,True,False
1041.18,13651,t13651,170,100.0,37,2,1,0.6450845214883126,True,16.84681767302849,1.822920366860221,True,False
1041.31,13652,t13652,300,250.0,69,8,5,0.6276325048960582,False,80.9010867691932,3.1890605314109988,False,False
1041.37,13653,t13653,270,200.0,80,10,2,0.6430653936984512,True,57.03354893236242,2.896626669249392,True,False
1041.38,13654,t13654,220,150.0,29,1,2,0.6394489028464909,False,31.26769544164554,2.3704274521891464,False,False
1041.51,13655,t13655,300,250.0,78,3,5,0.6560744684186337,False,84.00398148030227,3.1867963695874417,False,False
1041.61,13656,t13656,270,200.0,97,10,6,0.6303951153077124,True,49.83940354294304,2.951058564216519,True,False
1041.76,13657,t13657,170,500.0,46,7,5,0.6294819132292607,False,76.87258332030792,1.7291324512404926,False,False
1041.84,13658,t13658,270,200.0,59,1,8,0.635581427921786,True,49.308194848643616,2.5147802184024357,True,False
1041.94,13660,t13660,270,200.0,23,0,8,0.6276060699845487,False,57.13547886829868,2.956779053082231,False,False
1042.01,13661,t13661,220,150.0,79,5,6,0.6279366729917241,True,38.61610930825586,2.3452302994663774,True,False
1042.17,13662,t13662,170,700.0,68,6,1,0.6110275200394452,False,132.1577424612976,1.6413084059524492,False,False
1042.32,13664,t13664,220,150.0,96,9,8,0.6440018887428449,True,33.67585803102187,2.1906040215123648,True,False
1042.38,13665,t13665,220,700.0,90,7,10,0.6415992575180195,False,124.70016912021306,2.2792507456343816,False,False
1042.55,13666,t13666,220,150.0,63,8,2,0.6315067693822979,True,29.50278191844907,2.2989385952869847,True,False
1042.57,13667,t13667,120,75.0,52,6,10,0.6314137963398954,True,9.313723521263537,1.2371805435054286,True,False
1042.68,13668,t13668,220,150.0,67,1,8,0.6381722609018119,True,38.556524933178196,2.187367074297233,True,False
1042.73,13669,t13669,120,75.0,36,6,10,0.6342161870797641,True,8.940858442872404,1.1283836128918285,True,False
1042.91,13670,t13670,170,100.0,90,9,10,0.6444336708155609,True,15.37879279985088,1.7910539571611885,True,False
1042.96,13671,t13671,300,250.0,37,0,8,0.6241824101233193,False,76.767862743128,3.0059919021968153,False,False
1042.98,13672,t13672,220,150.0,87,10,6,0.633217879668225,True,34.1894232690095,2.2806196077016705,True,False
1043.05,13673,t13673,270,1000.0,20,10,6,0.6359841887415271,False,220.5228571136735,2.4932159453968525,False,False
1043.13,13674,t13674,80,50.0,33,9,6,0.6579539572509964,True,4.740856356908889,0.8368194284943956,True,False
1043.17,13675,t13675,170,700.0,66,4,2,0.646929900223992,False,109.32231392549245,1.8454434382468148,False,False
1043.24,13676,t13676,220,900.0,72,7,10,0.638175454185841,False,180.25874993926485,2.2002336273676493,False,False
1043.29,13677,t13677,80,50.0,46,9,6,0.6603770599241583,True,3.5623321409166038,0.8411458195099174,True,False
1043.31,13678,t13678,120,75.0,65,8,10,0.6325492581040402,True,7.308897356359403,1.0911919576197429,True,False
1043.41,13680,t13680,170,100.0,49,3,4,0.6389857997615768,True,16.38591828744566,1.58981808155643,True,False
1043.44,13681,t13681,120,75.0,50,6,1,0.6080636363053229,True,7.9224410163930425,1.267974717887705,True,False
1044.24,13684,t13684,170,100.0,20,8,2,0.6343073006613186,True,19.902940681493217,1.6932403984645914,True,False
1044.45,13685,t13685,300,250.0,67,9,10,0.6471271792174315,False,68.64604543773203,3.0496546076310596,False,False
1044.53,13686,t13686,120,75.0,82,5,8,0.677686420789559,True,7.59438425267055,1.18938142383478,True,False
1044.66,13687,t13687,270,1000.0,62,2,1,0.6477650128767282,False,235.9217842010775,2.5943185986605646,False,False
1044.82,13689,t13689,170,100.0,80,2,4,0.6368467438670797,True,19.024601293386212,1.8383036857247692,True,False
1044.85,13690,t13690,120,75.0,31,4,8,0.6569820057898699,True,9.334106899922382,1.154040320005779,True,False
1044.9,13691,t13691,300,1200.0,48,10,8,0.6683520101587358,False,339.13879076702267,2.7408043195041234,False,False
1045.05,13692,t13692,270,200.0,49,2,4,0.6396919908079199,False,57.85378878582722,2.8583501981430532,False,False
1045.09,13693,t13693,270,200.0,64,10,6,0.6325211716333632,True,51.73789802408633,2.570960863791444,True,False
1045.26,13694,t13694,270,200.0,44,0,6,0.6296322017575233,False,45.420726457153904,2.571663497359743,False,False
1045.37,13697,t13697,120,75.0,56,3,5,0.6523611608684429,True,7.463402319681336,1.1551777032121195,True,False
1045.41,13698,t13698,170,100.0,64,7,10,0.6348201269203059,True,18.518495300754097,1.5325364498551401,True,False
1045.44,13699,t13699,120,75.0,38,1,5,0.6438662526746037,False,8.039405149176527,1.1527548706863737,True,False
1045.45,13700,t13700,220,700.0,76,8,2,0.6370518213147588,False,156.59549340768928,2.2758047031693738,False,False
1045.47,13701,t13701,170,500.0,23,4,2,0.643399484037694,False,77.20286180569346,1.7415257690674661,False,False
1045.48,13702,t13702,80,50.0,42,10,2,0.6455065473629438,True,3.9977902924647837,0.790357214364545,True,False
1045.74,13705,t13705,80,50.0,88,8,2,0.6335674515551303,True,4.397965373168653,0.8526584949027382,True,False
1045.8,13706,t13706,270,200.0,80,3,4,0.6417882655845271,True,48.05848657235557,2.9387726031547086,True,False
1045.81,13707,t13707,170,700.0,65,9,8,0.6467040327861698,False,95.89066600546303,1.6510298729842683,False,False
1045.83,13708,t13708,170,500.0,97,5,4,0.6454183677787667,False,100.83878590789223,1.8207280414987828,False,False
1045.88,13709,t13709,220,150.0,40,2,1,0.6442178944373754,True,34.88558037508285,2.409852023671014,True,False
1045.91,13710,t13710,80,50.0,71,4,8,0.6592730323407391,True,4.7166198237412855,0.7607697878914207,True,False
1046.0,13712,t13712,220,900.0,63,9,6,0.6627517005438569,False,184.7335786382284,2.1867062214783584,False,False
1046.17,13713,t13713,170,100.0,33,8,5,0.6244880366163189,True,19.295804586608735,1.8042975314860064,True,False
1046.23,13714,t13714,270,200.0,49,9,8,0.6431781339486282,False,57.94266510829745,2.699499595315405,False,False
1046.31,13715,t13715,270,200.0,83,4,2,0.6399396761751219,True,61.50480121589853,2.5674406560799192,True,False
1046.45,13717,t13717,220,150.0,72,10,2,0.6478988779541464,True,38.47434043540555,2.07159779088412,True,False
1046.47,13718,t13718,300,250.0,20,0,6,0.6262962243890395,False,64.48438135016393,2.7596318577016294,False,False
1046.52,13720,t13720,220,150.0,62,7,10,0.6377059062000816,True,38.379059592976695,2.1597884413677755,True,False
1046.52,13719,t13719,300,1200.0,29,0,6,0.6230269665679254,False,402.7463171719701,3.066814367070215,False,False
1046.77,13722,t13722,170,100.0,38,7,10,0.6405339698942618,True,13.648366188447275,1.680469706350659,True,False
1046.84,13723,t13723,300,1000.0,84,3,6,0.6392661385241213,False,244.81133708392326,2.873075042583136,False,False
1046.95,13724,t13724,300,250.0,75,6,8,0.6486302377085882,True,71.2766146659941,3.1901331073556394,True,False
1046.97,13725,t13725,300,250.0,37,3,6,0.6358889975718206,False,79.4394824108679,2.8263748307460688,False,False
1047.02,13726,t13726,170,100.0,84,10,8,0.664393151773743,True,15.941733366221552,1.8605707445250392,True,False
1047.04,13727,t13727,170,100.0,26,6,10,0.6369625300048355,False,20.114483727579618,1.6767496190102587,True,False
1047.05,13730,t13730,80,50.0,70,10,6,0.6353014148673626,True,4.512629453091965,0.8564790989789925,True,False
1047.05,13729,t13729,170,100.0,83,8,5,0.6275804577021743,True,16.24824629288527,1.843802038617253,True,False
1047.05,13728,t13728,220,150.0,95,1,8,0.6407112772222372,True,35.562707558469654,2.2532391072852844,True,False
1047.29,13731,t13731,270,200.0,78,10,8,0.66668747055645,True,54.39294548183452,2.705099320058126,True,False
1047.34,13733,t13733,270,200.0,30,0,4,0.6214536691166218,False,45.73731180776585,2.9308989957567695,False,False
1047.41,13734,t13734,270,900.0,89,2,5,0.6272422470253473,False,243.2793597874987,2.7903736055922623,False,False
1047.56,13735,t13735,220,150.0,49,2,5,0.6241055839030222,True,36.88996493666034,2.2036187648892507,True,False
1047.72,13736,t13736,170,100.0,28,10,6,0.638026053236682,True,14.571335171027968,1.5424876312351576,True,False
1047.78,13737,t13737,80,50.0,89,3,5,0.6548961194692559,True,3.253969594816554,0.8511327455254545,True,False
1047.86,13738,t13738,300,1000.0,42,9,6,0.6589048483511616,False,249.10747693900706,2.824505348890757,False,False
1047.92,13739,t13739,270,200.0,64,6,8,0.6512398147725983,True,43.372504345431764,2.583686162613611,True,False
1047.94,13740,t13740,170,700.0,63,4,6,0.6649389094537604,False,107.48357844370075,1.6156391182339682,False,False
1048.0,13741,t13741,120,75.0,92,2,1,0.6469157183668098,True,9.300303437198217,1.232593305824816,True,False
1048.06,13742,t13742,80,50.0,91,1,5,0.6402455942877784,True,3.350501155262002,0.7540007101234523,True,False
1048.08,13743,t13743,270,1000.0,52,7,10,0.6433054723145584,False,248.75046411703846,2.9527048299370815,False,False
1048.13,13744,t13744,220,700.0,40,6,1,0.6113330302458831,False,136.87001227635,2.396332957183894,False,False
1048.22,13745,t13745,270,200.0,59,0,1,0.6212963864631149,True,54.728579811508354,2.55389945143052,True,False
1048.34,13747,t13747,300,1000.0,54,1,5,0.6428713490686894,False,302.3844247833356,3.062940379750642,False,False
1048.37,13748,t13748,170,700.0,75,2,5,0.6272056540431435,False,105.32301313962877,1.6876053963344477,False,False
1048.4,13749,t13749,300,250.0,44,0,2,0.621126301493654,False,87.81117679847335,3.0179132282144927,False,False
1048.43,13750,t13750,300,250.0,78,8,2,0.6363267691906943,True,77.07931503548471,3.2882858490832065,True,False
1048.5,13751,t13751,80,50.0,22,9,10,0.6435928174512647,True,4.173181113060006,0.7548769784983502,True,False
1048.52,13752,t13752,270,900.0,90,0,8,0.6208272234593144,False,268.1845974674094,2.878609426432416,False,False
1048.54,13753,t13753,220,150.0,72,9,6,0.6551349332023203,True,28.23203755683042,2.113541914174982,True,False
1048.6,13754,t13754,300,250.0,84,6,10,0.6334799460714055,True,72.65569520342359,3.297957459523598,True,False
1048.78,13756,t13756,170,100.0,51,7,10,0.639847544686449,True,15.10159186639028,1.6756909541681067,True,False
1048.9,13757,t13757,270,900.0,40,8,5,0.6306110303663127,False,243.14028797021862,2.5932584703873727,False,False
1048.91,13758,t13758,80,50.0,55,6,1,0.6083630363076321,True,4.5157399335119255,0.7300750030108012,True,False
1048.94,13759,t13759,80,50.0,77,2,4,0.6363063328099433,True,4.634301343642849,0.8140360935007595,True,False
1048.94,13760,t13760,120,75.0,36,5,6,0.6309601213500714,True,10.088298542183892,1.2547198945198605,True,False
1049.01,13761,t13761,300,250.0,67,2,5,0.6240697227804625,False,76.3757534929704,3.2161636336655457,False,False
1049.06,13762,t13762,170,700.0,43,6,10,0.636241013816644,False,117.64302925182533,1.5743732968146065,False,False
1049.17,13763,t13763,170,500.0,48,4,8,0.661518238360591,False,90.32278921208432,1.868025683377952,False,False
1049.18,13764,t13764,170,100.0,88,5,4,0.6419181822413732,True,19.04286782676023,1.7832113961175875,True,False
1049.2,13765,t13765,300,250.0,87,1,2,0.6360681066077429,True,75.43867598848172,2.7195027957464855,True,False
1049.38,13767,t13767,300,250.0,33,9,10,0.6463031429204212,False,73.97325975903469,3.286059811686914,False,False
1049.45,13769,t13769,170,100.0,80,7,10,0.6426327756109018,True,13.622481405520347,1.814559379043936,True,False
1049.45,13768,t13768,170,100.0,20,1,2,0.63892892629377,True,16.98489543075553,1.7469240402153317,True,False
1049.48,13770,t13770,220,150.0,54,8,10,0.6354804547601411,False,29.53449541901666,2.1945314597091206,True,False
1049.51,13771,t13771,170,700.0,43,9,6,0.6576144163564556,False,126.40907036858475,1.6088989459069074,False,False
1049.89,13774,t13774,300,250.0,96,7,5,0.6263004567828573,True,81.68722586433312,2.846400788923068,True,False
1049.95,13775,t13775,300,250.0,45,3,5,0.6573803788980525,False,62.804107331971366,2.7248407517258566,False,False
1049.95,13776,t13776,270,1000.0,40,1,2,0.6417325295860764,False,305.7647041532652,2.7269804830472086,False,False
1049.99,13777,t13777,270,200.0,57,4,6,0.6610483130828672,False,59.12045646018379,2.882014082977383,False,False
1050.0,13778,t13778,80,50.0,93,6,8,0.6537972002953282,True,3.4472179951385744,0.8503512252321951,True,False
1050.2,13779,t13779,220,150.0,27,4,6,0.6572355286393915,True,26.587010912505065,2.130098352706586,True,False
1050.22,13780,t13780,270,200.0,24,2,4,0.6391623879719263,False,64.75620392150155,2.8754018344432053,False,False
1050.26,13781,t13781,300,1000.0,27,10,2,0.650243361933525,False,328.8376372944583,2.998050737332733,False,False
1050.33,13782,t13782,220,700.0,26,10,6,0.6406961988386151,False,179.5758122362786,2.305934402450081,False,False
1050.51,13783,t13783,220,150.0,98,6,8,0.6563034381076034,True,32.880586553067495,2.3784034690638736,True,False
1050.53,13784,t13784,300,250.0,73,6,10,0.6327728602069778,True,71.8866960998161,2.7064234159634784,True,False
1050.58,13785,t13785,170,700.0,41,2,1,0.6495595858176554,False,119.96425041636525,1.837016356722358,False,False
1050.58,13786,t13786,220,700.0,76,4,8,0.6575445402600458,False,160.67777939931716,2.1248114150291877,False,False
1050.7,13787,t13787,170,100.0,46,10,8,0.6689359029635028,True,15.799526984149054,1.731492570143425,True,False
1050.82,13788,t13788,170,100.0,37,4,8,0.6536503161215116,True,15.349338170092441,1.8122641865476483,True,False
1050.97,13789,t13789,80,50.0,89,10,8,0.6711393667224145,True,3.568377395457314,0.8529283542801744,True,False
1051.0,13790,t13790,270,900.0,48,2,5,0.620996510143035,False,260.09138980855613,2.5882294073893863,False,False
1051.1,13791,t13791,270,200.0,63,3,6,0.6325793994385661,True,47.069622297635476,2.8897709940726632,True,False
1051.18,13793,t13793,220,900.0,69,3,5,0.6536409531382733,False,221.46299638806047,2.047965696519095,False,False
1051.18,13792,t13792,120,75.0,55,2,1,0.6459765759194841,True,8.552400110656883,1.2813718970660737,True,False
1051.33,13794,t13794,170,100.0,92,4,8,0.6560079764657482,True,14.340558431594044,1.7112576794245782,True,False
1051.35,13795,t13795,170,700.0,94,1,8,0.643199513216254,False,123.67296767459207,1.7270287036405898,False,False
1051.48,13796,t13796,170,700.0,94,4,6,0.6596729998847856,False,104.90439587551381,1.787265143117113,False,False
1051.63,13797,t13797,270,200.0,38,10,6,0.6371389415285095,False,61.03623440905994,2.5835635808908077,False,False
1051.65,13798,t13798,220,150.0,80,1,2,0.6383060608125366,True,35.825717943762015,2.4136661202396734,True,False
1051.66,13799,t13799,120,75.0,87,9,8,0.6397227530878374,True,7.408363743032898,1.292319226555443,True,False
1051.73,13800,t13800,220,150.0,46,8,10,0.6321790274831202,True,34.52019012338275,2.391336866785636,True,False
1051.75,13801,t13801,170,100.0,90,2,1,0.6486392262192763,True,15.529771578984926,1.6687812648401756,True,False
1051.83,13802,t13802,80,50.0,52,6,10,0.635548069669505,True,4.649613880187728,0.7747919878114877,True,False
1051.96,13804,t13804,170,100.0,31,10,8,0.6732987612061481,True,14.54013591137326,1.8097310592256182,True,False
1052.0,13805,t13805,170,100.0,77,6,8,0.6587595511636332,True,19.956280728554955,1.5901962599682185,True,False
1052.06,13806,t13806,220,150.0,91,10,6,0.6336528293646059,True,35.932186455438156,2.110071205812387,True,False
1052.2,13809,t13809,80,50.0,75,1,8,0.6394639844903904,True,3.486177001387706,0.7375516677945085,True,False
1052.25,13810,t13810,80,50.0,76,9,10,0.6427852618801946,True,3.7928982893581624,0.8553879810897131,True,False
1052.32,13811,t13811,270,200.0,54,0,10,0.6203028477921557,True,53.64968428872864,2.6833778422113417,True,False
1052.35,13812,t13812,300,1000.0,60,7,6,0.6583728343508463,False,263.6463508994956,3.0022029004956368,False,False
1052.51,13813,t13813,170,700.0,44,10,2,0.6463669562333161,False,99.5776585421985,1.8409071831812012,False,False
1052.55,13815,t13815,170,700.0,76,4,6,0.6558877217052715,False,99.82844194612005,1.746193106129831,False,False
1052.63,13816,t13816,270,200.0,59,5,4,0.6446620004147275,True,48.65204264757641,2.5027949942814924,True,False
1052.64,13817,t13817,220,150.0,25,10,6,0.6364104394439805,False,26.535244984393774,2.401621138862549,False,False
1052.66,13818,t13818,170,100.0,70,7,5,0.629356629465382,True,14.840168128327974,1.8352110450896086,True,False
1052.72,13819,t13819,300,1000.0,30,5,4,0.6473509422246148,False,245.87773950778137,2.8367728198043793,False,False
1052.73,13820,t13820,220,700.0,32,7,6,0.6546135594820112,False,132.89135487339666,2.010051242521684,False,False
1052.97,13823,t13823,120,75.0,81,4,2,0.6427230644698013,True,9.529532632911053,1.1731644105970733,True,False
1053.05,13825,t13825,170,100.0,30,6,10,0.6382677749427815,False,14.041204549866485,1.811135793427993,True,False
1053.05,13824,t13824,270,200.0,74,4,2,0.6454507849985871,True,56.48070297560465,2.874838529798138,True,False
1053.21,13826,t13826,300,1200.0,31,7,10,0.6453623019168656,False,305.8937817509592,3.0300049146331762,False,False
1053.33,13827,t13827,220,900.0,94,5,4,0.6438121051983042,False,184.03452443161402,2.2503937023739002,False,False
1053.63,13829,t13829,270,200.0,89,7,6,0.6509294701105527,True,49.74247439978315,2.4433688801659876,True,False
1053.77,13830,t13830,300,250.0,30,2,5,0.6179847617583561,False,66.49652687888526,2.809684432401465,False,False
1053.79,13831,t13831,300,1000.0,42,3,6,0.6355099932679765,False,341.30305751782583,2.9731268092729746,False,False
1053.83,13832,t13832,120,75.0,60,7,6,0.6534930625265235,False,8.022959268261939,1.134884864024154,True,False
1053.85,13833,t13833,170,700.0,22,6,8,0.6611665419585423,False,106.12820828565441,1.7093219714665229,False,False
1053.92,13834,t13834,80,50.0,97,10,8,0.6754149678002069,True,4.179053345119581,0.8232636211962294,True,False
1053.97,13835,t13835,120,75.0,96,7,10,0.64186323769671,True,7.4757483878923825,1.2108719816197346,True,False
1054.11,13836,t13836,220,150.0,72,3,4,0.6445346820910184,True,39.02254370807405,2.2471222606384917,True,False
1054.19,13837,t13837,220,150.0,95,1,5,0.6392705887539823,True,39.01931220448416,2.2202683451906298,True,False
1054.48,13838,t13838,170,100.0,87,5,8,0.6797148741919495,True,17.761167986619515,1.5495735811027174,True,False
1054.5,13839,t13839,270,900.0,58,0,1,0.6244526405520344,False,276.5458440664686,2.587444352478392,False,False
1054.53,13840,t13840,170,100.0,95,7,5,0.6323516786942561,True,18.427443953198317,1.5503049014414467,True,False
1054.71,13841,t13841,270,1000.0,27,3,6,0.6322079752207989,False,314.3441361180438,2.9284274327084923,False,False
1054.93,13842,t13842,270,200.0,90,3,5,0.6499763158936896,True,60.80485107025345,2.957329441131766,True,False
1054.98,13844,t13844,220,150.0,75,0,10,0.623089362264884,True,32.35574821505722,1.9952757625320936,True,False
1055.03,13845,t13845,170,700.0,59,4,6,0.652178149089348,False,104.32667684101044,1.7924438990438916,False,False
1055.14,13847,t13847,170,500.0,34,4,6,0.6485427679257428,False,99.34095354611937,1.575069170854122,False,False
1055.36,13849,t13849,220,700.0,69,10,2,0.6425680786471113,False,146.08891928109077,2.3761814455165067,False,False
1055.41,13850,t13850,120,75.0,32,1,2,0.6411221214144677,True,10.01639705545934,1.163534839164853,True,False
1055.44,13851,t13851,80,50.0,43,7,6,0.6498313830941748,False,4.21258234286693,0.8019711352810863,True,False
1055.55,13853,t13853,300,250.0,25,5,4,0.6403440449125201,False,60.02406151382429,2.9731341431706415,False,False
1055.6,13855,t13855,270,1000.0,44,10,2,0.6388451786126306,False,245.15280737637482,2.4702473082192875,False,False
1055.6,13854,t13854,120,75.0,28,6,10,0.6347590861105925,True,10.079925019450176,1.1617835172220292,True,False
1055.61,13856,t13856,300,250.0,76,6,8,0.6573513929375533,False,86.41727836368386,2.865476328616457,False,False
1055.67,13857,t13857,300,1000.0,44,0,5,0.6316561973544834,False,296.19591621875753,2.9595107477799467,False,False
1055.7,13858,t13858,170,100.0,63,4,8,0.6583184836030997,True,17.435469601589865,1.832233770900685,True,False
1055.76,13859,t13859,220,150.0,94,8,10,0.6351176287516396,True,27.272803617869574,2.1711396115627655,True,False
1056.12,13861,t13861,270,1000.0,30,4,6,0.6449800943854098,False,323.46612413473844,2.496975441301247,False,False
1056.25,13862,t13862,120,75.0,43,5,8,0.6817027585262924,True,8.349442070636835,1.2696650108802443,True,False
1056.33,13864,t13864,120,75.0,66,2,4,0.6357873220306696,True,10.10535310405537,1.2775321684643492,True,False
1056.35,13865,t13865,80,50.0,86,10,2,0.6351967365788396,True,3.231356677109407,0.7653218729730547,True,False
1056.6,13866,t13866,80,50.0,73,8,2,0.6390309004735472,True,3.2685516100599705,0.7919941502696424,True,False
1056.61,13867,t13867,270,900.0,63,6,8,0.653612546896984,False,199.16369965140075,2.8139786289216118,False,False
1056.68,13868,t13868,300,1000.0,76,0,1,0.6213717695591756,False,349.03776677357945,3.2556467639983797,False,False
1056.88,13869,t13869,120,75.0,69,6,10,0.6374945710550474,True,8.029542505933685,1.1235614898589406,True,False
1056.98,13870,t13870,220,150.0,72,1,2,0.6438818608043602,True,29.899363584611187,2.1083921610970213,True,False
1056.99,13871,t13871,270,200.0,41,2,1,0.6512486235130724,False,59.455326845008514,2.5869500235064673,False,False
1057.02,13872,t13872,120,75.0,50,4,8,0.6605827805977045,True,7.888640303500698,1.1013857076713482,True,False
1057.14,13873,t13873,270,200.0,84,2,5,0.6150332483413709,True,45.635637053905754,2.713959115799479,True,False
1057.17,13875,t13875,220,150.0,69,6,10,0.6401753463006131,True,29.656791538942446,2.13115696505991,True,False
1057.17,13874,t13874,220,150.0,94,3,6,0.6289719975345647,True,31.60915553636339,2.3353402561652232,True,False
1057.21,13876,t13876,170,500.0,51,3,5,0.6525589713939975,False,80.24000355052826,1.7069963403943995,False,False
1057.41,13878,t13878,220,150.0,68,5,6,0.6339231007412519,True,27.979746022432863,2.4100003970568227,True,False
1057.47,13879,t13879,170,700.0,46,0,10,0.6258201464481576,False,116.77505538891344,1.657262527087245,False,False
1057.51,13880,t13880,170,100.0,50,5,6,0.6368268205446086,True,16.12122206101272,1.7408803775749553,True,False
1057.55,13881,t13881,270,200.0,79,8,10,0.6379974579947886,True,63.26718606395122,2.6080165201409575,True,False
1057.61,13882,t13882,80,50.0,49,1,2,0.6465864054064548,True,4.156164969244996,0.8102410796890217,True,False
1057.64,13883,t13883,220,150.0,62,10,8,0.6774888502623846,True,31.267978508640486,2.353712734798899,True,False
1057.69,13884,t13884,300,1000.0,75,2,1,0.6476318328609928,False,320.53860209688713,3.1538542550104594,False,False
1057.74,13885,t13885,300,250.0,90,5,4,0.6369453458324514,True,78.49870557170156,2.8806995905293165,True,False
1057.88,13886,t13886,270,200.0,69,8,5,0.6274069915771682,False,59.041161519997566,2.515513686688207,True,False
1058.09,13887,t13887,170,700.0,83,1,5,0.6419158436455693,False,96.80089502340675,1.7082774154040041,False,False
1058.12,13888,t13888,270,200.0,91,0,5,0.6282797400740604,True,49.11358561081665,2.7839980865601186,True,False
1058.37,13890,t13890,220,150.0,81,8,10,0.6408196906530746,True,28.616480813827298,2.209265339088379,True,False
1058.38,13891,t13891,300,1200.0,83,5,8,0.6836508851739483,False,403.74588033039186,2.952989791379227,False,False
1058.54,13892,t13892,270,1000.0,20,7,6,0.6462429372504731,False,298.71091355894777,2.8488489992943498,False,False
1058.68,13894,t13894,270,900.0,25,0,5,0.6311448119392459,False,236.80267232271643,2.5387301415586174,False,False
1058.72,13895,t13895,220,900.0,43,7,10,0.6446081547609578,False,217.63560491975733,2.285639897918,False,False
1058.84,13896,t13896,170,100.0,70,6,8,0.6499484777772261,True,19.134950167576452,1.6539624016879644,True,False
1058.96,13897,t13897,170,700.0,63,0,5,0.6277785823671277,False,116.93018001930594,1.847853623826566,False,False
1058.99,13898,t13898,170,700.0,94,5,4,0.6397886207339842,False,142.65841091456596,1.5359025251656842,False,False
1059.13,13899,t13899,300,250.0,20,7,5,0.6352868269385529,False,83.85622940556445,2.9371418571098404,False,False
1059.16,13900,t13900,120,75.0,54,2,4,0.638653757408238,True,8.755604954442884,1.1350206425413645,True,False
1059.19,13901,t13901,300,250.0,74,5,4,0.6364010301374864,True,70.20295663080513,3.2145231730179926,True,False
1059.24,13902,t13902,270,1000.0,49,4,2,0.6481239511167972,False,259.1941742592261,2.49149042244275,False,False
1059.45,13903,t13903,270,200.0,79,10,2,0.6377952633857242,True,59.450967645279505,2.720356217304144,True,False
1059.47,13905,t13905,120,75.0,82,8,5,0.6242670335638066,True,8.1724460147009,1.1406170336615369,True,False
1059.47,13904,t13904,170,100.0,27,4,6,0.6414886743158834,True,13.773595354615841,1.8057184931405719,True,False
1059.51,13907,t13907,220,700.0,76,9,8,0.6425104798442626,False,139.68011171443618,2.3032510302115554,False,False
1059.59,13908,t13908,170,100.0,55,0,10,0.6223223149477659,False,19.363650690537447,1.617694724081722,True,False
1059.67,13909,t13909,80,50.0,63,3,6,0.6319747394020552,True,3.6691824162063713,0.7240704286173946,True,False
1059.76,13910,t13910,220,150.0,22,6,8,0.6525316900398634,False,27.04132245007517,2.411101144452527,False,False
1060.07,13912,t13912,220,150.0,96,8,5,0.6273638747107123,True,27.5128368410875,2.0598288264289977,True,False
1060.08,13913,t13913,270,900.0,80,10,6,0.6329388973217674,False,284.5478389498859,2.5518524033286365,False,False
1060.09,13914,t13914,80,50.0,39,3,6,0.6349174264321958,True,4.206631469109598,0.8740886297781373,True,False
1060.14,13915,t13915,170,100.0,26,8,5,0.6303987790346799,True,13.617293812462892,1.7072173530185282,True,False
1060.25,13917,t13917,170,100.0,98,8,10,0.6435854786581949,False,15.069267413759658,1.7682740557386758,True,False
1060.27,13918,t13918,170,100.0,89,1,5,0.6383341934393246,True,19.753399087432072,1.6023315573349983,True,False
1060.58,13920,t13920,300,1200.0,64,1,8,0.6419771663390441,False,295.41379847402914,3.2589883228471055,False,False
1060.69,13924,t13924,300,250.0,41,7,10,0.6411241734839205,False,88.15246940027994,3.2706969765320335,False,False
1060.76,13925,t13925,270,200.0,43,0,5,0.6244796773864517,False,43.54214187157781,2.7701654308663994,False,False
1060.8,13926,t13926,270,1000.0,21,10,2,0.6403418196564712,False,231.2295046800112,2.7893845244121196,False,False
1060.86,13928,t13928,170,100.0,28,0,5,0.6212467505053894,True,15.572978450197922,1.6367228278279533,True,False
1060.97,13929,t13929,170,100.0,91,0,5,0.6242524821619483,True,15.644990891382914,1.704454379780113,True,False
1061.17,13930,t13930,170,100.0,77,10,6,0.6295367860419988,True,13.961732121770671,1.7853648859182296,True,False
1061.21,13932,t13932,270,1000.0,83,3,6,0.6378012597217338,False,291.4511613043442,2.703686827209358,False,False
1061.29,13933,t13933,220,150.0,26,6,1,0.6116264422481461,False,26.481103395582803,2.06047567390477,False,False
1061.31,13934,t13934,80,50.0,83,0,6,0.6198230939032335,True,3.5379761188608754,0.8217586885241833,True,False
1061.42,13935,t13935,300,250.0,44,2,5,0.6183147651927252,False,84.01994629767631,2.7667470390925324,False,False
1061.43,13936,t13936,270,200.0,89,0,10,0.6188944400773821,True,61.2194371530386,2.70181180256446,True,False
1061.44,13937,t13937,220,150.0,45,5,8,0.6793860492886512,False,32.25377353445398,2.2378739160632453,True,False
1061.47,13938,t13938,300,1200.0,29,3,5,0.6489159737842994,False,350.9097862536141,2.9430618148519896,False,False
1061.49,13939,t13939,270,200.0,68,9,8,0.6390684520655591,True,48.50401493213995,2.7200899202132507,True,False
1061.52,13940,t13940,270,200.0,46,8,5,0.6333729852721681,False,57.071951201479614,2.846529416340312,False,False
1061.53,13942,t13942,220,700.0,84,5,4,0.6392551913529184,False,134.58980765976312,2.287424399368142,False,False
1061.55,13943,t13943,220,150.0,48,6,1,0.6086505800698498,True,33.41517326803595,2.100731558474948,True,False
1061.61,13944,t13944,80,50.0,71,7,10,0.6377098718324238,True,4.739275677410679,0.7609743122939054,True,False
1061.67,13945,t13945,120,75.0,81,7,10,0.6405378562139572,False,9.41974409086523,1.2016468110013867,True,False
1061.91,13946,t13946,270,200.0,57,2,4,0.641462864078255,False,57.760235630301764,2.766892629964407,False,False
1061.94,13947,t13947,220,150.0,94,5,6,0.6396724659518983,False,36.23142184050873,2.2001301660367987,True,False
1061.96,13948,t13948,80,50.0,28,2,1,0.6440873780219548,True,3.4274483315708815,0.730324320919899,True,False
1062.12,13950,t13950,270,200.0,27,7,10,0.6371352809078599,False,44.3877771973235,2.7822839071841083,False,False
1062.23,13952,t13952,270,200.0,74,1,2,0.6492368591165075,False,49.882093776171935,2.461692422728895,True,False
1062.39,13953,t13953,170,500.0,74,3,4,0.6472261702673797,True,68.32784408099009,1.7692290078721093,True,False
1062.46,13954,t13954,80,50.0,52,0,5,0.627198099185376,True,3.633577146409363,0.7311922280451552,True,False
1062.47,13955,t13955,120,75.0,78,4,2,0.644569653912643,True,10.263906541500264,1.1393729865233122,True,False
1062.58,13956,t13956,120,75.0,88,2,1,0.6467878122796976,True,9.039258523787115,1.1845506986665155,True,False
1062.8,13957,t13957,270,1000.0,28,6,8,0.6488892380572481,False,247.5919561986549,2.9627358080964346,False,False
1062.81,13958,t13958,220,150.0,97,6,8,0.6453196351142848,True,28.96041991048747,2.107084137567987,True,False
1062.87,13959,t13959,80,50.0,95,6,10,0.6428025060412675,True,3.418954085078813,0.8420496741028523,True,False
1063.15,13960,t13960,300,250.0,44,8,2,0.6416809491307428,False,68.32742243994862,3.221135870967095,False,False
1063.33,13961,t13961,220,150.0,57,7,5,0.6319892722179636,True,27.86098124008008,2.0293640440744336,True,False
1063.36,13962,t13962,270,200.0,57,7,10,0.6338007571078844,True,43.89917087357961,2.8419052368608138,True,False
1063.47,13963,t13963,170,100.0,21,10,2,0.6366634448018034,True,14.89561639276519,1.7830201346976238,True,False
1063.65,13966,t13966,270,200.0,29,0,6,0.6228572986918356,False,62.919984029869966,2.704784991666815,False,False
1063.66,13967,t13967,300,250.0,60,7,5,0.6349316685917862,False,79.16012631901295,3.091100890224527,False,False
1063.67,13968,t13968,220,150.0,77,6,8,0.647995424230181,True,26.845156724632695,2.2388292458233208,True,False
1063.76,13972,t13972,170,100.0,65,9,6,0.6538703098475084,True,19.255427961894576,1.8235652273195104,True,False
1063.82,13973,t13973,300,250.0,60,9,8,0.6418692648424297,False,78.34164914357373,2.934736502782237,False,False
1063.86,13975,t13975,270,200.0,90,1,8,0.6382660845507249,True,62.35467605575098,2.8238720802979045,True,False
1063.89,13976,t13976,300,250.0,66,8,10,0.6401219509032129,True,63.653213747075796,3.1160872054605107,True,False
1063.99,13977,t13977,220,150.0,45,8,5,0.6301137073849066,True,28.714957345102125,2.254924180197148,True,False
1064.07,13979,t13979,80,50.0,53,2,4,0.6380417886148718,True,3.569849162177238,0.8098969786045969,True,False
1064.33,13981,t13981,300,250.0,45,8,10,0.6429016937033304,False,74.46797895788285,3.060303277526729,False,False
1064.5,13982,t13982,170,100.0,79,6,10,0.6453771225871088,True,14.121220667296896,1.7482795074241932,True,False
1064.56,13983,t13983,300,250.0,27,0,5,0.6300848038683351,False,79.77062014296072,3.0127988990848387,False,False
1064.64,13984,t13984,80,50.0,69,7,6,0.6427262603236454,True,3.9985681240891253,0.8769719663291231,True,False
1064.68,13985,t13985,220,700.0,99,2,4,0.6408631346607562,False,144.53386037464347,2.3989549324747816,False,False
1065.09,13988,t13988,220,900.0,52,10,8,0.6795212550753188,False,182.1836446773861,2.2765083821458942,False,False
1065.13,13989,t13989,220,150.0,49,9,10,0.6455117384607726,True,33.93026203049296,2.388010583471259,True,False
1065.26,13990,t13990,220,150.0,42,8,10,0.6394518416474456,True,38.67905788145523,2.1254274067024475,True,False
1065.32,13991,t13991,300,250.0,59,7,10,0.6367069237839086,False,69.70815063048957,2.7559747938343566,False,False
1065.49,13993,t13993,80,50.0,61,10,6,0.6323767169878255,True,4.03605869901872,0.7346303578139269,True,False
1065.58,13994,t13994,300,1200.0,85,7,6,0.6454539169353544,False,302.2917805409839,2.7398996158518623,False,False
1065.79,13995,t13995,120,75.0,51,10,8,0.6753390117919942,True,8.622763386451068,1.2104814550996401,True,False
1065.92,13996,t13996,220,700.0,61,5,8,0.6752065101210599,False,129.29571155562627,2.042642737301324,False,False
1065.93,13997,t13997,80,50.0,49,1,8,0.6408032243981718,True,3.405964813227315,0.8450284865275459,True,False
1065.96,13998,t13998,80,50.0,27,7,6,0.641953020414829,True,3.245612450966007,0.8789228162114956,True,False
1066.04,14000,t14000,120,75.0,23,3,5,0.6453458361267953,True,7.838018755490644,1.1420638129171732,True,False
1066.34,14001,t14001,300,250.0,30,2,1,0.6494342378522854,False,65.98964442929443,2.7425455721877876,False,False
1066.59,14004,t14004,270,200.0,74,8,10,0.6422449866326786,True,64.29848081367595,2.7644672877009677,True,False
1066.62,14005,t14005,80,50.0,45,4,6,0.6442410826477476,True,4.652977759519472,0.8314109526110116,True,False
1066.65,14006,t14006,300,250.0,39,1,2,0.6456603037523592,False,67.15035593951328,3.058245549624739,False,False
1066.68,14007,t14007,270,200.0,53,10,6,0.6351598493147357,False,60.06358284348367,2.79410043618778,False,False
1066.76,14008,t14008,270,200.0,40,4,2,0.647260442652572,False,45.648253626897564,2.513243821178404,False,False
1066.8,14009,t14009,220,150.0,75,6,10,0.6479002468020333,True,32.55752542222701,2.1156067057299905,True,False
1067.08,14011,t14011,80,50.0,85,10,6,0.6317133189951076,True,3.96155807914916,0.7507142857246122,True,False
1067.29,14013,t14013,270,200.0,98,8,10,0.6449822687182067,True,57.64900026149763,2.850203937495906,True,False
1067.37,14015,t14015,300,1200.0,96,5,8,0.6711105617368206,False,385.95944296094814,3.183653983836758,False,False
1067.37,14014,t14014,220,150.0,78,8,2,0.6381039968147947,True,27.30637509443929,2.2033689800784826,True,False
1067.54,14016,t14016,270,200.0,65,3,6,0.634453416345481,True,56.91075553651503,2.920687296804526,True,False
1067.58,14017,t14017,220,150.0,65,1,2,0.6421552794954938,True,37.49209679878327,2.247607507546454,True,False
1067.63,14018,t14018,80,50.0,34,2,5,0.6153566517070526,True,3.453003501587014,0.7700720112612692,True,False
1067.84,14019,t14019,170,100.0,36,5,8,0.667096532320266,True,13.653239435972086,1.8460480608001506,True,False
1068.08,14020,t14020,220,150.0,44,10,8,0.6774144133743362,True,33.141042386530785,2.019491407118363,True,False
1068.27,14021,t14021,220,150.0,22,6,10,0.6503729085326593,False,35.403044337392586,2.1214362739815122,False,False
1068.29,14022,t14022,80,50.0,92,3,6,0.6373465298367532,True,3.599376968730759,0.7319079037395104,True,False
1068.77,14024,t14024,270,1000.0,47,2,1,0.6458537349134216,False,323.22437360150224,2.786684424260708,False,False
1068.92,14025,t14025,220,150.0,87,4,6,0.6469384428129744,True,30.566974301816064,2.2060656920412764,True,False
1068.97,14026,t14026,170,100.0,93,8,10,0.6476648051620245,True,17.143876780284884,1.8425017766587906,True,False
1069.07,14027,t14027,170,100.0,76,5,6,0.6362871984510421,True,14.823925041167902,1.5431477572537335,True,False
1069.07,14028,t14028,170,700.0,46,10,2,0.6392326374442288,False,126.33775829724868,1.620680361772549,False,False
1069.21,14029,t14029,170,100.0,35,10,2,0.6355764462338058,True,18.18136709736089,1.869152980037217,True,False
1069.23,14030,t14030,80,50.0,83,7,5,0.6316412170381323,False,4.153974881372877,0.7502675168414538,True,False
1069.24,14031,t14031,220,700.0,77,7,10,0.6333809671264122,False,178.73740064203278,2.151599640698236,False,False
1069.26,14032,t14032,170,100.0,71,5,6,0.6391436363002031,True,18.59876114609225,1.7375933549971005,True,False
1069.38,14033,t14033,300,250.0,39,9,10,0.6481836855097389,False,84.6119351176399,2.7513428485339877,False,False
1069.43,14035,t14035,80,50.0,71,0,10,0.6217091227044058,True,3.7763885087297284,0.8201065230309533,True,False
1069.54,14036,t14036,120,75.0,55,1,8,0.6432896214486699,True,8.599304250676283,1.1522096488513793,True,False
1069.56,14037,t14037,120,75.0,72,7,10,0.6301215296020658,True,7.278187728324703,1.191009816695615,True,False
1069.62,14038,t14038,170,100.0,81,5,8,0.6693367834920425,True,15.174296610185074,1.57615028152884,True,False
1069.67,14040,t14040,170,500.0,55,1,5,0.6409981762372048,False,86.58414419538269,1.5384413164707886,False,False
1069.69,14041,t14041,270,200.0,92,9,10,0.6446281936177259,True,62.93300783106849,2.7513205604592597,True,False
1069.7,14042,t14042,270,900.0,55,1,8,0.645726290558158,False,213.1779944486252,2.7789671061124284,False,False
1069.84,14043,t14043,220,900.0,29,3,5,0.6480211012224412,False,167.18862078718786,2.051994887450494,False,False
1069.86,14044,t14044,270,1000.0,81,3,4,0.649863828680214,False,323.62480863172027,2.9661067953207656,False,False
1070.03,14045,t14045,170,100.0,40,1,5,0.6374348793791274,True,18.434512159740446,1.8092702375172034,True,False
1070.05,14046,t14046,300,250.0,23,0,5,0.6267397744576351,False,71.31211929311185,3.291455927543319,False,False
1070.08,14047,t14047,170,700.0,44,1,8,0.6419402262854565,False,97.86328849691516,1.5890148196649514,False,False
1070.19,14048,t14048,170,500.0,86,9,8,0.638440061363763,False,100.95748824270356,1.7315374842591589,False,False
1070.42,14049,t14049,170,100.0,85,2,5,0.6186317004910933,True,15.931348793719168,1.7174963965903283,True,False
1070.49,14050,t14050,80,50.0,38,1,5,0.6401168484582115,True,4.299009962304851,0.7401439139705931,True,False
1070.5,14051,t14051,270,200.0,32,10,2,0.6381673788475912,False,52.17837432830871,2.9450654400215726,False,False
1070.72,14052,t14052,170,500.0,52,10,8,0.6794483069250312,False,100.25487781172063,1.6552915749277335,False,False
1070.94,14053,t14053,120,75.0,53,8,5,0.6330936150553903,True,10.0415875396867,1.207220261863642,True,False
1071.16,14055,t14055,170,100.0,55,3,6,0.6401817810581999,True,16.863395272279597,1.53481616417803,True,False
1071.35,14057,t14057,170,100.0,79,3,4,0.6462747339247915,True,18.877429478159193,1.7806817525289786,True,False
1071.41,14058,t14058,300,1000.0,73,2,1,0.642344842033335,False,343.13437508231704,3.0621901466073203,False,False
1071.42,14059,t14059,300,250.0,43,3,6,0.6429603272552178,False,86.050547552279,3.146609974172067,False,False
1071.92,14062,t14062,270,1000.0,44,5,4,0.6358782693440419,False,240.61826992230445,2.9616581615588427,False,False
1072.05,14063,t14063,80,50.0,61,5,8,0.6715322296403835,True,3.470250469512113,0.8597205755542563,True,False
1072.07,14064,t14064,270,200.0,33,9,10,0.6473178115635533,False,54.29717112562457,2.6169618605153677,False,False
1072.08,14065,t14065,170,100.0,91,0,10,0.6244675116788891,True,14.759943956307318,1.8477801492246704,True,False
1072.13,14066,t14066,120,75.0,98,10,6,0.6345097192818722,True,7.802798804323567,1.1318070334362722,True,False
1072.17,14067,t14067,220,900.0,74,0,5,0.623461645635149,False,215.76081408478612,2.4011254716744155,False,False
1072.26,14068,t14068,300,1000.0,86,6,10,0.6466221170286727,False,297.5985267450512,2.9133250296683846,False,False
1072.53,14070,t14070,300,1000.0,93,0,10,0.6271707328738828,False,350.30171980097344,2.936627331002402,False,False
1072.84,14072,t14072,220,150.0,32,3,5,0.6444688610161743,False,36.53437051731239,2.0138813296122544,False,False
1072.94,14073,t14073,170,100.0,38,4,2,0.6437234156177024,False,20.245367148839186,1.6963442638993904,True,False
1073.16,14074,t14074,120,75.0,67,0,5,0.6202490793891127,True,7.917715506050362,1.0801319748464817,True,False
1073.27,14076,t14076,270,200.0,43,6,8,0.6506176975637592,False,46.87113346872519,2.782609695760931,False,False
1073.54,14078,t14078,120,75.0,94,9,6,0.65637508546874,True,9.478945724040734,1.290038141854661,True,False
1073.56,14080,t14080,80,50.0,87,8,2,0.6407725835451655,True,3.219241124938022,0.8384858669836481,True,False
1073.6,14081,t14081,220,150.0,31,2,1,0.63890612701085,False,35.650488347057966,2.068209563300755,False,False
1073.66,14082,t14082,300,1200.0,35,4,6,0.6495818557748968,False,288.9335234878617,3.1009178595313376,False,False
1073.79,14083,t14083,220,150.0,91,3,4,0.6489314210644775,True,27.583557929474146,2.0024387192534596,True,False
1073.84,14084,t14084,120,75.0,91,0,5,0.6232747644679971,False,9.70335970239243,1.222937218628375,True,False
1073.94,14085,t14085,170,100.0,61,8,10,0.6502936908769658,True,14.134532491644256,1.8346078870304852,True,False
1074.09,14087,t14087,170,500.0,96,1,5,0.6427451781557139,True,72.31081919140547,1.69839339726487,True,False
1074.1,14088,t14088,120,75.0,91,1,2,0.6448943557237657,False,9.910044972441547,1.229330691331272,True,False
1074.32,14091,t14091,120,75.0,47,1,2,0.6414046504274723,True,8.28361633136914,1.231120114167539,True,False
1074.61,14093,t14093,120,75.0,81,7,5,0.6284165745155514,True,9.281153420167131,1.134793533160505,True,False
1074.83,14094,t14094,120,75.0,28,3,5,0.6409876656140326,True,10.594043721703901,1.2876952309687115,True,False
1074.85,14095,t14095,270,200.0,71,8,10,0.6528699988776082,True,54.71692667949495,2.4942031533383657,True,False
1075.01,14096,t14096,270,200.0,30,4,6,0.6459984004775806,False,59.431089059685874,2.9058904069300016,False,False
1075.16,14097,t14097,300,250.0,20,2,1,0.6355361862888148,False,60.13943380765863,2.8813820881798904,False,False
1075.25,14099,t14099,220,900.0,64,6,10,0.6429463413547659,False,195.3736948630062,2.098647980253483,False,False
1075.41,14100,t14100,120,75.0,37,9,10,0.6437796371504639,True,9.211826846708417,1.2543388159865898,True,False
1075.45,14101,t14101,170,700.0,25,3,4,0.6515349744613698,False,120.60640848131115,1.6972615783858613,False,False
1075.82,14102,t14102,300,250.0,78,2,1,0.6322336443812203,False,87.20273891833645,3.2367253193096794,False,False
1075.94,14103,t14103,300,250.0,54,5,6,0.6419429453923808,False,74.51517256226215,2.808386825152215,False,False
1076.02,14104,t14104,120,75.0,82,9,8,0.6350794419546696,True,9.846518191553377,1.265209349896403,True,False
1076.08,14105,t14105,300,1000.0,41,10,8,0.6752675226047123,False,257.09311260905474,2.810921277914971,False,False
1076.12,14106,t14106,220,150.0,51,8,10,0.655394780718238,True,35.56035308687538,2.096589060888035,True,False
1076.3,14107,t14107,120,75.0,39,8,10,0.6578690669220549,False,10.096618515401103,1.1736350778802729,True,False
1076.32,14108,t14108,270,200.0,88,3,5,0.6437500941199338,True,59.83405825934967,2.452328521761,True,False
1076.35,14109,t14109,170,100.0,45,7,10,0.6331012808282063,True,19.13485390952956,1.8424890332117903,True,False
1076.37,14110,t14110,300,1000.0,50,7,10,0.6360214370298239,False,337.554807989293,3.297706825995724,False,False
1076.41,14111,t14111,300,1200.0,21,10,6,0.6372501915629013,False,355.91776791799987,2.7109971008568183,False,False
1076.57,14112,t14112,220,150.0,68,2,1,0.6289971533117777,True,30.044461016618914,2.2665714986259524,True,False
1076.59,14113,t14113,120,75.0,47,8,5,0.6360139245724643,True,7.99569967923767,1.23973963944625,True,False
1076.7,14114,t14114,300,250.0,93,4,8,0.662801791652417,True,61.72121953485054,2.7768858953280477,True,False
1076.81,14115,t14115,220,150.0,71,4,6,0.6424866142862109,True,32.59480211341716,2.3861026807865775,True,False
1076.9,14116,t14116,300,250.0,22,8,10,0.6541198674017957,False,83.82228289768149,3.2218518541138828,False,False
1077.0,14117,t14117,80,50.0,98,3,6,0.6395093025282953,True,4.76781880512643,0.8080235945537763,True,False
1077.02,14118,t14118,300,1000.0,47,4,8,0.6649764224860354,False,344.9146074747727,2.796904351025047,False,False
1077.03,14119,t14119,300,1000.0,71,1,8,0.638229883298209,False,257.2834156495208,2.782989709640232,False,False
1077.15,14121,t14121,120,75.0,68,3,6,0.6423012982959112,True,9.840842578420558,1.2378393878436955,True,False
1077.25,14125,t14125,300,250.0,48,0,6,0.6196568193846655,False,78.90517147796386,2.8091779899716736,False,False
1077.28,14126,t14126,80,50.0,33,5,8,0.6736837668657576,True,3.512361351089961,0.7597143479394668,True,False
1077.4,14127,t14127,170,700.0,63,2,1,0.631999392063724,False,117.67929649779855,1.6855861987709944,False,False
1077.46,14128,t14128,80,50.0,75,0,5,0.6200659358453038,False,4.215836435571495,0.8019721507341786,True,False
1077.47,14129,t14129,170,100.0,33,7,6,0.6446961418247144,True,14.101729523340873,1.8098699279247201,True,False
1077.48,14130,t14130,220,900.0,89,5,4,0.6325688857753429,False,170.15889518812529,2.412968227288191,False,False
1077.53,14131,t14131,170,100.0,50,7,10,0.6327091901074093,True,18.802628652697752,1.6441748590250038,True,False
1077.55,14132,t14132,220,150.0,58,3,4,0.6479124567903242,True,37.86240279712216,2.2231926816129066,True,False
1077.79,14133,t14133,80,50.0,69,3,4,0.6505363894726995,True,4.546389250390305,0.8494340837651031,True,False
1077.86,14134,t14134,270,200.0,54,1,8,0.6345937471707062,False,62.293564495496575,2.521306986880745,False,False
1078.37,14136,t14136,80,50.0,62,0,10,0.6236458896449766,True,4.415904810936047,0.7713206206621429,True,False
1078.58,14137,t14137,220,150.0,42,6,10,0.6393440811943373,True,26.66791883684994,2.0367991478248197,True,False
1078.62,14138,t14138,270,900.0,98,6,10,0.6419878662371171,False,291.50776854754565,2.953283503625262,False,False
1078.62,14139,t14139,220,700.0,42,1,2,0.6441587392371046,False,138.68027244694247,2.101163033929735,False,False
1078.72,14140,t14140,220,150.0,93,1,2,0.6406837462705444,True,39.0950383172626,2.2393995060421634,True,False
1078.79,14141,t14141,170,100.0,75,10,2,0.634532492809101,True,15.413120336976453,1.7632690425129838,True,False
1078.8,14142,t14142,300,250.0,76,8,10,0.6504456518719416,True,67.6612167193552,3.0007330695773184,True,False
1078.8,14143,t14143,120,75.0,56,7,6,0.6473844008064019,True,10.575799087045503,1.111382455616059,True,False
1078.89,14144,t14144,270,200.0,94,4,6,0.6452190638186684,True,57.97137235891009,2.847514880259441,True,False
1079.08,14145,t14145,300,250.0,36,3,6,0.6450374541481748,False,81.40806942346396,3.1602238789709243,False,False
1079.27,14147,t14147,300,250.0,49,4,2,0.6402571291235302,False,82.98878163463121,2.8232568763154777,False,False
1079.31,14148,t14148,270,900.0,44,2,1,0.6287675860406313,False,198.92470584345386,2.878386614328944,False,False
1079.35,14149,t14149,170,100.0,44,9,6,0.658829765577547,True,19.470390570140584,1.803245472288175,True,False
1079.68,14153,t14153,170,500.0,93,4,2,0.6368601683592413,False,97.25576488432013,1.8441178867113441,False,False
1079.72,14154,t14154,300,250.0,31,6,10,0.6384047755790415,False,64.79858498054593,2.7504462416929734,False,False
1079.77,14155,t14155,170,100.0,28,10,8,0.6711703539707999,True,15.800945040222759,1.81401730944645,True,False
1079.78,14156,t14156,270,200.0,91,8,5,0.6388758278991968,True,62.54057255812195,2.657933361021248,True,False
1079.8,14158,t14158,220,150.0,21,0,4,0.618281262400956,False,28.588623546231968,2.2909205101226084,False,False
1079.8,14157,t14157,270,900.0,53,9,10,0.6464862262256366,False,256.29422777985604,2.854243119671813,False,False
1079.82,14159,t14159,300,1200.0,89,5,4,0.6293256898780178,False,407.67540403336335,2.9160063771238187,False,False
1079.9,14160,t14160,80,50.0,52,7,10,0.6356371881234429,True,3.233904930077618,0.7324357264592626,True,False
1079.91,14161,t14161,300,1000.0,45,2,4,0.6374540537857228,False,257.76876949204626,3.238126193752403,False,False
1079.94,14162,t14162,300,1200.0,61,3,4,0.6531078435014274,False,410.3970420601785,3.1478910348876177,False,False
1079.96,14163,t14163,170,500.0,66,4,2,0.6335311468102384,False,100.98391300419728,1.6025557048907642,False,False
1079.98,14164,t14164,300,250.0,30,2,5,0.6218412482994532,False,83.52572415934242,3.0885309671296555,False,False
1080.05,14165,t14165,300,1000.0,52,8,2,0.6433877985409288,False,330.2002648310389,3.0827780024579727,False,False
1080.08,14166,t14166,170,700.0,59,6,8,0.6470135254306658,False,100.20901838673383,1.5957690097639694,False,False
1080.13,14167,t14167,270,200.0,75,1,5,0.6453209412592663,True,45.91879725941726,2.961224455299197,True,False
1080.16,14168,t14168,220,150.0,77,8,5,0.6416804931593948,True,26.656285804819827,2.370108832402358,True,False
1080.17,14169,t14169,80,50.0,68,10,6,0.63376185439831,True,4.075536001674265,0.8784799531781188,True,False
1080.28,14171,t14171,120,75.0,44,1,5,0.6478451891007476,True,7.900036039538765,1.2168779165801675,True,False
1080.38,14173,t14173,270,200.0,55,5,6,0.638512268302715,False,57.82685745579911,2.596300679347695,False,False
1080.4,14174,t14174,120,75.0,83,4,2,0.6302687056922154,True,9.61484485415897,1.0950343602039,True,False
1080.45,14175,t14175,300,250.0,88,0,2,0.6181119572819627,True,62.223487848520065,3.1416817601640004,True,False
1080.57,14176,t14176,270,200.0,31,8,5,0.6444290651143886,False,59.32627701541086,2.5184517153879047,False,False
1080.72,14178,t14178,220,150.0,71,3,5,0.646457274055717,True,34.88785795399779,2.2275472792962425,True,False
1080.76,14179,t14179,120,75.0,31,10,6,0.6365172839770105,True,8.32216871688529,1.2028260030538722,True,False
1081.11,14180,t14180,120,75.0,94,2,4,0.6341131545281903,True,10.32630029751812,1.2637938050603752,True,False
1081.19,14181,t14181,80,50.0,20,0,10,0.6263655432806485,True,3.463463533899472,0.804479204750222,True,False
1081.54,14182,t14182,220,150.0,88,8,2,0.6397767092367769,True,28.77851906311661,2.224345658074085,True,False
1081.73,14184,t14184,120,75.0,23,5,4,0.6261473578986393,True,10.43012407233529,1.211462542864958,True,False
1081.95,14186,t14186,300,1000.0,80,3,4,0.6494538684495806,False,345.8761017395898,2.962399544456325,False,False
1082.02,14187,t14187,300,1200.0,70,8,10,0.6530189206526846,False,386.11042735085204,2.740776779166535,False,False
1082.06,14188,t14188,300,250.0,64,1,2,0.6434522531633152,False,84.94422227435602,2.9687280114351666,False,False
1082.08,14189,t14189,270,1000.0,28,1,2,0.6399913899182308,False,236.13812389211984,2.768476963796345,False,False
1082.1,14190,t14190,170,100.0,60,5,4,0.6292065925588483,True,17.25626095606805,1.5716998324168765,True,False
1082.25,14192,t14192,270,200.0,22,6,8,0.6434814367402343,False,57.50898828302364,2.772223708425201,False,False
1082.38,14193,t14193,120,75.0,52,9,6,0.6612353520841779,True,10.008525193287866,1.1814068260413155,True,False
1082.47,14194,t14194,120,75.0,40,3,4,0.6458729728987709,True,7.222333420459327,1.2830103533725783,True,False
1082.48,14195,t14195,170,700.0,45,10,2,0.6371443044913805,False,122.56082593689781,1.648827980424306,False,False
1082.49,14196,t14196,300,250.0,63,8,2,0.642411841718708,False,64.84491885119105,3.150731539612962,False,False
1082.51,14197,t14197,220,900.0,92,2,5,0.6188126051516459,False,162.82289323471448,2.0931366839702616,False,False
1082.53,14198,t14198,80,50.0,34,7,10,0.6385066261791559,True,4.293475301229178,0.8783291952773843,True,False
1082.89,14201,t14201,170,100.0,82,6,1,0.6119082351351196,True,15.422855648170165,1.660881491676505,True,False
1082.92,14202,t14202,120,75.0,28,9,6,0.6635928268606762,True,9.497514913569693,1.1481690740446706,True,False
1083.08,14203,t14203,80,50.0,93,8,10,0.6493667240578127,True,4.698527580038106,0.7207468320287187,True,False
1083.12,14204,t14204,80,50.0,65,2,1,0.6256004161380005,True,4.165412380432748,0.7872082374358164,True,False
1083.25,14206,t14206,170,100.0,23,6,10,0.6348933467341273,True,15.963731863070077,1.8290635407712248,True,False
1083.3,14208,t14208,220,900.0,35,9,6,0.6659031521416444,False,233.60374792965837,2.143523607069078,False,False
1083.39,14209,t14209,80,50.0,89,2,5,0.6158445348667949,True,3.9744414699007615,0.879639752084274,True,False
1083.42,14210,t14210,220,150.0,66,8,10,0.6519615713948382,True,26.88396483768316,2.137114662738668,True,False
1083.46,14211,t14211,270,200.0,61,3,6,0.6415448868833932,True,58.76160549842821,2.9531730722711202,True,False
1083.54,14212,t14212,80,50.0,97,8,10,0.6545045217851234,True,4.3902053014380495,0.829248278738123,True,False
1083.63,14213,t14213,170,100.0,50,8,5,0.6409486656302826,True,17.727659199645522,1.7060448862308633,True,False
1083.74,14215,t14215,220,150.0,78,0,1,0.6183525159861739,True,31.426354220892712,2.031397199515311,True,False
1083.74,14219,t14219,220,150.0,24,10,2,0.6335298799400144,False,38.09498511390217,2.01680376932507,False,False
1083.74,14216,t14216,80,50.0,95,0,1,0.6215676474846322,True,3.2911779797506053,0.7886770211732251,True,False
1083.74,14218,t14218,300,1200.0,46,10,2,0.6299877438796755,False,336.27271584318805,2.7039637570171977,False,False
1083.74,14217,t14217,270,1000.0,44,4,2,0.6332455133965529,False,231.80429167671036,2.8931720552337143,False,False
1083.81,14220,t14220,80,50.0,74,7,6,0.6500188946084556,True,4.290671296868611,0.8006265066823262,True,False
1083.82,14222,t14222,270,200.0,59,0,1,0.6247184763531214,True,48.01474878595186,2.9581525950592797,True,False
1083.82,14221,t14221,80,50.0,43,1,8,0.6310303337657537,True,3.7951532409275903,0.7697047803795377,True,False
1083.84,14224,t14224,270,1000.0,72,7,10,0.6413186754737547,False,271.9746005148808,2.4549568789360965,False,False
1083.84,14223,t14223,220,900.0,57,5,4,0.6322046425258531,False,221.09037256201304,2.330499175810986,False,False
1084.01,14225,t14225,170,700.0,71,1,2,0.636599743938048,False,141.2208865444191,1.7615603044593233,False,False
1084.1,14226,t14226,220,900.0,77,2,4,0.6370130732558082,False,164.45434240414795,2.368156413877317,False,False
1084.12,14227,t14227,80,50.0,36,1,5,0.6503189519853994,True,3.435161407679711,0.761614814786627,True,False
1084.26,14228,t14228,270,1000.0,72,8,2,0.6388202715510006,False,279.68600882295175,2.822713812040311,False,False
1084.31,14229,t14229,170,100.0,70,1,5,0.652743239612358,True,18.556104856874768,1.7364368203418716,True,False
1084.46,14230,t14230,300,250.0,98,1,8,0.6337121886289001,True,76.55993469626178,2.748651595946864,True,False
1084.53,14232,t14232,220,900.0,50,2,4,0.6336809936088739,False,193.7832567654247,2.1385103454389665,False,False
1084.53,14233,t14233,170,100.0,27,8,10,0.6569966131676027,True,19.704424809081146,1.590180614074105,True,False
1084.6,14234,t14234,220,150.0,57,6,10,0.6376261464661115,True,38.24061512950227,2.3574407976038043,True,False
1084.9,14236,t14236,220,900.0,85,0,1,0.6278062886442408,False,208.32410096795806,2.248501186817381,False,False
1085.11,14239,t14239,220,900.0,49,6,10,0.6403042902034559,False,202.932031393877,1.9940417563619148,False,False
1085.71,14242,t14242,300,250.0,25,7,10,0.6379004837824613,False,66.57196524214528,2.7466286605109236,False,False
1085.9,14244,t14244,220,700.0,66,7,6,0.6526006985344683,False,124.6489754849993,2.258917477242273,False,False
1085.95,14245,t14245,120,75.0,43,4,6,0.6478968643604769,True,9.886693591825123,1.2320016279895187,True,False
1085.97,14247,t14247,120,75.0,37,1,2,0.6332759308774688,True,7.858499842757418,1.1094508216651893,True,False
1086.01,14248,t14248,120,75.0,86,1,8,0.6363404063947837,True,7.34842325305286,1.2513036660350958,True,False
1086.08,14249,t14249,270,200.0,61,5,8,0.6757922733466243,True,46.417832191323726,2.942227847965261,True,False
1086.2,14250,t14250,120,75.0,79,2,5,0.6191098259876409,True,9.230685240962128,1.1090500160688974,True,False
1086.27,14251,t14251,170,700.0,90,3,4,0.6485376952589773,False,101.55155024205219,1.6431086333717282,False,False
1086.28,14252,t14252,270,200.0,85,5,8,0.6778586096978736,True,62.63779515571951,2.4581360363261235,True,False
1086.39,14253,t14253,220,150.0,39,2,5,0.6223098112860698,True,31.661891652445043,2.358318666203443,True,False
1086.41,14254,t14254,300,250.0,56,2,5,0.6254457968785302,False,87.03249460308187,3.2533633859257236,False,False
1086.46,14255,t14255,80,50.0,71,5,8,0.679883619322098,True,4.359473038469199,0.8181431756730506,True,False
1086.58,14256,t14256,80,50.0,37,5,8,0.6818681287538378,True,4.765033849877286,0.7891409992562042,True,False
1086.78,14259,t14259,120,75.0,75,5,4,0.6289687314935178,True,7.497295224386225,1.2649858292924752,True,False
1086.79,14260,t14260,300,1200.0,35,6,10,0.6367548710660534,False,360.6894515375109,3.0056741971166967,False,False
1086.97,14263,t14263,300,1200.0,63,5,4,0.6319715386818293,False,368.964784912575,2.7091933531751184,False,False
1086.99,14264,t14264,270,900.0,80,2,1,0.6286705896334224,False,280.31240758885036,2.771048549579624,False,False
1087.05,14266,t14266,300,250.0,37,1,8,0.6389160598053496,False,79.15336489360236,2.9054112249739665,False,False
1087.09,14267,t14267,300,250.0,44,9,10,0.6429646835193056,False,79.38397678990071,3.0028063151903384,False,False
1087.17,14268,t14268,270,1000.0,58,0,10,0.629030803843607,False,224.32120266923994,2.9549110400680183,False,False
1087.24,14269,t14269,300,250.0,75,10,8,0.6733291287095658,False,88.87408508302319,3.174161549618454,False,False
1087.27,14270,t14270,80,50.0,82,6,8,0.6400199898236114,True,3.343057765264268,0.8469595041063155,True,False
1087.3,14271,t14271,270,900.0,67,0,2,0.6213318999545052,False,269.14434793635394,2.679431783674182,False,False
1087.39,14272,t14272,170,700.0,86,4,8,0.6609335607029813,False,132.40237728562786,1.654582454033986,False,False
1087.4,14273,t14273,120,75.0,55,0,1,0.6246583446895378,True,7.731746592890969,1.1482872224273366,True,False
1087.41,14274,t14274,300,1200.0,25,2,4,0.6304155555548783,False,334.6715160241187,2.9320879877855845,False,False
1087.44,14275,t14275,170,100.0,24,2,5,0.6223450627591415,True,17.670329856195078,1.6759599869801394,True,False
1087.47,14276,t14276,220,150.0,97,0,2,0.618313443773597,True,31.64011400527566,2.29272972844268,True,False
1087.49,14277,t14277,80,50.0,75,8,2,0.6353005327866471,True,4.281502075646016,0.8751723386763202,True,False
1087.5,14278,t14278,300,1000.0,79,4,8,0.6569715561555883,False,287.4350638803181,3.2640844365136092,False,False
1087.56,14280,t14280,80,50.0,29,4,8,0.6530887916991432,True,4.402450568845329,0.7860585546087671,True,False
1087.8,14281,t14281,170,500.0,22,10,6,0.6392176049641369,False,74.07174632485446,1.7256620301567276,False,False
1087.82,14282,t14282,270,200.0,27,0,10,0.6254687591953062,False,64.16071594613021,2.585885325053969,False,False
1087.83,14283,t14283,270,200.0,91,4,2,0.6299887849468037,True,57.30287592979924,2.741668212271288,True,False
1087.96,14284,t14284,270,200.0,67,2,5,0.6254803433221404,True,44.80188772885435,2.956917988820998,True,False
1087.98,14285,t14285,300,1200.0,92,2,1,0.6255053596589357,False,350.92158543566956,2.9501847521019005,False,False
1088.15,14286,t14286,270,200.0,44,1,8,0.6352662001477041,False,48.347141481544796,2.750374634960442,False,False
1088.29,14287,t14287,300,250.0,51,1,2,0.6361925940781012,False,75.54364496767991,3.2614329099039665,False,False
1088.33,14288,t14288,270,200.0,31,8,2,0.6380251887975809,False,55.17466023197016,2.8178424530571142,False,False
1088.55,14289,t14289,300,250.0,83,10,6,0.6356899195315208,False,85.469680704791,2.919112149850786,False,False
1088.65,14290,t14290,300,250.0,74,2,5,0.6285529182738795,True,61.000511599274546,2.773285577666471,True,False
1088.67,14291,t14291,270,200.0,60,5,6,0.6351502047548426,True,56.29492835499166,2.9666527601281776,True,False
1088.72,14292,t14292,300,250.0,36,7,6,0.6489568663819608,False,89.04925608307292,3.0029071902295046,False,False
1088.87,14293,t14293,220,150.0,92,7,5,0.6314304248434223,True,37.58591738250997,2.366813942747219,True,False
1089.05,14295,t14295,300,1200.0,93,0,1,0.6277473596139289,False,371.61317827748195,2.7013981500048967,False,False
1089.09,14296,t14296,170,700.0,92,3,5,0.6491103103927843,False,103.64180115952782,1.700088409787784,False,False
1089.16,14297,t14297,120,75.0,56,1,5,0.6551190414867775,True,7.310403784735195,1.305874567103424,True,False
1089.21,14298,t14298,270,1000.0,53,9,8,0.637960034933758,False,235.05900325236914,2.8356523352910035,False,False
1089.22,14299,t14299,80,50.0,37,1,2,0.6328769240147211,True,4.488737114245838,0.8180211874236293,True,False
1089.23,14300,t14300,80,50.0,58,7,5,0.6343839981647356,True,4.141670191522983,0.7958014445478064,True,False
1089.3,14301,t14301,80,50.0,29,6,8,0.6428017718453211,True,4.146731893173399,0.8303425684981938,True,False
1089.47,14302,t14302,120,75.0,74,7,5,0.6372785000196227,True,7.581119504860025,1.1800699594730366,True,False
1089.49,14303,t14303,300,1200.0,88,8,5,0.6437118741358588,False,399.99856057061106,2.8916466881415115,False,False
1089.81,14304,t14304,170,500.0,85,6,1,0.6151007370990839,True,84.05485389029458,1.786123347888774,True,False
1089.83,14305,t14305,300,1000.0,62,2,5,0.6315640417265836,False,307.4801430512943,2.763039839986541,False,False
1089.91,14306,t14306,120,75.0,38,7,5,0.6401151118374121,True,9.758348691713657,1.201908870257843,True,False
1089.96,14307,t14307,80,50.0,50,8,2,0.634521351688296,True,3.310569667999433,0.7651450302187457,True,False
1089.98,14308,t14308,170,100.0,72,1,5,0.6574473273237086,True,20.322537378046864,1.715521678699534,True,False
1090.05,14309,t14309,270,200.0,27,6,8,0.6455279182265964,False,44.564481083891536,2.8278484040537526,False,False
1090.18,14310,t14310,170,100.0,27,7,10,0.6345506559249939,True,19.54141870869504,1.650502877143141,True,False
1090.24,14311,t14311,170,100.0,28,2,5,0.6283409427102339,True,17.39494182242065,1.5462678106178902,True,False
1090.32,14313,t14313,170,700.0,22,6,10,0.6332764403113991,False,111.98701790344072,1.817778049549125,False,False
1090.34,14314,t14314,300,250.0,63,2,1,0.6224034342839389,False,82.66350671579262,3.0960323761906485,False,False
1090.46,14315,t14315,300,250.0,56,2,5,0.631356305674211,False,72.33343757240038,3.244899870265192,False,False
1090.48,14316,t14316,220,700.0,86,5,4,0.6287402897263746,False,142.82200724105311,2.0559137615131036,False,False
1090.55,14317,t14317,270,200.0,75,2,5,0.6281373613789086,True,60.427013382337876,2.7295757937673177,True,False
1090.78,14318,t14318,170,100.0,28,9,10,0.6395135716671013,True,19.622635192125475,1.6250790214229547,True,False
1090.8,14319,t14319,300,1200.0,85,6,8,0.6420255416802464,False,403.0237195980151,3.2445771789499673,False,False
1090.83,14320,t14320,270,200.0,65,8,10,0.6594388627224325,True,50.22462144936373,2.553900814242793,True,False
1091.04,14322,t14322,300,250.0,47,9,8,0.6346090160532646,False,86.35845565977766,2.9265143735677386,False,False
1091.45,14324,t14324,270,1000.0,53,5,4,0.6255736657500289,False,280.3383767394724,2.5971669509076802,False,False
1091.46,14325,t14325,300,250.0,66,9,6,0.6619932709169934,False,82.24888156412248,2.904290943520025,False,False
1091.48,14326,t14326,170,100.0,55,10,6,0.6322327878075571,False,16.160690783159254,1.796079426827549,True,False
1091.59,14327,t14327,300,1200.0,28,8,10,0.6618322672861657,False,417.9099237442438,3.270524461880778,False,False
1091.63,14328,t14328,120,75.0,71,3,6,0.6442961709639071,True,8.386134814962267,1.2015487710177557,True,False
1091.64,14329,t14329,300,1000.0,70,9,8,0.6313250175503812,False,245.0677720155911,3.297735827682189,False,False
1091.99,14332,t14332,120,75.0,51,2,4,0.6272154262619625,True,8.797827288060201,1.1857916945017786,True,False
1092.04,14333,t14333,220,150.0,99,5,8,0.6838129479969429,True,34.870532892746596,2.1063440786763703,True,False
1092.05,14334,t14334,220,700.0,72,3,6,0.6469924293628108,False,155.21257016625722,2.1311945321712895,False,False
1092.19,14337,t14337,300,250.0,20,1,8,0.6316893376832116,False,78.41192709379592,3.1847758608463264,False,False
1092.19,14336,t14336,270,200.0,74,10,8,0.6692707279535562,True,60.990208707372474,2.7469131369480264,True,False
1092.2,14338,t14338,170,100.0,45,10,2,0.6265164505405436,True,14.442369095190937,1.7929314913879517,True,False
1092.36,14339,t14339,270,200.0,38,3,5,0.6455362860031105,False,57.40496355925807,2.896663036832057,False,False
1092.39,14340,t14340,270,200.0,99,8,10,0.6580038037586241,True,49.10116823389661,2.875362091776612,True,False
1092.41,14341,t14341,220,150.0,41,10,8,0.671467495212667,True,37.757539248946756,2.3162998504499064,True,False
1092.44,14342,t14342,170,100.0,97,1,2,0.6358015673526084,True,16.974282112486033,1.5806431235216964,True,False
1092.45,14343,t14343,120,75.0,21,4,6,0.6505211088914492,True,10.308602190450445,1.2770417855921874,True,False
1092.49,14344,t14344,170,100.0,90,1,8,0.6281840124680089,False,15.267201830135809,1.6041253676365543,True,False
1092.58,14345,t14345,220,150.0,31,7,6,0.6453859108725034,False,36.641692020460724,2.1464113984741666,False,False
1092.62,14346,t14346,300,1000.0,67,1,2,0.6386677178237381,False,246.60006066804684,3.249489664341321,False,False
1092.63,14347,t14347,170,100.0,52,4,8,0.6554576825318271,True,19.123329769478495,1.5890638252498352,True,False
1092.63,14348,t14348,300,1200.0,21,10,6,0.6288447987180726,False,372.64344926016787,2.8553324663872575,False,False
1092.67,14349,t14349,220,700.0,78,0,10,0.6219779554399715,False,152.18154984931616,2.0513995367284066,False,False
1092.68,14350,t14350,170,100.0,43,4,8,0.6577791955478572,True,17.208180151364427,1.5463629777725785,True,False
1092.71,14351,t14351,300,250.0,52,2,1,0.619363547416442,False,65.62213241121285,3.115919635581524,False,False
1093.02,14352,t14352,300,250.0,23,7,5,0.6428949914188457,False,76.5848746162645,3.001706415167689,False,False
1093.03,14353,t14353,300,1200.0,88,3,6,0.6434607625937363,False,420.10559444726874,3.190390403280905,False,False
1093.08,14354,t14354,300,250.0,60,10,2,0.6292885830681942,False,65.64663909510989,2.9166932120716855,False,False
1093.21,14355,t14355,80,50.0,32,8,10,0.6604259095016335,True,4.020318244993787,0.8736536926492996,True,False
1093.28,14357,t14357,220,900.0,50,0,1,0.6246005942398322,False,178.75774342207788,2.2525836056879465,False,False
1093.28,14358,t14358,270,900.0,93,7,5,0.6394452734086505,False,224.26066728750146,2.6139932298083175,False,False
1093.33,14359,t14359,170,500.0,47,10,6,0.6255245694103778,False,89.09937712477118,1.6418531410977653,False,False
1093.41,14360,t14360,120,75.0,42,10,2,0.625831272945292,True,7.760210763533383,1.2671432516105505,True,False
1093.55,14361,t14361,170,100.0,66,10,6,0.6222707446888369,True,15.202433232209009,1.538455886541516,True,False
1093.68,14363,t14363,300,250.0,99,3,4,0.6449751231719795,True,70.96113643801291,3.1802828365512337,True,False
1093.86,14364,t14364,120,75.0,27,10,6,0.6252559964617268,True,10.582004682936942,1.0901546188793576,True,False
1093.92,14365,t14365,270,200.0,97,7,6,0.6418863744732352,True,64.52638283035047,2.9521003776193333,True,False
1093.94,14366,t14366,270,1000.0,35,10,2,0.6286171090248476,False,253.26545091364952,2.836845211316574,False,False
1093.95,14367,t14367,300,250.0,68,4,6,0.653092868531802,True,62.35528525745903,3.255283988442347,True,False
1093.98,14368,t14368,80,50.0,42,3,6,0.6399997291600434,True,4.124807224018143,0.8203676473542107,True,False
1094.16,14370,t14370,170,500.0,76,0,1,0.6215167641732173,True,68.48076556734914,1.8257546869524601,True,False
1094.18,14371,t14371,220,700.0,29,8,2,0.6372615913211966,False,177.8100025430625,2.014196232112575,False,False
1094.25,14372,t14372,270,200.0,25,8,2,0.6337730261614395,False,52.09020106673692,2.5710745764326655,False,False
1094.37,14374,t14374,220,900.0,30,9,8,0.6281066990175553,False,165.10214667482828,2.3581928332047584,False,False
1094.4,14376,t14376,300,1200.0,53,1,8,0.6247487937571101,False,400.00908618285644,2.716025605155421,False,False
1094.44,14377,t14377,300,1200.0,99,0,10,0.6185569677597436,False,296.9316642182524,3.202656715305202,False,False
1094.59,14378,t14378,120,75.0,79,10,8,0.6736203271265955,True,7.329344271748728,1.2267300790558213,True,False
1094.59,14379,t14379,120,75.0,46,2,5,0.6311567959695122,True,9.428104641910421,1.3179931141045893,True,False
1094.63,14380,t14380,300,1000.0,98,0,2,0.6215293567163068,False,274.7752026686623,2.9669837102633485,False,False
1094.68,14381,t14381,170,100.0,50,2,4,0.630253299554905,True,18.02951771939349,1.721034520737458,True,False
1094.68,14382,t14382,170,100.0,49,1,5,0.6597290474439012,True,19.268347953258637,1.5373841146928526,True,False
1094.8,14383,t14383,120,75.0,25,5,8,0.6857188708551859,True,7.8681011040123225,1.2310189533932745,True,False
1094.82,14384,t14384,300,1000.0,64,7,6,0.6446308288019523,False,283.4687797454156,3.189875826218723,False,False
1094.83,14385,t14385,220,150.0,75,6,1,0.6182293890237688,True,33.383427665768416,2.0767827900177207,True,False
1095.52,14387,t14387,220,700.0,37,4,8,0.6600542783035667,False,146.84190063411035,2.155292940657481,False,False
1095.54,14388,t14388,300,250.0,96,5,4,0.6224703742532102,True,89.6912154282346,3.131627285042234,True,False
1095.6,14389,t14389,270,200.0,26,5,4,0.6256031485863277,False,63.09605185680704,2.5086202123471497,False,False
1095.84,14390,t14390,120,75.0,85,5,4,0.622499267432783,True,9.77129076021074,1.1735014462136926,True,False
1095.99,14391,t14391,300,250.0,30,5,8,0.6875866752562639,False,68.35878581834532,2.734059259361925,False,False
1096.08,14392,t14392,120,75.0,69,1,2,0.6353025452854452,True,10.186415438821419,1.1875847406198476,True,False
1096.1,14393,t14393,270,200.0,72,7,5,0.6360645497586593,True,63.54327094603096,2.9171745061156527,True,False
1096.14,14394,t14394,270,200.0,54,8,2,0.6303542323048773,False,61.72844465529862,2.5435082745786093,False,False
1096.33,14395,t14395,170,100.0,70,9,10,0.642305482051941,True,20.34108930773165,1.8331634436754034,True,False
1096.34,14396,t14396,220,150.0,86,5,4,0.6256314639023092,False,26.970625046555842,2.3726434756513006,True,False
1096.39,14397,t14397,220,150.0,65,6,10,0.6298675781718378,True,31.489965991523487,2.3246996467134045,True,False
1096.4,14398,t14398,120,75.0,57,7,10,0.6374418246246759,True,10.308571408204969,1.1119556043911554,True,False
1096.45,14399,t14399,270,1000.0,58,2,4,0.6332304153819888,False,276.73983956524046,2.7950637013860167,False,False
1096.48,14400,t14400,170,100.0,93,3,4,0.6476578025267218,True,15.922657791663562,1.5788324331818675,True,False
1096.49,14402,t14402,300,250.0,39,10,8,0.6757301024022454,False,84.6280046061372,2.8515388304624842,False,False
1096.49,14401,t14401,300,250.0,70,7,6,0.641146394044095,False,74.27649814750934,2.7296166111057536,False,False
1096.8,14404,t14404,270,200.0,72,6,10,0.6327008932750676,True,56.997608285263716,2.4683835461766286,True,False
1096.81,14405,t14405,300,1200.0,56,0,8,0.6175391405285897,False,397.9055840209858,3.1186037967872435,False,False
1096.86,14406,t14406,80,50.0,58,0,2,0.6185069514001625,True,3.9871854774127127,0.8316669278431862,True,False
1097.12,14408,t14408,220,150.0,73,7,10,0.6402751699503643,True,32.747681731067566,2.0445513117986085,True,False
1097.39,14409,t14409,270,200.0,24,5,4,0.6225270164424448,False,55.11115329850904,2.81229933243364,False,False
1097.42,14410,t14410,300,250.0,37,8,10,0.6627995731297825,False,84.75318951767498,3.0699942342399584,False,False
1097.59,14411,t14411,170,500.0,51,1,2,0.6381786761979181,False,93.08331574338865,1.5579152652695105,False,False
1097.65,14412,t14412,300,1200.0,24,8,5,0.6402458184713234,False,421.54449962133197,2.8796873394443727,False,False
1097.7,14413,t14413,270,200.0,96,6,10,0.635477542076233,True,63.88334852950874,2.92232279282319,True,False
1097.71,14414,t14414,220,900.0,99,10,8,0.6716236821723823,False,166.06945128057816,2.0295103412219064,False,False
1097.79,14415,t14415,220,700.0,64,3,6,0.6427819163950244,False,162.1673756481303,2.1967684499777227,False,False
1097.92,14416,t14416,300,250.0,87,1,2,0.6348232844921415,True,69.8068735411597,3.1521798512211436,True,False
1098.1,14417,t14417,270,200.0,89,10,2,0.6251732283828122,True,58.21743891469295,2.5989537198715094,True,False
1098.33,14418,t14418,170,100.0,64,10,2,0.6279722253536175,True,17.123059445166607,1.7317187275261479,True,False
1098.43,14419,t14419,220,150.0,54,10,6,0.628181543199159,True,27.94247936272438,2.1455090386101605,True,False
1098.46,14420,t14420,220,150.0,39,2,4,0.6299739888925308,True,32.36763842985336,2.354132023358966,True,False
1098.51,14421,t14421,170,500.0,96,0,1,0.6246686107079348,True,79.40736520193025,1.6252503629042274,True,False
1098.54,14422,t14422,80,50.0,65,1,2,0.6377090006204805,True,4.29667470333772,0.8487024522831246,True,False
1098.63,14424,t14424,270,900.0,67,0,5,0.6169212837950644,False,289.42782435171637,2.7892130163711,False,False
1098.65,14425,t14425,300,250.0,85,9,8,0.624952746855386,True,62.64621125845232,3.290739033290903,True,False
1098.67,14426,t14426,120,75.0,81,0,1,0.6277574203119579,True,7.445556624017247,1.1602626782560963,True,False
1098.68,14427,t14427,80,50.0,32,6,10,0.638198657901375,True,3.746667258261966,0.8685588953448307,True,False
1098.7,14428,t14428,270,900.0,24,4,6,0.6556131929793478,False,258.79878005686726,2.8892004863266294,False,False
1098.73,14429,t14429,300,250.0,32,5,8,0.6832431235693205,False,84.73809056334949,3.1900711460694122,False,False
1098.91,14430,t14430,170,500.0,41,5,8,0.6789864429161159,False,83.70415844387061,1.8162838143582065,False,False
1099.05,14431,t14431,220,150.0,59,6,10,0.6408653514100141,True,34.03336634423789,2.2196508019277115,True,False
1099.08,14432,t14432,170,700.0,49,10,2,0.6307152423850066,False,103.02561206206992,1.793658541193031,False,False
1099.09,14433,t14433,120,75.0,40,8,5,0.6368490839200788,True,9.39481496706822,1.2616584774769406,True,False
1099.24,14435,t14435,300,250.0,86,1,5,0.6619651331616898,True,74.718946292921,2.7810622840289936,True,False
1099.36,14436,t14436,170,700.0,56,3,6,0.6393344598853057,False,136.50939913014585,1.672588039976885,False,False
1099.47,14437,t14437,170,100.0,47,6,8,0.6385932126648232,True,16.190734941705774,1.5481738165994856,True,False
1099.51,14438,t14438,300,1200.0,29,7,6,0.6377316479813949,False,343.0046384767375,2.874482651231501,False,False
1099.53,14439,t14439,300,1200.0,89,8,5,0.6396942840598591,False,303.1465303072792,3.0194450693162356,False,False
1099.59,14440,t14440,120,75.0,67,1,2,0.6405370024262527,True,8.841373540233624,1.2205498746035344,True,False
1099.6,14441,t14441,120,75.0,38,0,6,0.6165203496636389,True,10.590292808186598,1.150327107045931,True,False
1099.72,14442,t14442,270,200.0,44,1,8,0.6213822794204296,True,43.55395900292646,2.803418223768225,True,False
1099.85,14443,t14443,300,1200.0,73,3,6,0.6359559525057814,False,416.4659392264966,2.824817162168867,False,False
1099.94,14444,t14444,270,200.0,48,8,2,0.6270038143254465,False,55.23327982752448,2.7215108114535997,False,False
1099.99,14446,t14446,170,100.0,21,4,6,0.6519091109379427,True,14.407917279661737,1.598955374957842,True,False
1100.15,14448,t14448,220,150.0,69,6,1,0.6212954679099602,True,27.210672558423,2.191536900439403,True,False
1100.29,14449,t14449,220,900.0,97,8,5,0.6363085801968437,False,161.79224709647568,2.3690860231571786,False,False
1100.31,14450,t14450,270,900.0,75,9,10,0.645041554229084,False,194.72621612463618,2.9510473258068264,False,False
1100.32,14451,t14451,170,700.0,91,8,10,0.6589517634853688,False,108.5859724930685,1.8458652684841113,False,False
1100.41,14452,t14452,170,700.0,60,9,6,0.6581615873168353,False,98.26381347636469,1.6170719926950494,False,False
1100.47,14453,t14453,220,150.0,52,10,2,0.627229399075768,True,31.22590138877951,2.119000239010831,True,False
1100.73,14456,t14456,120,75.0,99,0,2,0.621718994190341,True,8.756486706373137,1.1182595113144105,True,False
1100.75,14457,t14457,300,250.0,85,3,4,0.6502868282943691,True,78.26714308309441,2.7057353325442177,True,False
1101.03,14458,t14458,220,150.0,39,6,8,0.6414035302297085,True,32.38954965112795,2.383086347733155,True,False
1101.04,14459,t14459,270,200.0,76,9,10,0.6415489049626842,True,49.987694116508976,2.709664498492508,True,False
1101.14,14461,t14461,270,900.0,30,7,10,0.6430518483695388,False,203.7494035850796,2.667754587387498,False,False
1101.3,14462,t14462,220,150.0,70,5,8,0.6748148958759753,True,35.3275900014438,2.1123279787159532,True,False
1101.3,14463,t14463,220,150.0,69,4,2,0.6329711910660494,True,36.40258591196552,2.0033046962474312,True,False
1101.32,14464,t14464,300,250.0,85,2,5,0.6341158418683038,False,89.47872871941254,2.727907450784281,False,False
1101.41,14465,t14465,220,150.0,56,4,8,0.6561098594041621,True,38.29555527481914,2.0222456278491294,True,False
1101.41,14466,t14466,80,50.0,98,3,6,0.6326450152738475,False,3.9052451903373457,0.7607339912885986,True,False
1101.43,14467,t14467,120,75.0,99,10,6,0.6310485790018424,True,9.8595166377348,1.137891468617692,True,False
1101.65,14468,t14468,170,700.0,21,2,5,0.6308417068491196,False,138.75812559974636,1.5679241162203872,False,False
1101.72,14469,t14469,170,500.0,35,4,2,0.6358939490629102,False,98.98102628351735,1.710161711776866,False,False
1101.73,14471,t14471,220,700.0,35,3,4,0.6528632735466636,False,156.8579622887488,2.3243627188071465,False,False
1101.76,14472,t14472,300,250.0,47,6,8,0.6441576414432962,False,69.16871136100302,3.1300463244166465,False,False
1101.89,14474,t14474,300,250.0,65,5,4,0.6194846579317778,False,87.46080084226448,3.071578132973628,False,False
1101.93,14475,t14475,120,75.0,29,2,5,0.6276330545303189,True,7.632757846255164,1.2336490736520476,True,False
1101.97,14476,t14476,220,150.0,31,0,1,0.6307844537239006,True,30.07530871321509,2.014357102385176,True,False
1102.03,14477,t14477,300,1200.0,69,6,8,0.6406826704326122,False,360.8559508768104,2.9726350249819102,False,False
1102.03,14478,t14478,220,700.0,54,2,1,0.6163844582862948,False,134.2167839167339,2.2256022475799333,False,False
1102.04,14479,t14479,220,700.0,46,8,5,0.6329905904110886,False,180.41471500980455,2.29448005036164,False,False
1102.07,14481,t14481,80,50.0,46,1,5,0.6641564971651227,True,4.605551576966486,0.7797712364191395,True,False
1102.07,14480,t14480,270,200.0,63,0,2,0.6248667961247161,False,64.61368423264625,2.7795842291215664,False,False
1102.14,14482,t14482,270,200.0,74,9,6,0.6544065373886804,True,62.562415082820145,2.844537646842364,True,False
1102.46,14484,t14484,170,500.0,72,3,4,0.6492141898939121,False,94.20830668159775,1.7343585075699455,False,False
1102.75,14485,t14485,220,150.0,58,10,6,0.6338582740884723,False,39.15644540079951,2.400524589846036,True,False
1102.76,14487,t14487,120,75.0,83,0,1,0.6337509464676044,True,8.532011156840808,1.1435675621554016,True,False
1102.91,14489,t14489,170,700.0,38,9,6,0.6569005884590887,False,139.13751979639923,1.5887859015433898,False,False
1103.4,14491,t14491,300,1000.0,47,0,6,0.6196206093370328,False,359.2109127867314,3.1429901404704923,False,False
1103.44,14492,t14492,300,250.0,85,0,6,0.6164848638169588,True,83.0032593327302,2.9040284457139633,True,False
1103.54,14493,t14493,170,100.0,58,5,6,0.6380293824779276,True,14.845876645191527,1.7291768361462638,True,False
1103.63,14494,t14494,170,500.0,63,6,1,0.6243002252184275,False,100.20711440354113,1.696474672196049,False,False
1103.68,14495,t14495,300,250.0,38,4,6,0.6544531105373657,False,62.22814171061547,2.788755790468204,False,False
1103.77,14496,t14496,220,150.0,38,10,2,0.6299872726327143,True,27.034985644768337,2.328679096824642,True,False
1103.8,14497,t14497,220,150.0,48,9,10,0.6443001086816124,True,33.920501170600886,2.2974693451091914,True,False
1104.02,14499,t14499,270,200.0,52,3,5,0.6420337421012301,True,51.27192080230017,2.557900121731634,True,False
1104.02,14500,t14500,80,50.0,40,7,10,0.6395989932203298,True,4.17954674276317,0.7285312090305499,True,False
1104.15,14501,t14501,170,500.0,64,5,8,0.6769007797766377,False,83.75393809455412,1.6893712987011327,False,False
1104.24,14504,t14504,80,50.0,65,10,2,0.6326899887185216,True,4.729585428207018,0.8087236833826621,True,False
1104.5,14505,t14505,270,200.0,39,10,8,0.6675993903471165,False,60.86567670204654,2.687420904883984,False,False
1104.57,14508,t14508,170,100.0,69,4,2,0.6325842518998338,True,18.37735036003332,1.7794023430652008,True,False
1104.57,14507,t14507,220,150.0,32,10,2,0.6353386504826126,True,31.819336004627157,2.3311052845583875,True,False
1104.63,14509,t14509,120,75.0,64,8,10,0.6551809100338432,True,8.51618397838147,1.2883575432363386,True,False
1104.66,14510,t14510,120,75.0,90,3,5,0.6447752490773874,True,10.222232868463342,1.2234220386340768,True,False
1104.82,14512,t14512,170,100.0,77,6,8,0.6372771988421416,True,20.36141508137713,1.5573653444481157,True,False
1104.94,14513,t14513,80,50.0,80,0,2,0.6217776420204035,True,3.732110007483126,0.8283827378127804,True,False
1105.08,14514,t14514,170,700.0,32,9,6,0.6531707585080887,False,96.69869702191494,1.7986304796157058,False,False
1105.09,14515,t14515,220,150.0,26,9,6,0.6495155251561088,False,32.8963711814318,1.9956796953964946,False,False
1105.12,14516,t14516,270,1000.0,36,4,8,0.6584183288827455,False,285.0214070200966,2.5069207219322,False,False
1105.16,14518,t14518,300,250.0,98,10,6,0.6304377752733695,True,79.4060162809035,3.215699407494112,True,False
1105.18,14519,t14519,80,50.0,71,7,10,0.6423891951741051,True,4.486245177584132,0.8486249634281328,True,False
1105.21,14520,t14520,220,700.0,37,7,6,0.6343851968399489,False,169.93226587465549,2.053601705544142,False,False
1105.23,14521,t14521,220,700.0,21,0,1,0.6366581093564341,False,170.35365984043563,2.2116204285120755,False,False
1105.27,14522,t14522,300,250.0,99,8,5,0.6297389604210487,True,73.34995421732023,2.861292418129077,True,False
1105.42,14524,t14524,270,900.0,46,8,10,0.6576594736513482,False,267.43203163799865,2.8639650311990192,False,False
1105.5,14525,t14525,270,200.0,56,3,4,0.6456380879142157,True,49.432364750058575,2.7955833099120646,True,False
1105.59,14526,t14526,270,900.0,88,5,4,0.616503146591324,False,213.82913089470847,2.669495027808093,False,False
1105.67,14527,t14527,120,75.0,69,7,10,0.6451235930888047,True,9.044841210748015,1.149315229939287,True,False
1105.7,14528,t14528,120,75.0,62,1,2,0.6433084441959095,True,10.140983744514331,1.1790553035746456,True,False
1105.76,14529,t14529,220,700.0,61,0,6,0.6195858332072862,False,138.2880283627617,2.083921217445972,False,False
1105.78,14530,t14530,80,50.0,20,5,2,0.6152363232635131,True,4.016896600401426,0.7323718499100349,True,False
1105.78,14531,t14531,120,75.0,95,6,10,0.6434787110484805,False,7.836949167668204,1.0955405554258928,True,False
1105.8,14532,t14532,300,250.0,47,10,8,0.6636555843583559,False,61.571429945912165,2.8273050618369147,False,False
1105.85,14533,t14533,80,50.0,62,0,1,0.6333331289874872,True,3.386830994533268,0.8009154378400289,True,False
1105.94,14534,t14534,80,50.0,34,1,5,0.6663040338884869,False,3.5610521277709912,0.7857144369909499,True,False
1106.07,14535,t14535,300,250.0,41,3,4,0.6483075079741132,False,87.59424543730678,2.9675214971638737,False,False
1106.28,14536,t14536,170,100.0,54,7,10,0.6478033030452105,True,16.996790089214915,1.7176223496218268,True,False
1106.29,14537,t14537,220,150.0,84,0,2,0.6249242709981773,True,27.714736847065794,2.08706267597373,True,False
1106.37,14538,t14538,270,200.0,52,9,10,0.646996288326162,True,43.546596472810094,2.855548994623142,True,False
1106.83,14540,t14540,270,200.0,47,1,5,0.6622346198773839,False,64.34956654713821,2.7622190053930358,False,False
1106.83,14539,t14539,220,700.0,65,1,2,0.6460244571301731,False,167.67893142935154,2.307264517717189,False,False
1106.94,14542,t14542,270,200.0,45,5,6,0.6408509766465508,False,53.36216724792121,2.837461906451502,False,False
1107.17,14543,t14543,270,200.0,94,3,6,0.6294002967865525,True,48.90100023978266,2.7531043250729894,True,False
1107.33,14544,t14544,170,100.0,34,1,5,0.6582465941465029,True,16.2412856748875,1.5816148925313152,True,False
1107.34,14545,t14545,220,150.0,27,7,10,0.6504294188024881,False,34.48061195331703,2.3718483693169596,False,False
1107.38,14546,t14546,270,1000.0,52,9,6,0.6459333964711683,False,244.788845827425,2.548564819856637,False,False
1107.39,14547,t14547,80,50.0,31,4,2,0.635514748680019,True,3.583802207002638,0.8770152837584568,True,False
1107.51,14548,t14548,270,1000.0,28,1,5,0.6605123289302394,False,258.40864571768935,2.4597039366153584,False,False
1107.52,14549,t14549,220,150.0,93,10,6,0.6332596864345688,True,29.361462010302787,2.110387897684458,True,False
1107.54,14550,t14550,300,1000.0,49,7,10,0.6468290122446202,False,282.54090243053594,3.0675303758643477,False,False
1107.59,14551,t14551,170,100.0,95,0,1,0.6362486482259193,True,20.364029163543975,1.6303536779253576,True,False
1107.72,14553,t14553,300,250.0,26,5,2,0.6185137786164246,False,84.06746776817306,3.0900725217183393,False,False
1107.78,14554,t14554,300,1000.0,81,5,8,0.6727709459992867,False,263.65481919742774,2.7739078199929406,False,False
1108.26,14557,t14557,120,75.0,86,8,10,0.653914465996503,True,7.475997618672195,1.2393052206350241,True,False
1108.27,14558,t14558,220,150.0,51,9,6,0.6424229103599268,True,38.2040617745052,2.2418421652122236,True,False
1108.47,14562,t14562,220,150.0,32,6,1,0.6210708873807257,False,38.281341423951254,2.136390927849012,False,False
1108.49,14564,t14564,170,500.0,60,5,2,0.615551684862278,False,78.31781256432839,1.8550970063895074,False,False
1108.49,14563,t14563,300,250.0,52,2,5,0.6306625752578944,False,86.75178766189752,2.822481002962137,False,False
1108.68,14566,t14566,80,50.0,46,6,10,0.6398658034941777,True,3.975652553414637,0.8631335204332429,True,False
1108.75,14567,t14567,120,75.0,58,5,8,0.6687237088974828,True,7.736081837024612,1.1603116283494186,True,False
1108.81,14569,t14569,120,75.0,20,7,10,0.6433006138179095,True,7.776354988548421,1.0931460186428896,True,False
1108.86,14570,t14570,80,50.0,93,3,6,0.6323944726690033,True,3.5381558188581623,0.7349144224116271,True,False
1108.91,14571,t14571,120,75.0,81,4,6,0.6507722301448001,True,8.930918427152283,1.1340470871805806,True,False
1109.1,14572,t14572,220,700.0,70,10,8,0.6597906544893707,False,137.4452911474691,2.2913062039741825,False,False
1109.16,14573,t14573,170,500.0,32,6,10,0.6424991540909607,False,71.27754920178846,1.7031309090176383,False,False
1109.32,14574,t14574,120,75.0,36,9,6,0.6451566339709102,True,8.929768658967951,1.146376268111404,True,False
1109.34,14575,t14575,300,250.0,56,0,6,0.6164507832098072,False,71.22827996911032,2.9712332865820597,False,False
1109.39,14577,t14577,300,1000.0,51,7,10,0.6460167833597331,False,326.51336771775453,2.775559247269884,False,False
1109.42,14578,t14578,170,500.0,59,7,10,0.6425046295107203,False,78.49233103711398,1.8421556827872658,False,False
1109.53,14579,t14579,220,150.0,55,2,6,0.614002448241925,True,37.994969409060296,2.159229832946333,True,False
1109.54,14580,t14580,170,500.0,88,1,8,0.6242570953704825,False,98.11535694242919,1.7136279939937005,False,False
1109.54,14581,t14581,270,1000.0,27,6,8,0.6401138366834807,False,267.476424037202,2.447743721637964,False,False
1109.61,14584,t14584,220,900.0,56,7,6,0.6311056747213317,False,220.2677429398044,2.091312106248735,False,False
1109.61,14583,t14583,270,900.0,20,2,4,0.632956690932862,False,289.5029633069746,2.489968526547134,False,False
1109.64,14585,t14585,220,150.0,65,5,10,0.6149323621935979,True,36.064192570382716,2.2735315978861426,True,False
1109.75,14586,t14586,270,200.0,79,3,4,0.6447495396328128,True,61.22081776051494,2.8773344629094906,True,False
1109.77,14587,t14587,300,250.0,55,10,8,0.656003023217765,False,79.83878507447044,2.8719623664347904,False,False
1109.98,14590,t14590,300,250.0,85,4,6,0.6533389673600859,True,74.20241992409719,3.138248848449374,True,False
1110.03,14592,t14592,270,200.0,64,10,8,0.6522911445715915,True,63.93155647401257,2.637713020675157,True,False
1110.08,14593,t14593,220,150.0,59,4,8,0.6545066289717573,True,32.6399596409023,2.117985098145086,True,False
1110.14,14595,t14595,220,700.0,34,4,2,0.6383866355246004,False,140.22997544752064,2.1919287398605216,False,False
1110.44,14597,t14597,80,50.0,68,1,5,0.6565587490183012,True,3.593385731459309,0.7255896279782905,True,False
1110.51,14598,t14598,170,100.0,93,4,2,0.6350270846322902,True,16.195058368660725,1.5838390426015079,True,False
1110.58,14599,t14599,220,150.0,35,0,10,0.61520439983312,True,27.840128175081375,2.345523589960935,True,False
1110.62,14600,t14600,300,1200.0,41,5,6,0.6374421389318016,False,422.23205057837697,2.94890273622219,False,False
1110.69,14601,t14601,170,100.0,79,6,1,0.6179061362997779,True,16.965656870723585,1.6109326783969764,True,False
1110.72,14602,t14602,300,250.0,49,4,2,0.6379087247578262,False,80.49931176740735,2.96843141394568,False,False
1110.73,14603,t14603,300,1200.0,51,1,8,0.6209004150015343,False,396.4232138952262,2.961318282784754,False,False
1110.74,14604,t14604,120,75.0,99,5,8,0.670931416537715,True,10.08304732449188,1.1374649644099046,True,False
1110.9,14606,t14606,300,1200.0,68,4,6,0.655854369831066,False,395.0710357073331,3.2966097594994013,False,False
1110.98,14607,t14607,270,1000.0,23,3,6,0.635328765033805,False,245.62751828134446,2.5539398191270632,False,False
1111.07,14609,t14609,220,150.0,24,9,6,0.6478356831096738,False,28.933256835088518,2.2417991678367666,False,False
1111.1,14610,t14610,80,50.0,50,4,2,0.6345587320808516,True,4.297787060651466,0.7566507509442044,True,False
1111.4,14611,t14611,170,100.0,79,6,8,0.6367197417679928,True,19.858986093576167,1.6478091356693696,True,False
1111.43,14612,t14612,220,150.0,50,10,2,0.637934339011422,True,34.585705995168794,2.256707202951844,True,False
1111.47,14613,t14613,270,1000.0,93,9,10,0.6496385443778205,False,322.10239512212365,2.680491458919216,False,False
1111.48,14614,t14614,170,700.0,48,0,10,0.6180928832650291,False,121.68924472957892,1.7388476289940977,False,False
1111.5,14615,t14615,80,50.0,31,1,8,0.6176108682399652,True,3.550131317954883,0.7805611365435678,True,False
1111.63,14617,t14617,80,50.0,57,0,4,0.6151723038196036,True,4.571682194186131,0.7528491613221568,True,False
1111.63,14616,t14616,170,100.0,42,5,8,0.6730949700251424,True,16.560401789079595,1.6908917318194252,True,False
1111.67,14618,t14618,220,150.0,20,7,5,0.638925440581668,False,33.89424556316287,2.3835730855510624,False,False
1111.78,14619,t14619,220,150.0,56,1,8,0.6205611124136274,True,27.88808295632412,2.174210619190443,True,False
1111.81,14620,t14620,170,500.0,43,6,1,0.620978680240449,False,96.40988553611832,1.6405345085365766,False,False
1111.97,14622,t14622,80,50.0,43,4,6,0.6521454642526265,True,3.326427442275609,0.7241791379669893,True,False
1111.97,14621,t14621,220,700.0,28,6,1,0.6178157733023066,False,148.02390551709638,2.354663663662775,False,False
1112.1,14623,t14623,120,75.0,49,6,8,0.6395675287508148,True,9.009162960508064,1.2120050249610632,True,False
1112.17,14625,t14625,300,250.0,57,6,1,0.6147161245029272,False,73.42754681556,3.273798962494139,False,False
1112.25,14626,t14626,220,700.0,41,9,8,0.6280358737364601,False,125.04692889350969,2.1026641090321143,False,False
1112.34,14627,t14627,120,75.0,87,8,2,0.6237204047056042,True,7.360301948512402,1.2861133691651538,True,False
1112.35,14628,t14628,270,1000.0,26,9,6,0.644287151265662,False,272.0470937677703,2.4423530396763082,False,False
1112.41,14629,t14629,220,150.0,73,9,8,0.6248833380799127,True,37.66747078929979,2.4165170887404175,True,False
1112.44,14630,t14630,220,700.0,72,3,5,0.6474619259140214,False,159.04908600660826,2.40190222643449,False,False
1112.45,14632,t14632,170,100.0,93,10,6,0.636025159372544,True,15.296527371107572,1.84074077315989,True,False
1112.45,14631,t14631,300,250.0,43,4,6,0.6546847367857559,False,84.23970074914673,3.026711261473413,False,False
1112.62,14634,t14634,80,50.0,74,2,4,0.6297057389323866,True,3.3436613750277946,0.7677292916523762,True,False
1112.74,14636,t14636,80,50.0,74,6,1,0.6116784686795352,True,3.351953151379595,0.8028145115998019,True,False
1112.75,14637,t14637,170,700.0,83,3,6,0.6320303715513107,False,120.37959745439102,1.6650661480143232,False,False
1113.01,14642,t14642,270,1000.0,67,6,8,0.6423583599939804,False,312.1340594277228,2.822259760433866,False,False
1113.06,14643,t14643,170,100.0,35,0,4,0.6182995244098782,True,20.371183222134828,1.7386092022537034,True,False
1113.08,14644,t14644,170,100.0,52,1,8,0.6234523517038164,True,20.181097507095615,1.548382980296098,True,False
1113.11,14645,t14645,80,50.0,29,1,2,0.6425121498057514,True,3.640151001133719,0.790134911848305,True,False
1113.14,14646,t14646,220,700.0,55,5,10,0.6180643816163927,False,167.11783799441633,2.2277203152711653,False,False
1113.17,14647,t14647,220,700.0,79,1,5,0.658858240704602,False,154.33716407635623,2.0504294330180652,False,False
1113.17,14648,t14648,270,200.0,63,3,5,0.6439208692139228,True,62.01555824446999,2.8761528261204803,True,False
1113.33,14650,t14650,80,50.0,90,2,6,0.6171530659437531,True,4.485704810580147,0.8645278747383414,True,False
1113.34,14651,t14651,170,700.0,55,4,8,0.6568471630589888,False,117.65753493328421,1.7134426967199439,False,False
1113.36,14652,t14652,120,75.0,26,8,10,0.6564183584947548,False,7.783517889288036,1.2545208683745301,True,False
1113.49,14655,t14655,270,200.0,96,2,5,0.6274575055709183,True,44.39492605263474,2.525935328829374,True,False
1113.52,14656,t14656,300,1000.0,48,5,10,0.6149597606507314,False,287.8456761573604,3.1751870474093193,False,False
1113.68,14657,t14657,170,500.0,62,0,4,0.6213642005883473,False,92.55891179507711,1.8498181099183624,False,False
1113.88,14658,t14658,220,150.0,49,7,10,0.6390627187386877,True,32.858726441258455,2.1512672855136685,True,False
1113.94,14659,t14659,300,1000.0,26,7,5,0.6355551135882165,False,349.0021683995429,2.8032549971678153,False,False
1114.12,14661,t14661,120,75.0,62,6,8,0.6389193746122827,True,9.048610029268595,1.2232832707147783,True,False
1114.19,14662,t14662,170,700.0,68,2,6,0.6202406712915447,False,101.82604630699765,1.6449185299419802,False,False
1114.2,14663,t14663,300,250.0,82,10,6,0.6387353228517598,False,85.86414248903444,3.0219682644912953,False,False
1114.23,14664,t14664,270,900.0,94,2,6,0.6170925245323805,False,206.73251059606312,2.708300931805476,False,False
1114.23,14665,t14665,120,75.0,87,0,2,0.6280079673963955,True,8.63336970336376,1.3048515799956115,True,False
1114.28,14667,t14667,300,250.0,32,1,2,0.6452440886278182,False,73.06680690497839,3.114732697155731,False,False
1114.28,14668,t14668,300,250.0,74,3,5,0.6466246336478262,False,82.13462949080066,3.2992899522052874,False,False
1114.35,14669,t14669,170,700.0,54,10,6,0.6352172830613912,False,121.08814847039116,1.7511461457027033,False,False
1114.56,14671,t14671,220,150.0,44,7,6,0.6278917430450869,True,29.59783188615369,2.221039457159129,True,False
1114.57,14672,t14672,270,200.0,20,10,6,0.6317696040668301,False,57.83154745576322,2.833727172042446,False,False
1114.59,14673,t14673,120,75.0,92,4,2,0.6374497392574163,True,10.24440434684968,1.2697046453019454,True,False
1114.7,14674,t14674,270,200.0,72,0,4,0.618193583243247,True,61.46722421716656,2.5600181254864434,True,False
1115.11,14675,t14675,120,75.0,59,9,6,0.6408095900585306,True,9.162277297160603,1.222643410959183,True,False
1115.15,14677,t14677,80,50.0,54,3,5,0.6431003227930515,True,3.2787797427232954,0.8263477589079223,True,False
1115.2,14678,t14678,220,700.0,89,0,1,0.6391058570795828,False,145.73777324999617,2.052167599272563,False,False
1115.26,14679,t14679,220,150.0,27,5,8,0.6752152524428214,False,31.59932922866351,2.272326641829533,False,False
1115.27,14681,t14681,170,500.0,64,0,2,0.6310299898666495,False,96.01042057088269,1.8580013598104164,False,False
1115.27,14680,t14680,300,250.0,57,0,1,0.6357319217561729,False,82.98938324740885,2.947416509108492,False,False
1115.31,14682,t14682,300,1200.0,37,5,1,0.6141809836514032,False,314.5998597688437,2.8083985397366806,False,False
1115.38,14683,t14683,300,250.0,43,5,8,0.6711191292121469,False,85.55689555032801,2.7895306270482485,False,False
1115.49,14685,t14685,80,50.0,89,0,4,0.6212603782450488,True,3.2220634340894643,0.8511201470270765,True,False
1115.51,14686,t14686,220,150.0,21,10,2,0.6404781137696551,False,36.87975835428395,2.2221826422667044,False,False
1115.7,14687,t14687,220,150.0,28,9,10,0.6460539553084459,False,36.85300463206109,2.2379382093156113,False,False
1115.74,14688,t14688,120,75.0,80,10,8,0.6548275034983416,True,7.490990960513948,1.1706846868003333,True,False
1115.74,14689,t14689,220,150.0,74,8,10,0.6526981731430416,True,26.40370716619771,2.296715811853146,True,False
1116.05,14690,t14690,300,250.0,87,0,4,0.6242658373468145,False,89.54131686726362,3.013082921031216,False,False
1116.15,14691,t14691,270,1000.0,86,0,1,0.6324254651392313,False,269.86760031071725,2.506710715529613,False,False
1116.25,14692,t14692,270,200.0,48,6,10,0.6389058376758082,False,54.74488484897774,2.7775360157617768,False,False
1116.5,14693,t14693,220,150.0,75,5,4,0.6135812654776793,True,34.12243004557199,2.1200161901170818,True,False
1116.55,14694,t14694,270,900.0,56,9,8,0.6279678531364964,False,224.08077061690395,2.567409316528845,False,False
1116.66,14695,t14695,270,200.0,32,3,4,0.6474367306583383,False,51.561210136704894,2.432672057798396,False,False
1116.76,14696,t14696,120,75.0,38,10,2,0.6367970130327234,True,7.636211105297938,1.2186204745637863,True,False
1117.01,14698,t14698,170,100.0,82,8,5,0.6327263630308095,True,16.617333919653547,1.6781330640631555,True,False
1117.04,14699,t14699,300,250.0,59,4,2,0.6402829262904498,False,65.88510978312561,3.0136845043089586,False,False
1117.07,14700,t14700,270,200.0,43,9,6,0.6435755800755418,False,53.767180564364274,2.729066260808929,False,False
1117.25,14701,t14701,300,1200.0,90,9,10,0.6425410580204588,False,337.20612176502243,2.970289051027489,False,False
1117.46,14702,t14702,80,50.0,89,2,4,0.6326938059719207,True,4.40973651428943,0.8366456576145819,True,False
1117.47,14703,t14703,220,150.0,56,8,2,0.6266766632781587,True,39.50032006508869,2.239939689490161,True,False
1117.51,14704,t14704,300,250.0,34,3,4,0.6438961778633533,False,85.70076717231834,2.7065204195686094,False,False
1117.55,14706,t14706,120,75.0,60,7,10,0.6418636461820958,True,8.781601234578325,1.1449508955098977,True,False
1117.56,14707,t14707,220,150.0,43,2,5,0.6304905372776818,True,37.14136480136008,2.393942109467855,True,False
1117.9,14708,t14708,270,900.0,22,6,1,0.6148755659726113,False,229.47676998601992,2.9312789326151862,False,False
1118.22,14709,t14709,220,150.0,28,9,10,0.6390984186782315,False,28.45000955627602,2.4111282197319257,False,False
1118.22,14710,t14710,220,150.0,51,0,4,0.6210371872665449,True,38.76137651726507,2.1236282297688436,True,False
1118.26,14711,t14711,220,150.0,34,3,5,0.6458204981553722,True,29.6185864785003,2.1346902798543996,True,False
1118.33,14712,t14712,220,150.0,66,10,2,0.6393635343105306,True,35.164701188925584,2.384419838026194,True,False
1118.41,14713,t14713,220,900.0,77,6,1,0.6118347213198257,False,212.34231314379542,2.1961950788389135,False,False
1118.5,14715,t14715,170,100.0,45,7,10,0.6446085550766357,True,13.922274399559447,1.5767529558950883,True,False
1118.54,14716,t14716,120,75.0,57,2,4,0.6356221116706641,True,8.284542770197083,1.10896991231507,True,False
1118.64,14718,t14718,220,700.0,61,9,8,0.6248166778919483,False,180.81330651497078,2.2601268818682465,False,False
1118.81,14719,t14719,300,250.0,63,2,4,0.6384918512554326,False,64.05464725655312,3.01185649948002,False,False
1118.87,14720,t14720,270,200.0,92,6,10,0.6353843875889587,True,63.64637914926229,2.7327993013277494,True,False
1118.92,14721,t14721,300,250.0,58,1,5,0.6549377425571766,False,72.45475607585023,2.7553991780313627,False,False
1118.98,14722,t14722,270,200.0,78,7,6,0.6309160900023669,True,52.56441014795425,2.8520855737249105,True,False
1119.04,14723,t14723,270,900.0,54,5,6,0.6341014779713473,False,289.5384014234763,2.698675755144609,False,False
1119.13,14724,t14724,300,1000.0,74,1,2,0.6417473886734437,False,320.3172965427028,2.821988661260323,False,False
1119.17,14725,t14725,270,200.0,55,8,2,0.6295737966792622,False,61.463769657883965,2.8067128755681576,False,False
1119.21,14726,t14726,80,50.0,71,8,10,0.6552263914983625,True,3.219615772065647,0.7735285833110673,True,False
1119.23,14727,t14727,270,200.0,45,10,2,0.6418787251627815,False,54.355736721225874,2.6697997123580848,False,False
1119.4,14728,t14728,80,50.0,92,7,5,0.632252193134634,True,3.9772785109285222,0.8333843326329687,True,False
1119.42,14729,t14729,120,75.0,61,9,6,0.6401122502922129,True,7.892324167581207,1.197254596226898,True,False
1119.49,14730,t14730,220,150.0,55,3,5,0.6484862700104467,True,27.879724902801907,2.0497085911184003,True,False
1119.5,14731,t14731,220,700.0,40,8,10,0.6577040454865771,False,151.44922183728355,2.1297894950345606,False,False
1119.54,14732,t14732,300,1000.0,81,4,2,0.6368854495828226,False,298.5321870492138,3.1021749625282435,False,False
1119.69,14733,t14733,170,100.0,77,4,6,0.6509992238682225,True,16.494271685093796,1.819433673753763,True,False
1119.91,14736,t14736,300,250.0,53,10,6,0.6283908786521601,False,80.86787485402506,3.2168639715734093,False,False
1120.13,14738,t14738,170,100.0,73,2,4,0.6351301960485057,True,17.84606096018875,1.6354593607331358,True,False
1120.16,14739,t14739,170,100.0,63,5,8,0.6671049284460857,True,14.69818840639362,1.767359732212311,True,False
1120.2,14740,t14740,300,250.0,71,1,5,0.6510956543726997,False,76.56121860079064,2.9835531625514635,False,False
1120.22,14741,t14741,220,150.0,32,9,8,0.621728526152291,True,28.60944474127854,2.184718469556528,True,False
1120.33,14742,t14742,300,1000.0,76,0,4,0.6240471101878806,False,332.85908695163346,2.8142433035774745,False,False
1120.34,14743,t14743,170,100.0,95,0,1,0.6291851376546285,True,17.157255539255477,1.8622963907974859,True,False
1120.37,14744,t14744,300,250.0,24,10,2,0.6381696121979874,False,72.89685694375957,2.8866467202315333,False,False
1120.39,14745,t14745,220,150.0,52,4,8,0.6529668864644756,True,37.79511949663652,2.0582872016363494,True,False
1120.47,14747,t14747,300,250.0,72,9,8,0.6248761374474271,True,63.082072193573524,3.050658637252372,True,False
1120.62,14749,t14749,220,150.0,38,3,5,0.6510987264284195,True,32.615524072449084,2.2766651716374335,True,False
1120.68,14750,t14750,270,200.0,69,7,5,0.6351893310901231,True,45.545463943086375,2.4628795232619534,True,False
1120.71,14751,t14751,270,200.0,50,10,2,0.6345346814924893,False,62.055860147574585,2.9688812051228664,False,False
1120.9,14752,t14752,270,200.0,57,4,8,0.6553382154018529,True,54.05359360955223,2.658507285360176,True,False
1120.93,14753,t14753,80,50.0,23,4,6,0.6535614212090399,False,4.5483846871847975,0.8373953662339879,True,False
1121.02,14755,t14755,220,700.0,72,4,2,0.633555922409348,False,141.17239403609935,2.0703362375680974,False,False
1121.08,14756,t14756,300,250.0,92,3,4,0.6404264361242681,True,63.29971701166551,2.734295344982508,True,False
1121.42,14757,t14757,220,900.0,50,8,2,0.6262389874123436,False,165.36335653185304,2.2893960307054915,False,False
1121.7,14758,t14758,170,100.0,54,4,6,0.649898374603041,True,14.334046548125334,1.595992155030937,True,False
1121.71,14759,t14759,120,75.0,89,10,2,0.6309724494011009,True,9.43059407406253,1.169380318984854,True,False
1121.77,14760,t14760,270,1000.0,67,1,8,0.6262857662082015,False,216.81502934256756,2.734176177280189,False,False
1121.85,14761,t14761,220,150.0,93,10,8,0.6573131352465565,True,31.997717898305076,2.3575083923313773,True,False
1121.92,14762,t14762,220,150.0,31,2,5,0.6334629083503099,False,37.52472598906306,2.2252653723575326,False,False
1122.0,14763,t14763,220,150.0,63,2,6,0.6140073407083996,True,37.095081989596316,2.389742775627939,True,False
1122.02,14764,t14764,220,150.0,78,10,8,0.6597490543598072,True,37.74384209608979,2.361652743784391,True,False
1122.1,14766,t14766,170,500.0,79,7,6,0.6338799500205013,False,94.18412896230774,1.8162216550054608,False,False
1122.3,14767,t14767,80,50.0,70,4,6,0.652482588929162,True,4.433375838718593,0.7560867305006109,True,False
1122.33,14768,t14768,270,1000.0,27,1,2,0.6383206227181567,False,298.05971627283515,2.7587808624222316,False,False
1122.37,14769,t14769,300,250.0,50,3,6,0.6287979459384664,False,65.24433123269624,3.031394958813251,False,False
1122.41,14770,t14770,220,150.0,28,3,5,0.653658933718033,False,37.182252556280744,2.2098187339432678,False,False
1122.49,14771,t14771,270,200.0,42,10,2,0.6336554619515404,False,56.3194288655154,2.6737567689655823,False,False
1122.55,14772,t14772,300,250.0,75,7,6,0.6306105328382732,True,61.33509394579953,2.765690566728656,True,False
1122.57,14773,t14773,300,1000.0,86,2,5,0.6302018320014856,False,277.87439662787045,3.2986902921336414,False,False
1122.74,14775,t14775,270,200.0,41,0,1,0.6321836167197177,False,48.63759990755232,2.546162648275744,False,False
1122.86,14777,t14777,170,700.0,22,9,6,0.6428921871045504,False,105.68119695039613,1.6640539082972934,False,False
1122.91,14778,t14778,300,250.0,34,0,4,0.6208228346507897,False,74.3312559997168,3.073248242900769,False,False
1123.05,14781,t14781,220,150.0,23,5,4,0.6168918219863075,False,35.61676917593787,2.003755885773346,False,False
1123.08,14782,t14782,270,200.0,90,9,6,0.6394425251806412,False,55.12310869058096,2.540348619259011,True,False
1123.11,14783,t14783,300,250.0,75,4,2,0.6302929857793428,True,65.06446293799803,2.7487675417959694,True,False
1123.16,14784,t14784,300,1200.0,88,2,6,0.6171578605608983,False,415.6921024153631,2.8276698689532225,False,False
1123.22,14785,t14785,300,250.0,56,3,5,0.649993936861854,False,79.76854394039619,2.9045051858179116,False,False
1123.57,14787,t14787,300,250.0,39,5,6,0.6308276302301022,False,68.9965852210243,2.8435931053212395,False,False
1123.66,14788,t14788,120,75.0,91,6,8,0.6417231689382187,True,10.068408383010814,1.1700589937552688,True,False
1123.94,14789,t14789,220,150.0,20,7,6,0.6335805039996896,False,27.060070653998167,2.2269844216193624,False,False
1123.97,14790,t14790,270,200.0,27,6,8,0.6444708873776362,False,50.868550542027435,2.6405247160547787,False,False
1123.97,14791,t14791,270,1000.0,34,3,4,0.6432000892199645,False,227.5806170957567,2.6847491047771443,False,False
1123.98,14792,t14792,120,75.0,79,4,6,0.6550151189687605,True,9.998699394637246,1.1563285990283039,True,False
1124.07,14793,t14793,270,200.0,30,2,6,0.6140713700163469,False,62.42058691378984,2.8665385547049693,False,False
1124.17,14795,t14795,170,100.0,92,5,6,0.627619259443682,True,18.080620532656965,1.799978313689133,True,False
1124.3,14797,t14797,80,50.0,20,5,6,0.6306490560729902,True,3.8099923864740446,0.8753128867082123,True,False
1124.32,14798,t14798,170,500.0,81,10,2,0.630110814250971,False,86.45273048325615,1.8570805920103945,False,False
1124.54,14800,t14800,270,900.0,53,8,10,0.6539581463950274,False,246.93627856331284,2.688446331446813,False,False
1124.56,14801,t14801,220,700.0,55,8,5,0.6356540175883751,False,154.15195289655753,2.4119855955307057,False,False
1124.81,14802,t14802,300,1200.0,51,8,2,0.6229708743307635,False,320.8969931720991,2.7380837033264998,False,False
1124.94,14803,t14803,270,900.0,70,10,6,0.6250797277457837,False,267.8250752515243,2.953631362425171,False,False
1125.0,14804,t14804,300,1000.0,24,0,1,0.6289481262035052,False,322.1888291707916,3.1117440158797187,False,False
1125.07,14805,t14805,300,250.0,80,7,6,0.6303170757378775,False,88.79084006586328,3.0157352198432203,False,False
1125.09,14806,t14806,170,700.0,29,8,5,0.6323491190547894,False,117.63683614963787,1.6984143564202487,False,False
1125.11,14807,t14807,300,250.0,34,5,6,0.6336182567697122,False,70.03098646758484,2.8169176691022573,False,False
1125.18,14808,t14808,170,100.0,45,3,5,0.6464022399427988,True,13.812836506819016,1.6439200672912502,True,False
1125.23,14809,t14809,270,200.0,71,10,6,0.6218347998575346,True,44.23071824917468,2.7868191189830496,True,False
1125.27,14810,t14810,170,100.0,76,2,5,0.6270059771796377,True,15.266874514943819,1.7233875149039128,True,False
1125.5,14811,t14811,170,700.0,73,7,6,0.6271189160413019,False,111.21587811802924,1.8520093408136644,False,False
1125.52,14812,t14812,220,900.0,31,1,8,0.6228885124224992,False,205.26219407542806,2.0069800343691275,False,False
1125.57,14813,t14813,120,75.0,31,5,4,0.6139621673647632,True,8.749174417357423,1.1994280049945045,True,False
1125.73,14814,t14814,120,75.0,43,6,1,0.6088546935600959,True,9.694325696493927,1.213727542208107,True,False
1125.77,14815,t14815,120,75.0,71,1,5,0.6473304079519123,True,9.456140247551025,1.1383721627432446,True,False
1126.05,14816,t14816,270,200.0,79,0,1,0.6257773454976169,True,54.87787542858938,2.7213214540737956,True,False
1126.22,14817,t14817,300,250.0,51,3,5,0.6490563769621246,False,71.03336703961476,2.915739760989172,False,False
1126.26,14818,t14818,300,250.0,95,2,1,0.6134649509387508,True,88.37289609787544,2.992119615384926,True,False
1126.31,14819,t14819,80,50.0,56,1,8,0.6195592037125106,True,4.567421009399866,0.8705277198570216,True,False
1126.45,14821,t14821,270,1000.0,85,9,6,0.6360618564952102,False,220.51436723848286,2.69308522043649,False,False
1126.58,14822,t14822,220,150.0,60,1,5,0.6498144664595408,True,34.2649298157479,2.4009837488414707,True,False
1126.65,14823,t14823,80,50.0,92,8,5,0.6291103184918755,True,3.875107440100088,0.7994624070759331,True,False
1126.91,14825,t14825,220,700.0,25,2,4,0.6380097739457175,False,128.37136403808643,1.9991280785074943,False,False
1126.98,14826,t14826,300,1000.0,92,8,5,0.6321102939402198,False,314.0164172291061,3.188757249482063,False,False
1127.0,14827,t14827,270,900.0,74,2,5,0.6300480394542268,False,226.99922363727705,2.785637891194027,False,False
1127.05,14828,t14828,300,1200.0,46,8,5,0.6288762698795972,False,295.53821662612313,3.00490823889057,False,False
1127.09,14829,t14829,220,150.0,91,10,6,0.6248287705270507,True,31.176647065243678,2.362718974705734,True,False
1127.21,14831,t14831,120,75.0,69,8,5,0.6257069263001871,True,8.256022851192462,1.3114087738686921,True,False
1127.21,14830,t14830,220,150.0,45,0,2,0.6278175718874983,True,28.729196389036623,2.361979770964203,True,False
1127.24,14832,t14832,220,150.0,24,6,8,0.6409896514482653,False,36.00857469257192,2.411953071852324,False,False
1127.28,14834,t14834,170,100.0,40,10,6,0.6277628617831763,True,15.302800099843779,1.585992559496566,True,False
1127.29,14835,t14835,170,700.0,69,10,6,0.6306382712141795,False,122.8145656912273,1.8109878175744945,False,False
1127.3,14837,t14837,300,250.0,49,10,2,0.6266370595044133,False,65.64991400877621,2.878702886912649,False,False
1127.33,14838,t14838,170,100.0,50,2,5,0.6268552604833241,True,14.023164589318712,1.7561463905764645,True,False
1127.37,14839,t14839,220,700.0,75,0,4,0.6176630446244405,False,125.08304071226038,2.0788698523791647,False,False
1127.38,14840,t14840,300,250.0,41,10,2,0.6232327798527866,False,72.20396324156204,2.8911979051066092,False,False
1127.69,14843,t14843,170,700.0,31,5,6,0.6303540734524997,False,114.8090638705953,1.8213942008197586,False,False
1127.71,14844,t14844,80,50.0,94,7,5,0.6380677262865025,True,3.5629482891603654,0.780701832116145,True,False
1127.75,14845,t14845,270,200.0,86,6,10,0.6381073665038461,True,62.64790147404169,2.650176973546091,True,False
1127.89,14847,t14847,270,200.0,46,1,5,0.6522488437970166,False,57.782968513687884,2.586068014849029,False,False
1128.07,14848,t14848,170,100.0,88,10,2,0.6198965857941923,True,18.993581209940974,1.6249391577102321,True,False
1128.5,14849,t14849,300,250.0,90,10,6,0.6272821724565625,True,83.17430866437027,2.9846959269593265,True,False
1128.52,14850,t14850,170,500.0,69,3,4,0.639744269253747,False,90.86795858698156,1.7719536839862033,False,False
1128.61,14851,t14851,170,100.0,26,6,8,0.6375780402374819,True,15.25447099627227,1.5661360356872114,True,False
1128.68,14853,t14853,170,700.0,77,10,8,0.6621362550907929,False,95.8641832612705,1.7064210993631892,False,False
1128.68,14852,t14852,270,200.0,30,2,1,0.6167778337381575,False,46.09379129473902,2.528612549489204,False,False
1128.72,14854,t14854,300,250.0,78,8,10,0.6502871652853086,True,69.92029022638816,2.7377881260762877,True,False
1128.85,14855,t14855,170,100.0,90,9,10,0.6357246321228486,True,19.853800146295395,1.7461710857456205,True,False
1129.23,14857,t14857,270,1000.0,83,2,4,0.6346577602849849,False,227.05074502364047,2.7292342500916322,False,False
1129.25,14858,t14858,270,200.0,57,2,5,0.6299003370918393,True,51.36031969519829,2.7321534587569873,True,False
1129.44,14860,t14860,300,250.0,95,7,10,0.6472985657932847,True,72.62347248223183,2.9082995096253703,True,False
1129.5,14862,t14862,220,150.0,75,8,10,0.6528636037977843,True,29.40676124647276,2.168323830334608,True,False
1129.5,14861,t14861,300,250.0,71,2,1,0.6138504588815762,True,64.17790709707991,2.7283559416757432,True,False
1129.54,14863,t14863,270,900.0,79,10,8,0.6583017118071589,False,259.1440735958179,2.500561882616168,False,False
1129.59,14864,t14864,80,50.0,85,1,8,0.6224704811767221,False,3.9707692919238147,0.8485816712975585,True,False
1129.64,14865,t14865,270,200.0,54,2,1,0.6171556315221265,False,60.57822118528384,2.5636066949162823,False,False
1129.75,14866,t14866,220,150.0,21,9,10,0.6385923212985735,False,29.67577134179334,2.2447389258277477,False,False
1129.92,14867,t14867,270,200.0,67,8,10,0.6553885135400104,True,44.57841346905928,2.788665462024531,True,False
1129.97,14868,t14868,300,1000.0,99,7,6,0.6239847195386575,False,327.30185593568945,2.9215768595716907,False,False
1129.98,14869,t14869,170,500.0,84,3,4,0.636357565686854,False,89.29877672090211,1.6614359230140878,False,False
1130.02,14871,t14871,170,700.0,89,10,8,0.6545438593891976,False,140.95178697489365,1.5656410986681337,False,False
1130.21,14872,t14872,300,250.0,69,4,6,0.657496998407567,False,74.12708597285337,3.2857213732362736,False,False
1130.27,14873,t14873,300,1000.0,56,3,5,0.645483431241064,False,300.96884822680886,2.9090291717288608,False,False
1130.35,14874,t14874,120,75.0,28,6,10,0.6407758858404359,True,8.765159650839363,1.1760734539884963,True,False
1130.4,14875,t14875,220,900.0,89,3,4,0.6330385961912987,False,220.90413947481875,2.4179203655995445,False,False
1130.52,14876,t14876,220,900.0,55,3,6,0.6256301688378788,False,182.98961840077516,2.030075903918725,False,False
1130.62,14877,t14877,170,100.0,93,5,6,0.6271551738016315,True,16.01450518540272,1.6900791723694761,True,False
1130.7,14879,t14879,120,75.0,56,0,2,0.6308434022679301,True,9.971198898231014,1.256332039155897,True,False
1130.73,14880,t14880,220,150.0,41,2,5,0.6328845121681844,True,38.35906343278498,2.138270689340828,True,False
1130.85,14881,t14881,80,50.0,92,7,10,0.6499347762956009,True,3.345734901670702,0.7886067607806325,True,False
1130.92,14882,t14882,270,200.0,59,10,8,0.6508611640195954,True,56.38707840786623,2.786191810402258,True,False
1130.95,14883,t14883,300,250.0,53,6,8,0.640408661250914,False,69.4533610473424,2.966082060363628,False,False
1130.97,14884,t14884,270,900.0,45,4,6,0.6537552402575976,False,247.93894519855607,2.556959094147667,False,False
1130.99,14885,t14885,300,250.0,32,8,2,0.6197681235108149,False,86.84681120845781,2.790984398715482,False,False
1131.04,14886,t14886,170,100.0,63,2,5,0.6358090037430025,True,15.193702635769235,1.7773972172554915,True,False
1131.06,14887,t14887,220,150.0,81,3,4,0.6297860060856545,False,33.667426016427555,1.9907536409137996,True,False
1131.1,14888,t14888,220,150.0,56,10,8,0.6534261225573853,True,37.79312346810641,2.415273563058565,True,False
1131.15,14889,t14889,220,150.0,99,4,2,0.6332693078819378,True,36.885520057626096,2.351708882228217,True,False
1131.21,14890,t14890,80,50.0,66,5,6,0.6301942521437808,True,3.269491316078481,0.8156871564148962,True,False
1131.47,14891,t14891,170,700.0,65,4,2,0.6361861035424808,False,103.04664511456696,1.6051023275585885,False,False
1131.58,14892,t14892,220,900.0,46,2,1,0.6142207007098658,False,209.38755066779623,2.277422838985591,False,False
1131.63,14893,t14893,220,700.0,69,6,10,0.6433910347902939,False,176.36517013075127,2.28167988115378,False,False
1131.69,14894,t14894,220,150.0,49,4,6,0.6500883172706274,True,34.569441812499434,2.1177885110348145,True,False
1132.05,14896,t14896,80,50.0,54,10,2,0.6228011156167701,True,3.4984154371108107,0.79684136810567,True,False
1132.06,14897,t14897,220,700.0,50,6,1,0.6121082663555606,False,157.16514621292956,2.345408106121223,False,False
1132.06,14898,t14898,270,200.0,49,8,1,0.6177460907460341,False,61.33030071952198,2.707313741401332,False,False
1132.14,14899,t14899,220,900.0,77,8,5,0.6287749695923651,False,188.15233458606446,2.34164194742303,False,False
1132.14,14900,t14900,300,250.0,94,10,6,0.630167195674098,True,60.53374849955151,3.2115176031600177,True,False
1132.23,14901,t14901,170,500.0,54,3,4,0.6265984677821232,False,92.05342105083555,1.777685824225168,False,False
1132.28,14903,t14903,170,100.0,60,1,2,0.6349623920819754,True,18.774514293391842,1.6963873923708863,True,False
1132.35,14904,t14904,170,100.0,94,5,6,0.633172548919087,True,19.25783337106848,1.566827709346992,True,False
1132.42,14905,t14905,170,100.0,45,10,2,0.6256475548428961,True,19.051562000040363,1.807330533654264,True,False
1132.49,14906,t14906,220,700.0,42,10,8,0.6559397819244194,False,150.79021073378937,2.102796773556454,False,False
1132.62,14907,t14907,170,700.0,37,3,4,0.6234746802446626,False,98.99519668703157,1.6619308118219978,False,False
1132.89,14908,t14908,170,100.0,88,9,6,0.6327488011834878,False,16.750258327503445,1.8420574987851825,True,False
1133.13,14910,t14910,80,50.0,84,4,2,0.6328705632898131,True,3.3480299288084483,0.7924464969906145,True,False
1133.26,14911,t14911,300,1000.0,32,2,5,0.6386750054863243,False,355.4794519061125,3.116463771265382,False,False
1133.34,14913,t14913,80,50.0,51,8,10,0.6578629250873921,True,3.720705229716296,0.824339200307422,True,False
1133.38,14915,t14915,270,200.0,49,0,10,0.6147495970282999,True,46.047334259266556,2.918384710372785,True,False
1133.4,14916,t14916,80,50.0,27,10,6,0.6329945184272826,True,4.746509566073821,0.7994877091692468,True,False
1133.41,14917,t14917,220,150.0,33,0,1,0.6288439804058464,True,32.82979453344587,2.3384319377690184,True,False
1133.43,14918,t14918,170,100.0,40,9,8,0.6279607965166604,True,17.384235855613785,1.6990543334407149,True,False
1133.45,14919,t14919,300,250.0,73,7,10,0.6525182625878707,True,60.75977770460364,3.0125334056273863,True,False
1133.61,14921,t14921,120,75.0,39,10,2,0.6284370652844997,True,10.426415278254689,1.1137604862583144,True,False
1133.73,14922,t14922,270,200.0,44,10,2,0.6311707855172712,False,56.569551596341796,2.942486131327506,False,False
1133.82,14923,t14923,300,1200.0,63,3,1,0.62124963934297,False,397.6179629587018,3.25694022040025,False,False
1133.87,14924,t14924,300,250.0,44,9,6,0.6295020069779999,False,62.06294319643929,3.156982381358362,False,False
1133.88,14925,t14925,300,250.0,81,3,5,0.6419819444344245,True,67.49165239663856,2.993669123266937,True,False
1133.89,14926,t14926,270,900.0,50,2,1,0.6113444685138504,False,212.47560903712582,2.8891116406011372,False,False
1134.02,14927,t14927,120,75.0,56,3,5,0.6447244873639179,True,9.120675509822687,1.21850293119614,True,False
1134.11,14930,t14930,220,150.0,40,0,10,0.6176471765163054,True,38.773121688878426,2.397367437430895,True,False
1134.44,14933,t14933,270,200.0,37,5,8,0.6693450116953458,False,55.77112661847076,2.6989613879258445,False,False
1134.45,14934,t14934,120,75.0,40,6,1,0.6091227676951161,True,7.291282148216154,1.1516277472552954,True,False
1134.48,14935,t14935,220,700.0,47,9,10,0.6352286566907839,False,156.82078400663124,2.330114013916296,False,False
1134.61,14937,t14937,270,1000.0,27,2,4,0.6313727868974671,False,276.0821185763212,2.9476722811592984,False,False
1134.7,14938,t14938,220,150.0,67,8,10,0.660287848403826,True,35.30883206480142,2.065605682570078,True,False
1134.76,14939,t14939,270,200.0,24,6,10,0.6397798807611547,False,62.066442553947866,2.840861775150123,False,False
1134.83,14940,t14940,220,150.0,42,9,6,0.6263201486566217,True,37.30971057426534,2.2834033864491277,True,False
1134.84,14941,t14941,80,50.0,68,5,4,0.6172651058356498,True,3.6909180062912976,0.7345495552434612,True,False
1134.86,14942,t14942,270,200.0,61,7,5,0.6408885535789542,True,55.47051224996611,2.8792807220829273,True,False
1135.11,14943,t14943,170,100.0,40,3,5,0.6474121794348213,True,15.271563535271136,1.8282531688951402,True,False
1135.33,14944,t14944,300,1200.0,66,0,10,0.6204868044145506,False,367.13679421734196,2.7407595446631197,False,False
1135.51,14945,t14945,220,150.0,85,5,8,0.6653662932796207,True,30.366763480362525,2.348924259932944,True,False
1135.54,14946,t14946,120,75.0,80,2,4,0.6281535129776995,True,8.676811809748553,1.1904835967731997,True,False
1135.56,14947,t14947,270,200.0,25,6,10,0.6362409498125982,False,51.07172030690818,2.5449719922203644,False,False
1135.61,14948,t14948,220,700.0,39,6,8,0.6370086698440776,False,176.62339906079134,2.26101551272865,False,False
1135.7,14949,t14949,170,500.0,46,5,8,0.6676411492322102,False,100.68827392136787,1.7133409496066512,False,False
1135.81,14950,t14950,80,50.0,24,7,5,0.643652964325557,False,3.813096322192687,0.7746284624908794,True,False
1135.88,14951,t14951,270,200.0,48,1,5,0.648460533587743,False,53.536236362999944,2.7758736905068213,False,False
1135.98,14952,t14952,300,1000.0,20,7,10,0.6550500791542951,False,300.07018970120237,3.213630277307587,False,False
1136.18,14953,t14953,300,250.0,56,0,1,0.6318492826159113,False,88.99893681917325,3.120112343430616,False,False
1136.27,14954,t14954,270,200.0,42,7,10,0.6513572593893909,False,63.06105585861995,2.788904930335809,False,False
1136.28,14955,t14955,270,200.0,51,5,8,0.6636965080657478,True,43.24393520161736,2.509661173192695,True,False
1136.39,14957,t14957,300,250.0,66,3,10,0.6204696262451179,True,64.03355623690594,3.2441993433578658,True,False
1136.58,14958,t14958,270,200.0,77,10,8,0.6522291681041128,True,55.282872171111556,2.5226492379787437,True,False
1136.65,14959,t14959,170,100.0,82,0,10,0.6170956397548311,True,18.858648467496355,1.832215409361565,True,False
1136.72,14960,t14960,220,150.0,87,6,8,0.6336766782653779,True,26.527483575227706,1.9986372604234834,True,False
1136.74,14961,t14961,120,75.0,35,0,10,0.619946298388306,True,9.472113763997957,1.2322518083185752,True,False
1136.77,14962,t14962,300,250.0,23,9,6,0.629375927501671,False,61.744855095374085,3.2942091698628486,False,False
1136.85,14963,t14963,300,250.0,24,10,2,0.6276758313453874,False,61.108295612870485,2.722141916498955,False,False
1137.11,14966,t14966,80,50.0,87,8,5,0.6256076520186996,True,3.428223314438879,0.8127068894027941,True,False
1137.22,14968,t14968,80,50.0,97,2,4,0.6311726245363274,True,4.462108361202143,0.8085127068908368,True,False
1137.23,14969,t14969,80,50.0,82,10,2,0.6242507762569411,True,4.503468575595037,0.8710671748494332,True,False
1137.27,14970,t14970,220,150.0,76,4,6,0.6526687327433968,True,35.45998517734851,2.1938028355048744,True,False
1137.72,14973,t14973,120,75.0,75,10,6,0.6357652947254037,True,8.70562632804192,1.0951140332351177,True,False
1137.74,14974,t14974,220,900.0,35,10,2,0.6270682222702639,False,179.1374691179129,2.124402657721483,False,False
1137.94,14975,t14975,270,200.0,85,1,5,0.6447479895826548,True,49.04767904035495,2.672602065031583,True,False
1138.2,14978,t14978,170,100.0,72,7,5,0.6401880868572277,True,18.766799398262176,1.7172995829351276,True,False
1138.3,14979,t14979,170,100.0,47,1,8,0.619149533091649,True,18.3718449652945,1.6330327160313551,True,False
1138.3,14980,t14980,80,50.0,33,6,8,0.6365853265182521,True,3.436947994859255,0.7322890509443327,True,False
1138.39,14981,t14981,300,250.0,23,3,6,0.622525747279303,False,86.218138742988,2.9641345954575984,False,False
1138.46,14982,t14982,270,200.0,29,8,10,0.6626642732539313,False,45.023447681218656,2.5787304009501515,False,False
1138.53,14984,t14984,270,900.0,73,10,6,0.6384806554975623,False,211.0040297794052,2.651075650050418,False,False
1138.57,14985,t14985,120,75.0,84,5,4,0.6205019855371185,True,8.479866307507061,1.1529789550843386,True,False
1138.85,14986,t14986,220,150.0,57,7,6,0.6209132069660662,True,37.40076251868405,2.010525497549697,True,False
1138.89,14987,t14987,120,75.0,32,1,8,0.6220690039682777,True,9.522208093267736,1.257154362688855,True,False
1139.0,14988,t14988,220,150.0,39,6,1,0.6123709790078804,True,29.969314465281283,2.4037063142510497,True,False
1139.04,14990,t14990,270,900.0,22,3,4,0.6204133684579511,False,290.94514004232764,2.758758207806394,False,False
1139.04,14989,t14989,220,150.0,97,10,6,0.6349677090542777,True,31.321251410848973,2.1236804838016723,True,False
1139.17,14991,t14991,80,50.0,60,0,10,0.6227399438491112,True,3.9919391787561067,0.7345847196370469,True,False
1139.19,14992,t14992,80,50.0,90,6,8,0.6394358018060688,True,3.470135051454196,0.7356080798886108,True,False
1139.29,14993,t14993,120,75.0,96,9,10,0.6319322653751499,True,9.668682310645623,1.2149835980467536,True,False
1139.53,14994,t14994,170,100.0,37,2,5,0.6353096871947796,True,17.85647962983941,1.6480801177300306,True,False
1139.55,14995,t14995,270,900.0,37,4,8,0.6576621177604824,False,237.93867231755127,2.4714638107924407,False,False
1139.65,14996,t14996,170,100.0,61,3,6,0.6194834141518988,True,15.735599749356224,1.7478384418348574,True,False
1139.69,14998,t14998,120,75.0,71,1,8,0.6249300854273736,True,8.996861103103049,1.302019363564722,True,False
1139.76,14999,t14999,170,700.0,47,10,8,0.6547667665602124,False,134.5719025623135,1.5574791998113549,False,False
